$ANSIBLE_VAULT;1.1;AES256
35373931386532353932316136646235646365373564356639396531303462623934633630663333
6430663339306434353364613030386663303334376132320a353132303065623165336331656633
38373464623866656265346239643037376364356230623233643363393631653438396365623861
6437643764366566350a626330653034643462313162376435656237623233653462353639386330
31653761353836343133376663343565656137653531363964616262623664363265353463303262
62306366303239346437313430636333343963333234346161373365623130336531396563343130
30663536626462393566323266636664356333316437333961326161346462643437663136373732
66303533333466363365323539336439346233303332656161313664346539356530356661313933
62373964313139313933666331616535376232393865613231666538396631353231663731306237
31636430323133316437326463326361393034653131653861396636356432396535633631613762
63323038313436613534363363396662393266633664306434383864386665346335343932333662
31646131356337613732333563383433383465656337363432383361393439333732633666616138
33653862363136326536633532366238626131343030656465633533343939303565386637626265
34306439356632363439623332356338366333393931313232383830353630363434393962366164
30316630323536613665613631356136326465313263376334393335303434323466346132396666
65356565333133356162373633383363626565333663333932363965373332363566633239363565
62363737363638313234666235646534626539626234633163643264613730653265633361323732
39623432363830376437393639326165336532633932633161613831623732613063653239363132
63316631393864656635643238343538336231356562653362333461616334663235393165616463
38306165333166643334383634636537636439353736373563663564353035623665316562636439
33346432363138326430366562653061663134333561386138383630623865343331663963616366
38316564663638393631313530653439323862636230363135343334326562623033666266343733
39383639646534333938393132393330666437313337633633393232343631376130333436616331
34643536326261383739623736353261643131366234646336636261313035346131363061353666
30353533623165316363613139306466663336663834663339323430393066393339623763633731
63386363343833356238396466323636363465643664623966323466633930336535623733643434
31353536613339366330663664616265376463613263313461316530666531666161373362383238
66356632376562303131626636643630323938623862633731366438653861366532333730336134
36633466323665316632333436646430396565353837373738393133636634316262366666306636
39353237366662613766353863623066646238316230373362633031663331396135316666303231
38663732646565356634613762363463326439633037313765353236623533616439313339336531
39386131353237653934353935623265333538353532353137393762373133383433653961346432
39316266666666613734626264323036376637363236346535656362626661643030643161386461
35313766306130383239303966613965326133326264656538663063366663646264653364613031
36636538323330323365663661303738626138653139303362366265376134363036343130386561
66326464653261303933633666396637336266383339326239383761373730643034643162323237
38633363643235313735383839663732393837306335373830613361363933313234666464643932
38623035383661393239373964623866396563363261326431653661346136356130626433383265
37373537323064636665333831333965663634653062376434353231646266346234643733323634
63633437666534643664366432663935316635613333313933316634353364656232616131626433
31323364383563633062363136643335633266323061643035373233643439393232373634366239
37626362653464653063356236643939366362623632356436363061373466356130306564313237
65306462313963336639393666383036656332653434363461623938383137333630306532346435
63643965383963636263616435316634343537343065653532386234343033323832356434653566
35656561336162376533366138656566633332666635373030393533663634353030323265353731
66646238653133313466653665386137326661666261336638353937613930323264616339393266
34313562393030396538636462663062613065653565326662656564313937643939323338616362
39613061363530303036643361333737646338316334663730363462323337656662323334623535
35653666323462626663383436633032366431646465336531613161623535663463303534373766
30336336666534643136313565393864373137373665613965343063626164323339303533653364
31336666383163393233626463666234313562303438656435303061646363613637396331616230
39656366626134646165376639386464353634353861626236326564633365393937363434623435
36383537666664623737313036303237363138386239306665356464653535636431353839656364
64613337326365613039326234313530376637623436656661366436306137313233623033623365
65383461363837656332386666393633346538396237393938376535346162316462336636333937
62356466323736383961386237313830396539616133303134306237393536613736363061323465
64383733383961666633626461303430303761633432363430396165363735356239666532326661
39363361643764383331313763303130386530343632316339353734393263663030666233633937
36306162303062613333343638653031356433373366383039356131626637383634316338663433
33356332623336636636396630613236383334613334373433326363303731626238623165666335
66356532393565663165343033323761633030393632313238303038653064643530303735373836
39303963366466633136666162633862323734393632363539323930326131633961633439636134
37343932333066353036646533616536366138303462343963353234373030636439653032633732
62333133636365333665386233633761623161653934653466373561303234393365366539663563
38613038313635373135376536313535333639316361396263633735623031376535633630356464
31626335353533363636336663636138336230353333623861373431306161373439653933373432
65306339653238346265363535353261626635333765643264383839666634356431653135653462
39333937346132646631363464633738376136373834643631616335383034366331313339373638
64386432393732386439396262313734303465303935346337333132383131356462633535646364
34616432653262336361633666313933663266633036306364616335653662363338303030626564
37303666393465396262306332656461633962633033346665346330626464616365336530376163
30373530313639323862636366373462393161623963656332613238623961373138333863663164
30336539333666646539303437366362663532376530396466383734613939626161666364613636
31316465336238316365353461303162623035616164616137313731323336636261653466393636
37313235373136346234356431313961356535623032316132613734623534366135326332303463
32383537316164373634333063383063366233623836623834323932333234643639383661666137
63396231393535366537386166313561346235643362356566303437373230353934356465633535
38373364396535383730303436633830343138303237633133353938376439303366663466386432
62303230396361306135336565373337613864383431313361316338626436623430666462316238
62656530646266306133396331393633383736623532656166376537613932633531653763663138
39616663366630303264626466343138353033643638323166313735303861326438653032393466
33626464653633353039616165333036623164613530656336323961363334323032343261303430
32653531393239633266653134356261393064626130386438666430666332376333353663396261
31376462363432343632333164373038623630326666623339373638383064653033353534616138
38396135666336383162626361643137636330666237656236323039663430656132326665306236
35626536323839666639323364616632376162653363636262396233326238376433656262636338
36643565646461363935366534346533646165616338316664343935613064646137383963616564
61356362363137646364346365663966313035386265313063323765343133623061366334613032
61643437303738363034646661653264363161326139383863393665646638343736333630633465
39313335356432623662346534393766653537646366646234353634653961393636383939663931
33663838303566653131333439373366306263356666303439633132623365376330316563313136
36313430393563393965616232313262393663366465646465333130643334393137326533356430
37323666663363623339373266383363616530633264353632363130383964323665666366326537
65326262633936383231633534363439346465353734373361653663333761313866333238623661
32333165386531666665323138383337393139376439396234336437336565633963663963383264
31613336623061306266653461623932336164373462646664663666663730356438336163396331
65613361346662636531306566366336333733316639663737666439336432653632306133323966
36653663353337383831643265396263666162343166666466656537373539356638396561353664
31386266613061353761396662303739626633613438613532306236313135303966333265313735
62353762313137396439643534383138623664653963663963353232366332323133353135346331
30633965653163343361393232333739376566643739613731613336633738646335366161366332
35313434383333626564373664336233636430363535333765613339646466656635373066376432
32383365396630306438353836353161663163653930663162346332343237643031663237303362
37313235386334306332303665653262623161346137623361616566663237306633646438363465
64343633396562633166373936393738636563303335626466656330343939383130356466316539
35363932383564663962343864376534613661623761666263633732666335623366666362666661
61653631613361383038393366393436643261306365653063656335363633373964333031643431
64396537663935653937653731363262316661373933656632343330616661356234653238336662
38633433316338393438373466636632343633376265383364643331346530623332323031636337
32646632313034643231613836343630346662643935346566306261313839656438633066363965
64613234396532353035343432626163633364353237366239633634616137323833383330663465
62306633323636653237363230643938663464636664663233633630336237316161373033386532
66386463376464653765623365643534633762636361663934373466376539316362643063353538
38626434623433336361366566343630313036656136323838326337396634643138616636666135
64363765383336383133386132653366346530323736353366646635376337653862663634313136
63626362643863653565613332633933653363323639356165643464643063343263303164353930
35616266383534633661393038653631646163383562323765633465666561343738326431646363
33303737343562363438376634386131336436666231313839356436306532613633383735626630
32373965633639393638323635336238303265373666333637626361623236623865336663663964
30333265626631303261326533393939353339393635626665656233343964363366646665626564
63343464333865663234643563306539343838333334353334653839616439656334303165363237
38663432363537636639313438346634326465653163366161613535363438353535626633623935
65303238613366393865393366646162386563613833323137646662383839313431386330383561
36303538666263333635663430313264353032633966326337343966643437306164643639306232
33643863343634373635666166336266303139336537666630656632666532663763613737366363
39336461336666393831303332613065336133626134333135356535333235323164336466656431
65653333653635333061623233333233373464346465316232316235346161646366303439623233
66376633396330356438343434633363626433653564616664636235663163323436326530663734
32633261353266623339356633346136653464373764336664313836373931613437356566353634
64303238613835643863353364306362396166346335303763663936383965366665616138633663
33393130613930373139383665643066313538373465396435393834323937383932366161303764
37323137343932363363623234313133363739323364633931346633303135346261313439333539
66326137313338333039363763636136636333363562313064323666346438633637616265393765
66386430366339333539363637333065633031343034303438613433393963363731316163343135
30646536663033396133626162353139333238326361616238653534363637326631363836393933
62633535393531396166663065346433323562396262623634313766636263613235633130336538
63656438346136666637663364376333356639363330323131623636373863343266363136353434
37653330343235636163353066396436393930393138636534393666393435323865303939346531
33313634646362363861663038646663313164393232613164376138346434316531333061333435
63613434363164616166316436356138663430316562623264386261396435363063386637323463
65613433656437353162393938353236646632633164356466343065386639383736646637326566
32643464346566366330316134643336363761366234336263386238303762323332623861356436
34623631306164353639633161306334373839393933623061633935653038333935343630633161
30656137306235383764323166393630373839653337363838633437626561333161353762656536
37373139383730316636643231333634323236336630356436316338626136396632633333616264
35663938363864383937353339613839343262653465653135356661633439343131353466303430
30303630653565643330646339393364303662643765326136313730313238646138613330363131
35313466383037646138653633663539333238643738383631666161396161666432343537353264
30303333653461636337303864303164343363646130313965363465343263333763313862363935
37626535663233373635393833643837646265353539636632653734373439636430333037303361
61383239396430316162646135663034353236663434653331656462386462316265366439353836
65646333386536626639363730353135363462613130376636346363323664656337303337643965
65653466346466643332396436626162303862616133633434363031396362663861396133306161
39353133653431656636393732346361323563636631316261633631653036326265393465663065
64363039343235383734323038363863303830653634326361323032356137373738663566376164
39363362656331626638633135326538616134636232653436303064653565336536646163336639
64323234633864623466323566333361653131613234316465313538316566356238323739613033
36633835323734336335376433316364356636396437353166353638373930336136343434323734
64346161323233373462653838373138613037666137633330353935326133336230313835656338
63333636396135616664323862343836326134643538333734353463626534643238633664633434
64636336343838323730643335646238313239643537333363666263623736653837336265656438
66353139623765373234656434343335316531313930386561613663626562656534623163623739
32366431366164393436393165363336313632623835376136613762393462303138326437316263
37643030663063613730666363336131663530306564663834623362363534663838326362366639
64643962343032633964656230323539306335386464643136353563336662636232653038386566
65303731646161623835323136646531666333343433363934626336626266663833666364303065
63623930373363313739636438646131366133336363383238393433303861393735316131306635
62316437306163633333383266383836313733386566616339653263613938653066663261326634
63666236303864613131643035323166323732393462316138353439316536353838613064646539
35326563393336653439373738343237323031343336313931366261653931323066656266373566
65666632616233646237306465613936616165383139386536666435336431313765383963363865
64343733623165373261306236663938633365393862633862386430383931343465373931633730
39373834643633636436616165373966376565303836353237383834376361613239
