$ANSIBLE_VAULT;1.1;AES256
32306263366561646135643733313363353136333332653839333261613432303132623664633965
6238616133383036636635393436343931666466363564660a636663363035386331653462306633
66636136636333373363353034626562656261303838356665383564346264616466313962363061
6530643832393239300a656236333563353061626466333130666365383431323138646537636336
63373366623032323030636638343931343361323563666536323262313963313866313365663164
35303633373539353039326264616262306234663833363836663365333438316337643934336430
38666533356531343835303531653665633639336630666134383165653830623564623938313030
33366361306239393335623536613838656430623738396238356265663063353930363535643633
31653866333337363335323039313863383134306162373538386239373463623537663537353530
32306132643963323061623732663361303939633837323638383166326433333362333532643531
37373664653530303764373361653531313636646133656665663832373738663265616137386265
33636462646266363236396638306334656362356266306563343062346166326331333030643234
36663261663333333963336135336661373839613933626330303930393535633635376361363561
32393932386133316139376535343136383335633431613430656662316266363039613339373932
31623036313237323534636166343063333036626664316362373932643139643039346431316363
62376234636336333236356264613066643563353164306536626337646639653262353835386432
37383833366366313634643839616234633762653639383962306531313264353163393334383730
35383231366131306661393565393839623233626136643934653131316134653464623261653533
66663438613534323230353065313933366532303332373766653532383262393130633563376530
38396563373534333934373437643837356563623937313630643535363132643163323637323039
35636230393534313765356636373563663264366230623336393261623130376264353861336666
35353163626131366234376461383533653166653836313832333663326530653330356561316436
32623036316238326636303161626531623465663433393465613936396663316365656362323266
38303232393662303833396165353265633532613239653661316365656432373066663462636631
64346435643262363266346464316132303231366239343536386332653039646266383963316666
35336165323465376632333030623533633265613564303039393561336131646664353737306333
32636439306365643333383363373564643730386634303266656430393032613662316666353662
64346331653561646132343033616565653333363130643633323764666562623335346562316464
32366266336236383332633136373739373332666633646637646234643132623339373538326661
31313334353531343832313363666562613661616362643239343161383335633865323664373637
64613234373961333534346265363439616432353239626266336534333531373935343561376662
65353230383539643466643036663835633831313930326237363031363436363864386133323064
37613862643436383065666161636334396232363263396263633561326465316336656330643963
65343934616136373238653865303435373763653665633033653935323336396636343433353239
32646132613131666165643964366336396332346264346333656437653333323332633137333935
61613732366263323239376635376338383134633861336266623838316132316639323030643166
65383034303137613564326232353437363738393032313233393032363338396334313964356137
63613631623736306162623635656366643838623337316263323266663266623936636136366164
36613734313866313431653362393433363061643939386664383339336232393434383263376436
34613837366236653030633537303333343237396465343966393135616531343535393632656337
63623966343761386633336230633766656539613339623832313336616535336431373530613434
31313236336538376361373965343666623766323230386365396236353839316362306439626435
32636437663765636539333339383330326631626364636261396431393439623332383735306164
62336537363636643731656366643733396437356266343461316437313632623632393631383230
37666432626233323763626662336533386465363762613339353866393563633335306566633433
33623930333564643133646339643030363437376361623361323262333766633333343861313063
65663264363566393262303261316132343831623235653165333535663065646433316364306436
35316163383433303263356438313230343763333739306663306639376231616438366538343762
62646539353063333961633439376135336333333036353232306137656636626337303931366432
64303932376136366466343031383637393136663836313661643034663135323238663833666661
65666139633639356439323139653434646164343763653030353837396566346239623961386336
31643531303064353734383434653866333063373833313431663764626435386361613965333434
33386532613933666633313635653734646332363431393331356539313438363561666565336435
64663335373030636463646263666330616130636439656330613164336163616161653331303138
66363862643562386465656564653936393665353533333630346231383839306136616236616131
39343939313565396333613763633037646633653363643837343966343463313637363639623531
62616332303761346564323437373532303531363762303433653731323430663034643963313338
65616239356531353333356233383562663531643332336537376336386432303065376432353666
31326461653766313235306231393662353464333364373330663436393433363235656638336365
38666339336532626161386531396663383334623763643532643034616534343866633530373334
31303463656437613030623265653537353630383337323037643264613733636465363232343562
30353561343361366666646337373238396431346439316162393166613739626362623039356335
61343732653334653935636166393439643362333661346563666464343135613036393839623634
35386134643035633638343562643762626233313133333533663930656665643138363662363261
34613763323062316664653531326664363862326536396235373633633866326164626161373831
38653864303831353632666466306566373433633038643562346165373362333934366261353266
61626234653030396634643938366131386166623832663636373835613965363562383630303734
35316238393565343939643135613432306535616362333761336666356266396463656131373038
62363630323539666664343330333935343533343964343833393735393664333562323933636265
35356531613961326639303862616233373733636235383064386336616563366266633764376563
35356136666664663538343038616336666463623632393539343366306466643933336138316130
33643637633436613762306365383061356365356439303431303964373937623831333035383062
63333265393961313731356463303866643666303465646664323031623466313137373531393338
32303438663864346632366130303331353863383438336138633762306363323530616664323038
30333431363334623432323339613233323230303631663563356465303564656366656665373738
34386537643230316364326630306665303431363138623430643461303366643738353139653735
30666639393231663833316364326630663936326130663136316363353032656437613439656234
39623561373930363761636561336663323339633833346235316137303135303131396266386333
33363563633066363661323434653538613530646565316239613461396162656534303064313130
62353233373435363732323930633431656436363836376561313532396132656531303766313163
37323837343935323436336565306131353466353738396439636133396165653431383765636439
61393064613839623361303138323833623830353831646666643337363438353039323330326231
62636265613832346265313934373331336436353639326233643262336131343263643832356164
32346431323439303962373561663666626466323264643638386237306165623037636265323932
61663330353566653835333537663839346365323432383130653035363162313531313861343365
30653133616337376235336333626261633836383964376338333862376565326630366532306138
61616130336433613231633466663762643363326137353765656164623935396438383732353937
32353565393864346665376530343666343065313735333431393037633230356133626638653063
34373132343634323939316132333738636265666566663938343335656462613064346162373833
35663638306361636161656562643335326632613730333861616663303330343539323133323564
65393565346364313465303365366232363037306465626338373036393864326265303835663362
30303939663462666139303763303635393533346232633266303562376139623033366637633366
30613338666132313865386261393734353731623066373632626632333733653034646132363037
39343064303036613133303032633563396661326535663864653161376530323664316366333066
34616130343064343632396637346331663965336439623839613761633464633565613861623163
35363737623138613132656663383636373361396664326635363231336139316333623036366436
32303934613637333436383739633834396639613137343763636533343964636164383565366339
33313234346239623933326366343836346435636631633765643332623366313730353232383831
61643234323134353537663465633261643234653836623533393238656638646461386165633730
61373437303830313432353663313038363661363932663565356330393165643434376562343430
32336334346365656665353739353866356563646135356166373133646431303339393938396365
62353865323066303266646662346233613964643763393733383664333535326531633535623166
64323764326134313235376631376466376264303131666435356537356233343937393133333961
39303462333531363931333835353730623437323632343836313935383730613665323331633431
33356431393964353830623336393938613765306632646433343162323738316432383534323233
31663637343939306634623939313362666330623737346133336436633662313138303363663939
39343663393233356562333836393536323563626464323636346532353330393163613762363739
36383735316533626134323666383137646130323237633864356639383465323562623334396634
32303632613166343635353839663539623366376237373239353463323539313466626662326566
63323532353363303964613133333564333832396536376361626263346433636432383133363964
65663436653331386333666635333462333139313433373932656539656530643434623934393365
39386535396164353439353331313566333565646266383361323732653262303439653761623065
36663930373035663235643662323461366361623262393163666239313633663833316361346437
36643465343866653738346333383539363663366132333136343239366136323038323539323537
31636438336230643063306564346461306136613939653432653733373566393132343836646339
35376132316233636361633538666539316136323239613934323033333362623762333138346639
36636131633064626136306134353731313431353033663138316464313161356362306465333863
62346139383962323835613035376238343636313263333837353130616432303564383064376633
63316631336132323537316638373162346433666439663832626132336532623132613934303937
34303131363766666535333661636531616336366561393135386362326535623462356134366438
32623938343530633236316563373534326262393435343137643064306636316566353730616535
34666462376239333164363337313731333437316433303833613961323932386562303739303561
36653063656531623033356362346263383333623138636265623938363733303934396139323530
34333439623662343565343963313935633037646665613162643165353539343630653430343432
34346563383362393566663239343164326638353065653361636534343866663434303562336530
31663765646463626363333563623136646233613762333837306161646531613339643237313939
66643061376561646661663932366433313263313061633537346534633666343636313135623731
33646261666663623839396662323965303233343733356437663639643638613830633836396636
63643638353532376433303334643033626566346531316234363264333033343631386530343936
30316364653233306263346430326664643534656437313164333235643664363265323432343466
31336433313530316266393263363932333165646366336239656163333334353437313734363632
33633830376630633065343332643938643039346330383565353636636331663365363164616463
36316665393332663762393831383033626539663063343364653032333464336363336436316666
38666636356263336137333765653738636439353230386463633234653361613239303135343461
34636434303239363463653430346639323865626261666434613838633238383862376631336463
32316564303866303138356437653339313034333233666636393932353037303830653435616432
34663230333131643935373235353261323939396136326461373131303433613965326232616231
33303663636138366365656132646265653232626232393932613431343030643032613061323066
37303336373130303665393432643737383331346239366238616439386266656535363562623834
64313236663664663132393833643233326433386663633939643737353065623139373965373163
63316163656134666339656138653937303237333265383662326638393534346232393338373162
39363031363665396532663463663933386638376236616432353535346534653361336231356561
34626265393639383236343737313630623062323838613138356539663032386234333238646639
33646236636231323633353931376637636133323966626636336334643735643139633738386136
37333563366538396638633237363266656631356263613635336131643239383338333735623964
63653763343536366334356363613732623736343938393962353539343334643333663333393066
30336539636438663530373238303934636265616632393237376332333663343233336637353336
66663532646165383465333139363965613863363136356234383032643730303736663235333966
39623830653637616238323062643561356266613164366633383264373535653239623533326635
31343766376331313836383430623539383235333133663138393161653533663833303732393733
35663564343163663631396639396238336563363361323239306330626362366430343132313165
38343839663463333063623838323636363265633264663636313831343461343230336332326561
66383330353130343633386339656666326261623439636339323633333362326439636438396366
34376235323238623163663939386236323533333332356637306264653831343830383666613131
32616439363836363535326230376133316538376265666531323936623766616633353531643132
64373666363831313034396662333061386661353965386434326562613061333834313261393337
31633035376162343863376134316636373036393263356236303230343335323665633336393964
33313464656464346239336266626563373736396264393133616234343366396163656138636136
39383463363438376338333261383366316131623863633538316534333637396564346536636532
35343032643931363039623361393537623732303836653662613935353239626162656335346134
63393465363761663734633161626431626165333766366461336435346239303632656265626366
61373036623232313431623338643838613936323065323364636232323536666436373262643139
63656131363633316536373133306463333933633763323030313731313663666263616265366265
39376662373161336130663833323637653463373565346464633736616634306261626364356561
66346665346630653131636265666536323462383461333531353563623832643337356561323337
61303439373636393033333430343561383638643133313763646230626335306261333032336464
37636432633163363937326433643761313662396462663264643135383136383237653035396164
34353839633265396666616433646639353464353133656565313032393066316664383234616365
66336465316333316462623336383135353237653665383038353765306630613735316537643232
31613165326465336235386663386162393833333236343363333833383730303861653237663733
64353731633536306133653765346332653831656632386534626664396462336261316438373233
30366633353137363164376265383733626336353434653530636532343135323633633838343566
39303061376631313166386538323962366132323739383731613736396134303661
