$ANSIBLE_VAULT;1.1;AES256
63366635663236333163343330376466333132373063303164363763383965616465383964363336
3463303738346537613563656436323430363334636162310a333362303562636331333431383063
36316365373561343136373466646638636163613266303232383834393966323166613238386165
3930306431326433390a343564373435316537393237396566393133393064633132623064316433
39396366383930343465393663353731666265346166666331346631346637633062663964613431
62643731346163623165356264336365396331613032633862333733663332373866626335363265
63393038383737336634366139336531333332316332363935363838613462653363616262306638
35373035616263626435366132353236326563316565336637663835623137343433386532363363
35646635323931303035306363363939643938383961353364333433613639346634303539373664
34383133333439373439326434396137363163633336613663333732386332343564333138653835
32316338383564333930613764653864326331363165376134616534336431643533353633633839
38306533356663623036333266616661313234646566646633396438333431636231373632386366
30396566393963393635336431386139323436633762336636376236663231316430633963343637
65373361323432653962356463633766653435623339353566373763616366376466373936306236
32613764363239323763646339343538303565366463636333363730616365373536393731633739
64616163333439376630643235666533323035376635636266333038393236393336353637623731
33343237303836653936343035393730623361633536376465336637336238666162346436323065
30653734616536363731393937643235346464623865666531393461376466393461366463386463
37633965326637363937633863383234643335393338346533363661346666383337356330373762
66373134386532376364323565303561376532363166653464303733373738393830366534326139
36623264306239643662366135336231373764613433656132373661373762613862653731636661
63386339616534303365313038393233313236333138633533333466396336656631383839353134
61663763366236303531393061373837643564616639376131323232386464323237353936616638
34616364333534313733613931633030393137303265346637373564613539383666393234303163
66356438323636373762373966663231396232326432363238333336353331626263616664613332
34633030313137316665333434623939653730383933316434633634333665333336326335316265
61393366376138616165613864643338306364343761376330343932336234393034353639626462
65653564623436303061323930393064666335636130656565616461373666656565316463353161
33363733333339363735623231353964366137386636396533373464633137343635666135333361
35636666303632636163326238626263356339613966323136393634303338393134323965646566
64303338383564356462656637653939303563653237303038623363616366623461313136336664
61626133626131346162316566353832366262623436316663353535353333643133303062333730
36636261303562383034653966376237616263343665343139666335363338393264313934633938
37353765366239613731336231623665373935303331363136396133356135356139396632633438
34343032353338326335633062616261633134623033336632623533353934346234623138386164
61653733613461336262353662623037316261623065313734333036653131373138366361323739
30343736343332386165303735623164313930333762313835643162386436363635336336636632
66336430633633336230613565616164313462613432623265343864373930633334346436386434
35383639303530373637333737373139353437616163363035306432393833303163386265313733
63656464346164346163303565303961343766333530346433623334323436656461326332626533
63366437353335653564626263386535373263636133633932353766633030633536356464373332
38336531313233326632653630383038653935316164653463633861666263373566636537323734
66656532306134363738613434626632373335623262343462316234343134343231343934303039
38613266343164323531323261353362383838326561323531336633383737373539633733363031
33346235333330666362326164623635346331646566643237373861663063626234623131336536
66663537303233646265393637663361316532613961303536356230343939393064653066323831
61303966626632616438333632323235643631303830633230376637306430303032666335356631
35326663643030643963353038336234316563313161623332323966346337616131323838633231
35383563636132633433396433313932353638643637623730376262373436633534396536323732
33366634323633393339636336393138353631313638656235393062613637623733626335666637
61663061363234613736663330363631363563316133363164656466396332386234653538326430
35623730666432316464396133616535633638613664316137663032343864306132623064666532
36333065653663656538323737343266383164353630613364393864343661323166376632643339
38656132303134323139393234653135656230396636326636336537353161373238333534363438
39373565653637626235306662373039373061623531333263323862616234386466623231636533
35383362633266363762633966663062373262326238353330626231313933383666663537333863
32393632626534306564343637333339393332346437313534323163613338653266323834363963
37336139363132623035643533386265646462333265616434316638343064306464336631663433
63346636636335643566646664383062633564383031656432323438376663383835656534376338
32326332653331653038303264343038666534643536666132373438633166613462356631663561
32343037373237396466646633646334326138653431376263366434373966616634396433396632
65366266353339386264393038373762363734666664636266356562376365363566313465306330
30623565343630313462323434663739373862326537323934356139396136636162313432626632
62616361646133653934623730376237383537656438653730393263326336383834373036646533
33353633663933333834366564626336626564653238366666653563633937373464663439343136
38343563666165336563326565373332336432656238666662333733616432316264666365366532
39303931323062323333323537313333343266656565626335613138326639666466333838303339
31333166376139333930393937376661363137626666343361343365316564336430626163383437
32646362386132656231333333613166666130356461666533313234636333306131346632393735
32366539303038633537386235363965616464363132353961346434396635633763356433353231
39373032373862386436333861383762373465313030353761663234303165353662373738623733
64613962666566646361373062663764613234313163653561313761636433666663353739313339
30663865393933303565653430343230353637306430326337663838306365633762653437616661
66336535326262613666333938356638393132383537336130333233366330393764383363663861
36336361353831363134653761666535616130333965363565626235643266323864306539303366
63626634343066663033383532313861343337663339313466373031303232346663366166316330
36383631346535613739373835386139626165363366393061643132613161373136396661306162
39383334613139656537336135306532663363363138353730353531306261653831383432636361
39666430393636333162663164323335316535346530346661616430366165376437613233363239
39363038363832366439376434353032666337626231333634366337613263626538396136663864
61646539636661306665343835666366313633633263383561386137656265366536333861613236
31613963383964643030363635646232383732313166303764343038383037343237343335373164
37346431393139303065333865663431356266373435656532396462363938353239653966376530
38636537363532663837356666336538643161653038383765633662343461313166653362363364
34643866376664626433656164383238306533386264626536666335613866383332306563366237
35383037366233656233636139626162613038623635643338626164393663376437633932333331
35333139633330313732373737333862623336653433643961656662373031383736643833636462
62386538623934636633623133626433393835373238373762346233613064336339343164346138
62653134306666376364323136626561626462363833376566663464316130613331643139626335
64613130393561623263316563646138326333323064346665346566313035386161303261623739
30363465336137623033663461656538643536663363313461326535343130653731306266376431
62643838303334383238356639623934353836306230666432363032366439383331623961663866
62343736623636633666313566633264633562643066316531326263663366373838353336356330
37643961613235653639333166656339616366636337613834356434663863303635333565333633
34643564313738383363643861346531366165326663363062383566643634333861633532383636
66613833313132363066666161393461393937336431376638393065366235616135656566613534
66343362666632613438373630653433373530336665383865313130363738343063613261313162
33393765323434323466323232616331616165366165643563346265393766373166393735336265
30323562386164343730383639316331616263656133613063316463386439353863313037313932
38393265633762373862346432636562383038353533356663646536313234666264646662366132
32613638323037383261373730363830666363306638323133303864393937666665316134616664
38666634303635393765303962646162363162383235363032613333656136303831333061323230
66326433383563353765373334656332626666326239396461653235653364643536373465623165
30333565333465366137623566666336353462353431653235383566613336616336663330663165
34623130626461336231316365643730346266376164626664363864326562653132313864346164
31353666383635313362346165613233346639663133313366656364336133653462393030646262
62353036353830353839623836323362373762393062633237663564636463396464346134343565
64313066353834666435643637393339383866653766316164333866353234313762353537386431
31663039623430313164393634396461663665383138376161386131313334656432643566643437
36636430336538626133303435343532346261356333353632666637353334346165363761366339
39636138393933336464646435336163333930376334633933363863316362303464336630373365
61383833336630623663343335666362383238376261386135366333353339633132373065313934
37343732656464323539336566666164656530643932626266356632366135323332633336343839
62643131343131383165653934343264396162373832383435623763313061336438303932326562
37353266363964616536613330356536396135623962656163346536393938646433366561323864
33383534363963396637663836633761396361356339373233326364633836656231326166343535
32316463346438313132336538303662633965653366653035383734393562346535356139333636
38663965393038393135626636363436333365306134646163336432623566643364366239383263
39633533333563333263333034336230326339383638663231616565346462626662653465613439
37643361353631326262353739373834356237643964653039363939376461386335653565343733
64613631376330663437636134313734326630323532636539393164373765393931356661366666
65633632613462663461373562636665643935633435643535343231306165356466653836353137
35653935373562363362626336346135326631356564653330303033326262656339613963653165
65356535346534653164336433303765316538396135616666353531666230306234346536626635
32653531343065383730663238623065373531353135343030356335333861643664343835386335
32633434646633373063336333653662666636323739643361346562666435643463333335653533
38623935623366356461356333356135616636346431616638373130333835623838306132336535
35306333386661306131666532363538396630303365613538623830663563613036396131303934
37636631656138316562326333396332313136643038646533343630363762303739356663646631
61316131656235653062353766333361306162386432656137356133323835613763623338666336
39386535613361626630666636663062653837363030653832386564386134336465373365643666
63393937626437396637626566386464323763663631303763613939623731656632336338386464
31333231633131333337383330613939636664316532323335616639623861393032633265306639
66326264666132633138343763343661653839636165396231623639366134316465346235373638
61666437383730306134393034643435303639356264616532303266613935346334303236626631
37333664616634323063653565666235343535663265343736653732376539646630356261316430
65336561376331333437623061653763633339666464633638396531643130386534353963306435
63656165623033313933353434393265386664353034666638363662666335313636366165343266
32366563643765373266646562643237636138333834613763356532616133616263383133343765
64306131396361326363383937366538616335646633366237373032396338656634396537653662
35336536666336643161656263633436623361616562643635326635646539343462633164383339
64343932306663633139373438353261643636303265396138316232653237356264386230623033
32313038616632383862336161656561363634313061623634366230343538613662656564303563
62623739636232313934376130336636636535383736343434636162663239303033396464343663
66663261336565303035376163343134623738613965333836633132323631383630303332613938
38633630313166663436336237393064383263643136666564373932393639393931373132363934
61363032336664636463623366346365393533646332346338636230643863626334653933356161
37626265386234343334376335376230373136393234323337303963333461393633636338346534
30396534663364306632663364656438333064666535623161623238613939613139346461363832
39326365386138643764373432336565366631633662653062336330356331376433366363306330
33613738363766346461313165343630666130373064386631326264616464316231386265633935
64333231323362353431333130353239656139373835313461643330343762353032616535343333
62636634306536643636303361656365646531393865356565316332363564373963353664623434
37303933363935396330663065396330326236613964616332396234656331653330313637616639
66346638656137373030636436623935643661386362363764663537636366323635336139353138
31306238656365666430333233663461353934643637333034643031636336636339343838636439
65383439623062316435626665313333306332316361306362643161643832333334363166343036
38626565383034386265393332633135306261373033326664363566396532346664323561363136
66383032336535393138643838303839633436643461333066373938646235633032343164643764
36333766616662366561626233643636323236616664633938363331643765616632616135343033
66636565363934346633303731363832353562633063646566633163353162653662633333666230
32666463643963366138306134336435623965326333646363353039393430306262663261633761
35383364623239623263393131616332653432666636383263333031356139663166616166336435
65663830353964326235663632656139393338663165643236656630643266666539373135376130
66626266633161656130376334613331326663636135636638343831623566376333363536626664
37656666346231363565363431346262323734333936393038643439636233323631333064613237
65346161346332353161383432343634666464633435633366356431393832393465343336643761
66643337343638373734633638626464653935383061313364623639316565303663643363353165
33383161306133396333396230343833393439306331373963386430613835646262363662613665
36343230343536356463353639653138306137663466323664646330373361313139353733373436
36393664323464343562626636303961303464376666653463313564326364303139306161396436
36653561663037363066336630396262643336333164363034393532323034623463633438313862
36303632656237363431373836613464336565666264326231323331646265663636
