$ANSIBLE_VAULT;1.1;AES256
34366230633835623361303362613737626131346138643035396135353864323232366562616237
3639326434373133396539386430333532353535653365610a363262353236313339626562333134
33313130383839333766353939356437626636373164333531636237396633386134366634333566
6462643831316261350a343266376236313165333063363164303165363364376530306436396162
34383532363366323065323966353665613834373539306634363634666563643937316138643066
38376132383337616639616630326662393764643738633564636664373431353534666264633538
39613464343164326165663465383336663338353630666438663937323138346365353537313563
35303339626264313765353036396466326536656137633635356364656437393465663537633535
36343962653433653334643136386465353933616532353465643535336635393330336139373131
30333732316632373461313034346130613561653236663630373030616635363733313237306162
66343533643934643831336161313533393837653630393130346433383134626430333962356562
34336665323635353834343430393534643635316233323738363565373766376233363962306234
35373934613336666562636665623066336566356361643866373732373631626164353765393535
31616337303161316537613139636336333633323831663831393931613339373336333239663431
62336364653137326238363032626262333239393762333238636433643863626561393736373438
65343135316438393461386332386634386438663966623561383766356233386135666635323762
63343438646535333735646532653331343137323564613534646664623963306539393834623938
30633066623861623035393364356636313639373462623661343362636165663266616133346437
30636332353665356134313763313163666635343139656565396231616631613132393461303564
30353334346335613430666235613838623565666364626461313061323665383936326566373936
64393136346435396635633766653465306662303764633935663265353534393664316466666566
34666663376366633430623063323763323530336632336538356533646162306263366130303930
61373266333463623961643836376366663533623534616162623232333962613533333835353365
62333138316562316535623334346464353363656265353032616530666262356562626639643736
64663732646138623661366164646636316261623363373638396534643735333737343433383132
62643338363632376236366639316634613631373231336237346330373565623731663238383765
37376533646665636132333865643964356630366666323865343630616637323065326663316237
62386639363033656137336164666266636336363237393037616564613634396236303334343935
65613937346130613030646638396564653833373965626362613833363139336662666235653165
64623264626262363439383963316139616535366638343236393735333831373761643135616162
63306537646638316333663338396431383564336430336232353966626637353033396132323764
66386566666537386465323131336161623639646632643631633461353835363962303465383233
36303931383733306664383935373664643039326131393432363163356137623663363235663561
66643262323063386165333865306164343339316339393537613137336436326562346532373635
32383032356238356439396133376131333135396538653464653362383035643366613734363761
61653163316339663464346664623637333162343332366235313963303036363937383766656434
62316263323633353062653039303266623234396364626533646332313963643061373539376331
30356663376336656238646465306165373532366335386263646433616262663539656464633536
36383166333139386237363236333438313362323531343734323437326336316436373063313739
64613438633232633537366430623435306235643932333339303661666366623865666336383739
62663765393734636130356565623162376136373761303562326462383938303632333334626335
31333363303933656132373966316666316662616665326535316534663963663435366536393266
63663930393636336265616435336136343734336364656661656539363734633637393361326638
66373435396435613537393362386662373465646338656239626431393365356164306535326231
35323166356231346234663164353735373436353330373866333361366164373230306130616134
32386364353166323930303033663837643935636565393633346135353065306263623962623864
34326361366536636535396435373836363437373033346662356462613962346339343966303463
39303933616265633962333237663837383365346431353037373430353539353234336466666662
37623064326266346561376662656331643866393766313866303664643739376233623838613562
34333361626337626661653865336433643139376563623235643031363661316333623733626663
64316264303133396365646561636633613162343431386335306535643863353965623764386563
37326230343237366566643361356135636233663937326266373233636138623530646164643139
63656335323338633235386236353638323039306436623063643432326436326464346362623139
63613433396364613136383863393666623331303531323437313935353131373634333932373439
61386333653936623366643631626564653438336636653630336263613963633364323636363134
35306235323034643831616631616165663136356635653663366661633062316536396139623834
32366465386239366236633736653362626165363961373830346236623936356430393535613536
64623564663133333939316133303732393430333436663231386535383839393763366238666465
39306333316635653435393633303333386161623166326136633133383633656432376535343132
37363639613730656230343336373263383031623166653733373963393762393462386537386436
61323966613236376465623433643632346335336130616337303363303735616365326630633061
37356333643866646566316132313233326238613261393936316238633530623661633937363339
37616335333839333636303632326437363039653937313530616232386231373830666433613263
33336233373066323239323933376462376361386537396530393133343632323062306236336534
33666561646530383966353737663565373830303762306336336261393031656665373737373961
39643161353331353834303130616533313439333537316262323066363537303437396636633232
30386533333166376639396334306232643239626138653563656466303965326461616136663965
37303964626133386161303832373131343664343861323163323438633631666430366634633635
38343138393836333336343339363136656365323335376331633631303662326162316636306262
64623337363864633065666631343833383838376562346639333563616161303333366635303732
30303966666133333437656139336364313866643330333230373335353538626631643438383635
33316263356230636630623331303731633135666136616463653430633263363566343765656337
39373238643962666637383765346436346636643462376262323934306632323934623537303164
34613835373461353130303236386665303031613462396435336366326361633061313063623364
38633030326233623637613266303835623139393661316539646431346465313637646439636662
32343739326663343563356364313462346230666335656462333731623630313334663762333537
31636364303662346534663331323734366138646334643065666235623763393861353861623531
61393633656636356663373062383936666261326163313465643663363837666366303238653433
63373666626330316561313836386632623865336161633463303265636138383832303865653636
34636630353136303739333362633662636331666433343564323365643734323261363064613762
66383563333332373937366330626337396462343831383562353636393637663431353363303039
36663830383536663761353836343263373537353530663832393139656533356434326130356539
34303037326138393163353961333138653434373262333262303937663363343934373038613337
37373730346366623539373035353537376164366331636238343331656530643838646163663733
66303831633736366539323237333331336630623164396335656365323734396230343064636362
65613832646638356266633663376230303639333962316536313937373466646461323531386136
65373137376565656166653137636362633138643031653535633761623263666230346463336332
61313032313937633566353062646462666262396239346462356538643562653433643138623362
32363036333437356664373231306336363335306335336235633030346337653030303163656666
66336462303162386231383333356431666464353463306331613462336261343139333935636464
37306565643264376236323965613036373138636330316531656465396463393332313634653766
37393437626530393036333332663962326564333034326235646534336661623237663031366362
66666235353734653965383633373735393065393131666163616235326332623332613266643237
30623964323137363263366466643164336536376636623733643738373335333036656661633864
31303061396435326637666363623233316562373634303637626330303536356132633033653261
37363034313536343161333839353364656464353261626136656161353861393663313266313435
30633732636135303762636533643538373634633137323837323434393961326534633039646630
66336662616131613266666536623161326464393034363539343164633538666130393766333165
35366161386139626433366565653338383263343134303530346532616635316635663934303964
30376131303261336561373335353066383961356566313934326561373230623063333031323365
62623463333233376665643930323633323838396261663163343062323463396538653230656462
64643263313035663632333235326334616631376338306530333039396136663064363734636634
66643531653735616634396131626639326665313565393436393965626365633536323662626365
35346136626338613766306431373739373035636432316337663736396334346661363461373036
38323835303036333461333039353239343863306532306165353237363464343766373732313535
36323833363234386363336563336566383639353761623239623133316632396338393835353533
65616533616661323761303737343033333766656131626634393339363931383239353461653061
65313832373536343239393064336361613737336361623134343533643339626133613231393832
63313633303731323230613430356564356461366663636236383235656266373435323934623434
35353331393564333435663464366433373263663364353431663634636132366232353233386230
62616362336633393462366136373632376630356663666138363633303661383034636261613662
32633061323933373464363132336239663132616533323362336563623539653232636335373161
63386564356632333234353765366662326261366537623562393939613463376434623239643261
36323162633564323266333938353839316633323131626636356237303532303232306331313234
38393162663565356638383861663863396431636535666231396632363738643065666137646434
63636432373136663833343462393739383936653933393638613965343637646564303966626634
34623134616230623238633661363363653632306231313337333032346162373464346464386663
32396331353036323761363664366430313331623164643135316261616137313032643531393336
64653837306561326236643238346562653735316432303233633136383666643536373664656435
65386332656332663034643261326261323736313137636661646634386136623266393139373266
39373236633735393239346262353365643534616564393531626233633831343430373565393237
62313566333565363935313935393638396633386438383635323632366535653966336530303565
62313166666437643864613131313664353863363430616162653262386439393933316366363132
37346537613533646566643230316531323664643665366432363231343664653164366133346538
31356561303437326236316633353361333061373430333830623435643936326366306165343531
38343534626639366666353361613430326366333837353361306661366438643937623430303132
35616162306365653466313165363366666135373162643162303235333565363438313665373436
30306238366166646639623463666366656433356334393836376137326163666131633861303336
30363761313363393265393466366531356139386539366662643535383734376239663736393130
32623931383033613030623031636233323036323737663336653531323863326639363133646630
38663862396634643761653438333261323566346465633965626565303935393834313738346230
39653266656337333431346461663530383332373563306461316331356266343163393538323037
65306462376234396439656430626264646362383065376136336561393730356231646339323166
33636638393738303166313832316565626465663763316133343637333863326664663231326332
66636539643266393638653466346564613464643338336365663637343932393637343434303561
36643336396130376335376562333062336134656266613261633038303930316537666464623763
65313031626534306231623030383939383166613235626630656131396530643638326231376634
33633766353739313432323332333433376533353334366163626465363730396336386538323632
32386265353430336130643539333739366562366662373034363263346265376365386236343462
64323335316430313934346139363764613962633764663335613537306131613732623230383563
38333833303037636234346435306232613230393764623762656664623333383535396632393032
37396264336334336263613630313138396336363866316333343737393232626338393137303437
34323166313632313262306334343866636462383336326562366633303230346535656239363630
39376232303233383036353934326332326161333964636438333062656133633065343933653561
31373066396630633530323661323062373038646336396263623062643135633562396665643164
34623837343039393434643230366365326561633532383630666530343463313734636633313937
61363161623364616630616136623636636464643731376465633665396336373162626137356231
63383230376139346466366532633961376237333537343165336363356264346563613834383862
31623836633036353033623837356132396665643765346534613337633839306534383734386538
39666131623334653165383130346631643330336438656163666366613632623534626631343932
39653461353262333536666636333333373031353930376537306634633138346262343962646437
39646463393762633964326336323234613333346631383334306435356437316334663430616632
36663066623135643164633030613764613230646430393636343030626631646338646662646237
34616161623730303036346166326436343165333964326363383733623136653237643436323261
34613439623739666538386236313964366431356536386365383638646165356638393039323838
31326366613637326131613064643430353734653561313934383962626333306239383638353365
32643431643364663133666232323333643166653433353864343863633862326564376632633061
34643939666234656564393865646164313630316439663834646135303838313465353262623230
35633336313035653731643764313032623330663933333566663764613037633333626565343334
30343937323563646230653131343361386331303165656531633836353133313536323465363230
34376366626130386363323538323466356535303661623462643765643839313837366137623032
62393666306638326163643932336564313562363231653966343564626630316637376536316465
30336463343337336662346234363235636465653666656630306638613034393331656336613532
30663934363838666135396365356630323266643037646436313066633939626630343733306530
65656331393434386265663366376134393638303134313335323561333034383566333866663061
33656564646533336533363061653438636533306663353530303261376264633435383031373236
31313763316566383761386563616464363734666236343262323130373930393762663032356133
31383864623236643636303738343933306336656666393332323435336330656239333331636164
64636538643665393563343737633735346634633037626637636237393732363836376166643434
31366137313331646631646336646262386235333432343432326166343131623062383132626465
35383837613861333238353538336131656362303031303062346139373638363938356565646534
38343438333035636565316164323339313431356337313637356364383566313932616332346532
33343030343065633439663161396136386634323433633933626362373638653335
