$ANSIBLE_VAULT;1.1;AES256
31393138333036366365633164663861343332656339326561396464313032653336333134646164
3864326138316134323233303736333239653365373730350a363830373234633132373036636339
62313362353336313334313233616331303232393630366533313932663032613433653061363161
6634306236633836650a363435663964373930613963373562313531656437373564363761616136
32323030383861656434633866626232303939643665336532306632343632653530396434333464
36373765633965313062313235366662653130393065646363656461663231613465376539386334
30623437356632313966383632643137633762363933376562636630616536343162313232306334
64386263396662366437346261636334336335336565643664373931303731653066633338323239
62383030376235326331663739646339613233633165653361636566393033396437356266643466
32343337626263373138633832303831326162373263396139656637333464313365376161663934
38373363633232366666323133666337626264316135313666393931663532386433356638326335
36633035636432343134386234326566393432613835326439316362303262363634303731353264
34336362303535326362306632636565633463376631303634323765323336393533616534343665
34663539343363316531306130653339316631346464363565336465383436626462353234383035
33363863363832383237376665333763313231666363353638633366333265643536306531383362
31633731666562383832353432373938326161643231613139373266386637383533393334646261
37626232336133353230636530616638396632373465376533303636316432633732323365343035
36643431613738333662613862636631303632663439333331633165316235376133636135326433
36383064623034646135306639313934326439306336616637313833366233373239353864363531
39396461386234323563353131393530303833613433353965346337633264623962653564666661
37613766333861306265323864353165663337393063656361653265626537646332633338393630
36313839303665386430336566386362313335333731616463346134316663393165656266653337
35303735333562343030623162656464393232326662323166656464313331343738623761636330
32656464383434306366613231666334313763666365616435613233306565323833356437353331
35363163393031613636353838376634336337663530393066393434613866393961663735633534
35633230326135396566353834373365313438626135666163323066333939346438356638306265
33623535356332343437613361323836303435343261623931373038653137346435336332323830
34323632316639613131383131393830386166353635636462323264663638326231666537626433
65333830663063386238666362663032393232613866643535356466636431386537343731333433
64376365313762626332333030393666346130396363353237333866373532666332386334363661
31366234366336323562626266356138363866643633306665326665313566303738313535633533
63353366666232326537343361326532373538616566346435393133636336396337666461393864
35326233383337323766323332346430393863336265383933353564623662356632366331623538
62336336326530613632393961383566306662656339383465376239316665333333643037306339
38393762656266366134616364373261323830316137316636623862356263376266343530353730
35636137393731316263633264306664626365343430353135346462316138303733333361306262
35333233656465316433346134306532376133363032613039336632626564326462376665633630
31313661323861353164366436666635363463346635643930306665363630653836306438633037
38653663313963663363653134356430666533303464353562303530666138626630663632333532
62656166353861313230646135323037393163623965333436643364663731383965613430303139
32303038376239646331336461393564613933356539636432313138363236613036663133356661
36343662303164356630383237636433363337316562363837346435666336646566393430623032
32333766656563343137633461636163383866313136333061636562373131356133353038653565
62366334353433633161333530333966316163323564373665396437343264653066323735663166
37313865653430343866356438363735353264326263616366626438626164303561303933373235
63343762373837353664613230313835353465363735313138626366613034336433643566646161
63663837383337653565343064343831383061646264643266313037356261613730356263666330
32393739316164353837326638383335393465393338333937616532386535306537346663626635
36323364383966656134313030343038386364613932393537363165623566633262373734356438
35326235666239646630663133633439666234316436323138623735366163663537366362323330
37316232396365376133383337613932343239366666616636653161393337346634393838326566
33613761666166643863633664326364383634346230656662346136656262623962383533336433
38663732323166323132363065396135663234303336353033383839376465346163393439353137
38336330313630386665346130646561626262303261363965316335393938363166636133303766
63633536313334613532353431626434323666333339323465373830326662656161376230656537
31383536383732366331323934343935613232393464653036343465346562383035356630653565
33666361316530303666633365376263386466396534393337646536373862396133363633616566
62613566356166636637633664613233336533646361393837653961663831643762356237333133
63383131356661663133363233393966303733626561313539353830333633333165323532383631
38396265653336373637666236646665623837663035633562653263633335383363306335373265
64326337386264373363373561623836343137653435373534373966303235306663633862613763
63373738343335393032343738663135326366353633643339363337653861346538653538333363
36613836366439656133366262633739383833316235633261363866366137376163633838666530
36393966336163383461306332383235313065366561396138623433616336346633656633326465
64343761336631643338623034326136333939376137616663353135326661633636326135376138
37393639396330313535376165626561336136623833333832353665306333356438616135336438
35646539613266326666643766653730343237313736313363333163333665666437303262373937
35346334346130323836633732643161646139366635396433313735303038613538343061356334
66343737336236393231663264303464656565616534346330363434323461643834343734666336
37333032303136323838323631373335323563333733346265633639313565373034336166653633
33663739363738653835333034616133343736393133633434383463303130653931373138343932
66346361323136633962343432613636393531326238363732393466336662343461313732623238
35626663626630626563626265316334303332643266626534626530353335383133633035656662
35326439346165353361356561623833333630633235313831383031363961343832326130386662
31646633393766393464336632666434346662373636333861626635666465616639616639303135
32333930306364393834653066343631313265663938393666343761333563623566633234356261
34613638626461376463313065353465633838353434336635336432306132626433333762613437
66313338386562636332316362383135633464653965353432613639366338393939613030663330
63613662613266336431373332666434643663393630613830636236396162386632623036383861
32366333623431386531616665643639633963616136323139336466363937383730633730323063
64663965356530363934373435366565323639323339616361383738303837373662353266333131
65343432323966343063393566346631363163643364666166303432613931643139366137306335
66646434366463326665643634353065303434396533323430333630323064393862626136656564
36633863353935393636663335653239623131313536303163373630366237346333303462356536
65663762636432306634613730663562363135316131623865646232626263613262323538643834
66323738353865396333323861633564313939373731653764346431363561373837383663396164
64383735353831356135336162383439313636373864366238383963386630323035663062613563
64353434636361366630633362633234343466383039623066623765303933373133373530393839
31396563323462336565386661626535353137623031386532613139393331313164393531383566
39323131363865623362626561346130363365666566396133643132316336373265343034363966
36373464333634623839386639646433363134373363323437393435323165626262623837633962
32376163653366386234303161366432323539376662633265373431353966643432653430633631
30656335653738663530613062653031366262326434326431306636323033323966653730396636
66373834616363396465633733663366353330613866316536303030363935623063323936663461
37333230636435646539393838663366383062613162343438336664396437326533346430326135
63363334316637366365313834613431393664623166653139316531363065313839333962323833
31303539613865386139363961636365323266646333666433393431303961343164626434616130
65313134633334613930366231633263656138343965653464633062656439656631633264316338
32383434373439333166323663663530666662613862343466323438653962363038386266326662
61653063656437633038653038613935356238386239313064353233303331623464393732633939
66313738323335396633353565343339616633306261386633353938336538343830656432643934
34383766383862663464626531663262626638313666386661663036303762656265393830316530
38636263653534316361326364373132326131633438656265663238333435653365386433633330
62363165383137653037656165313738646134323633656134393535346663313233383862663030
34376534636339653463396464613338663530613930623265333162376538333530626635313639
65383664646339623439316462383533366364313639633461393935636364323739653866636164
64323133383661653732613063393737623661613865616638366563356463346531303331633262
35666235653265396233323039323136653037393932616335666633343264656437623864383539
37663061303235323335326539386234646236626534303832396461336337353232316330663436
66363139356133613365353030643231613166616437623735326266373165323563393638616533
35623432623432643063353563373636633530313766316566316333373264316433373834383331
33393634366362373938656334366661396537373561636437353433303639663836326631623963
34616535663434396262363836306666383932323063336235393565616166623532316165316565
38363031646161663730306464663162393933363965396435323366356639353238356132636436
66663364323365363130383762653930666139373031336365653861333631376336373762623833
33623964616566646533336330646434346261376133616361616137336561343030336439323937
36633233613066363231316233653566306265303962366230396337356366383232666538376330
32343462396566363761646530373836336162396530336538623065393539333964366166343436
37326637333539373536623135336565613231346666616164623965336333303438613365353065
30626537373835666361636564313462646237666664656539316464623237363066363631646166
61356238633163393736613563313034346437356264623034373038666535323366613734633931
39616563313438353831363434393634656534643437316537656333633333313063303438376265
61363865326434383031626566326132666539363339383065363437393636653631373937363136
34383766386261623833653264326633356533626365613863363334313464616164383830373038
64353363666166356439333231353238366333386262316133633361616330343735393032663831
32626161386535376533396637393631623833616662646437613334666230613132316636363830
30336266663063373933636132613637326138623135333131306532623461333336663861356363
34326362616534656135333862333238663363646238393631333066336135363362346164306361
38383236363865616534376536616666393663336532323634306230336166316164646263303235
66396462343437326237303131646361613163353664643234393966373332316463323561623530
30636338343138646134323862363936393764363037313130636235303764613837313264346330
39623136373164346230376532313232323761376539326361333639303466636134353939396636
33383366656333623162303366316133316461363466323639373030643134616339666164303833
61343138313735636137333332353162366639363735343433633464623166636233653631663562
30613465656638383039333938313265323361366166336639623561343836326533623865303139
39386435306666306132356661396164343738376264366462636564653232336333613530313833
64373262343562383433353763613739663232373230343233633966616262306632653437396439
32653430623637323665623631613962366530323331303566333031633038616431663963363166
30333632363963653037303734343237363461623035646336336562383934633835646465393464
36636561323964333933376131636235356661363038303639663666396435313963356530613033
33623065653031343031316462353038663965346637653732663364633038366461363332373263
37306465323438323365623031383761316233346563333534323164313763633765633365363465
33336431633262636639333164653535636431333663303539313130373164353361616339396637
36306237663634626366643538353564643531326239393837343063313965636364303734373938
61326534663464306562356333613162326535366261303132333162366531613535303563323438
35633531306532623035653034323663666531323335643330396231313631613166346631386335
61616163353363643864353033613132633330373934346531393662663765386139323862326438
63633637353633333564343937623366363433303431306432316364653238636261306635313637
34376637316262323566303462616337353737343864656538653762346432613536366463636332
32643434393161306466623234633663363439613364306632366266316137663666303166313065
33326135653761653031623738306538646261373232306336613039646237653762396163383431
64326334626261373130323634326363366339303466366330376363373363653231343963666435
62333932343939333730373935393735343931363761343537616132623231303932663334353737
35333331376234346136396432366564303536303232343937663532643566643266373962366539
37383437326630623665633763356464376534336461356630313333343331656532363534666165
30306432646136343235616539376533303463326434303066613534303266393863363734306264
34396534646361663864313663613331633837343332333530613365616366663330333963353138
65383437313964336637643235666666653832643164336136343866393931616664616131396266
31323362653231353830353766666438303966636466303532663738396234316630653732643562
33616336336630366231646236366135613735626134383166613431336633396438383863353535
64306433366664353331393035313765653165363864646564316332353731336234313966356630
61316634336361653032336337663463333132383732366337613063356134396163316339393337
66356361373035613134386135646235343231636137353334336636636338383034303161666134
36323966643133666430313533373134383638356331396132353766613161356539326336666164
33396337656530333162373735663964613163353533663534653032633061633461633161626237
36643839373466623565633231626431623563383061323630373162636238393034343331643834
36376262396263396233376265333963613863353430393364323632326139663634366637623534
31313534323561396233613939303465363939393036306138646164626462386137373036343731
30346266323366663232623262326162363661393037366638653766646634636162313139353463
61323731633964653632373137353339666164333935343138613935663531656165363930313364
64313463366266386538353530303830396532623238646431626137353032663637376164356666
61373263303135633965323632663032313430633166306233626234383039313237643834656465
38633936396435646131346134666435313961616161323730383462663131656666
