$ANSIBLE_VAULT;1.1;AES256
39313766323232636265366332633139646162343732333136336439643934393261366362396433
6466343765656366373761373833353265383764373465330a653837646562613730636161616232
65373438356239373563316665383339393565383130353263303938386337616263316365346632
3135633266366336330a643966383365346330303337623061343964366431366232316663623437
39383838363765303735663833653031383563316365633139383837653636336663323165383133
65666131353465643239663263333136366632356531323637616635623636343334623566303664
65303835393661373261326464393261386437666530343139653962363130333036653034343835
32653263326339363861326536663531396261313733353331623436303463323934393666393632
65373738326537613631356137623565653664396230613939373966613136343139633530316537
62646435313833633165656465316438656633626561643664633965313265316630643336653265
32623364666332346166323736303538323538346636376635366531643437333162626561346237
61393861353865616565343330376237303136643532326566666334363232363764353163313462
39333461353631636435393838306130386336626337303431653762613331373331346432303634
30623762626166306462376237313330656634343466656434306533346434326636363338306130
62626131653633623634363261336638383931343963346466326463333531306433323862386230
36326564663831643135343932396336353066636533323532303331323030343131393138393365
65303832353064366338393162396539633137326331623131393831643766333031373864653634
61343666373633303431343561366361613039653062386465383962616363343336613037646635
64343236363562386264373665346639656133653234316430633330323161373732313735663933
37346666616336663837656232366232373362373339323261373364366131373461656662356462
63383266373665393935333534336138643635346561616633626133303935383361613363353361
39616231663334393264396363613566376366333132303665613839653633303966616630616661
62363730333366363033316332306235663830616164666336663934333935356433326434373461
65306637333363646432396139306435336565623361386530653263343634353830376438626161
31383230326362363963306139366363333231363933653539376131323662363930633261643064
31633531353863343330393336393934643833363933396335303465383136623234303162373031
34326165336565643766393333653839636130653938373631663166656536326539346535376664
62333934643734356562303564363961623139623930666164653463383530643864373561303138
63316334363064373939666365646234343363623161343038363866393239343466633065353662
62396437666533633232666563633635366166363938353063333738323361303937326138313035
35333963393334663833626139373063613964653431323364333232663965366362653636306466
30663833343262326266623065323862373361313663363634326564646564623563343437376466
37373466353539386366663265356132356663663733633461313663343564326262656565326339
63653164636232666531663135333632346230343864393361323332353463653133663961363939
35633563366236353935653563356633373432376366313038653437333563386665366537633563
34646365636538336565363861306163623362333266643836323236323637363736366538383631
61613661613161613965386539633439313132323739653533623262343561613635616333643461
33313065336536643933663261643936666234646334393662353131623331316563633133326530
38323461333331336632343232663933303931373236366661346234613366346565633932623934
32366135346535666134363164643463373663373135343534623331656235353336373065326236
39343539633532326633313933646638613733646232643164366639633231626534613030326230
30306636656565313035666537303461393834626336626233313863343538316537333235306266
61366236393965656636376239373334666665323935373065396664306162343932643133616432
61353939326538663130376566316635326566643233363363626637323334386235643930323032
39313530623538363965373830613463623232333333396164333466386661353734336632383637
30393134343163306133396262373564613539383134653365376233653466626563313265386239
30313235613366386632333337306166336337643164326236653438343066333832303266316337
66633464623933636633643666643466373166323434653763306166616263633136383432636565
32656631313532373033393736366534396637313430323765346130616233616539316339383564
30366630363364393838386337313965353062316464656639323738316364623564303861323836
38613333303165313035323865323964376265393238353634653162636466613562636537636633
64306661653161353463613131653765626462333564663762616362656666393562383535386531
36653462303135333061336236383561653337313362363061383435373735623435333066663337
38306433663363613038353966666366343863316163316134366362366463366138623133663266
31323131363064653336393931363933303663326239623334333166393563306332363732616638
34376361396336633631623630313734326661393837643834653435626563393862306239323065
64386137386339616264333834653338616434303139353937663031636437633531373161366237
30366664376330396131396534393536336335666566363037656530396463323932306233613561
62326437333235393964343963623764313466366363333564646438353661383764396163323965
33626262383764646531666331343839633463363964633665623033386336393063373337373437
34333261316330613632366666363963663131333331663339303163623161633334363935653763
35396633616461613165613634333262666230376431643734663732343934646465363236303035
31396432653534626434376161373330356264393663643038333634363461373834396161623163
65613062366435616436666530653132646166643136666530653138646165613630373030346430
33353463353263666261353531396662666639373136353736653636663632393630373965373061
38633538363462653535383438663063373861613834346130663066356234346664613562326339
62383466643834313263653930663834306363346531396331623035383036356439316236656432
30653062363462336365633361623332306139383631343234626331333462313664353431356437
39306136653938346532353564656531646532353639373336386337383239613736636462626135
34316337646336633961356666633831333932373136653331386139363733346264626366666265
36386333393932373561316263313064373139663365363634326466343064613134366566373832
38343238626130643361333338313030383232616262343230666563313764383766636236343432
65633664343539633365343062633132623064376131623034323530303138353439376435356265
36653361663636333063303735383132323834383331366338363530636564343631636163623962
61666261623438643139333631313530373431636366633462396539333061313836393666666263
38326563386332343235383137363139643739306561383062303465373636656633313434376433
65313537636532616439333832393762316139613137653433303761613839363037343966383663
39316132323336333361303436613530366432666462323935303036653037616132323339383738
30366161643836333339376136356562343566353636653036313835383435363562336639643131
62613931323838356265383964663736336338623333613564393137363035636538666330386264
34666465376136623533633862656234363332363234623332356164363630633237626133366330
30626134353263623437346331383931353662386333663834363564663863376132613863666538
39353564323336333361323839316438333765656234343730633866306161363731376337356434
66633665366464626665613365346566353762316264353763386134666661336663643162373537
35643335653535363364643539393437643831616135353761366330363362326566356333353065
34343435633966663635653166626263613131396639626130363563306438623734316566363661
64376433316238613132333266333336626235303064626432633264323031306333636638376435
38623966313530656130316639616534363165373166353131663531396533393965633962656532
65316564383739623463653234343666393165646364316335316565363862653766393066326632
65313339663131663430323234376539363630333234363666366438643139393861663261656330
66373063663433303233353832383161303763626264363463643639626261366534663236303037
62333439656336313931653834353134643839336163636561306632626562373131646163636361
62303137353931626234643032663336643163336236323036343932623235653931623764333039
39616530333638616637323336653761666463353964336262393138333362366361373430613334
36396135366639316231643764336464323333326331323137303866616463656663353431363230
61633732396236346264623731353365353032393137346335353536656133643666643966393537
34623036666335343936343733616432626266623734373238373736353636636564383032396664
35653863333532386231643932396530376463313932353935623663376461636133356233313331
36333831353431323835303266616235323131363434353834333535316232323136316163316663
62393330613739333966343932323037356133666265323431616266366235386337656534643263
66643365393534376233386464386563306664633836323435633731323066386233343965636634
32376434363961313139646238363964323637373566323235663331626565323062356466366238
64326537323933333430633064633461386531316562343633343232383864643036633630663562
63386330383637643931626664383035336365323461616536383362303638333437616661343338
37373532343866376565306439306161616666366431653730653439656138383234613639336234
39376661636634336237616566343739303437343836353163623064336561336531643733323262
62313663643533303265633364613831303335346434306531633434663135373431326139383966
38623737303464333438303062396634346335326136363134383635366431393034323063656338
39323132396563643037353466313439653538663439663032363336303239636138663666376139
32623664323830653134623335656363636562666533376263356632303934393561663036656631
30623338393231326136396336393365646633343636663966316264386362663162306339383635
30316666386430343162343030396261626536363664613936323036393562663866613861336537
63303561633261633266333034366664623461363161663565303064656636333764333033626331
30303166336664316330643738646365303266666562626163646231356438633761383566666230
38386163363465666263613138336635396339613562643033326232303261303165363665376338
35656530316362653033646264363661633735636563643462383065643662323864613561373563
61333661376332653733303934636364333631383037636639323934356237386639393663346332
31323936643536383935366538373734323335396366663034336261623137643932646464396534
30353338303962336238303636336434333132613263616336306338656465383735643066383663
32306538613432303665653232313064663663633566336639623536373462336363346332313762
64653433636633343661326366343465646465373237616162316266306630343032366631646236
31666336383632666134353836383365316230343464373964363466633465343065396463356565
30656233343831343839393230313331623964633162316138303932313131306435323864633930
37643031646563383234626561633731323032656132656234306637666634616337343666363732
35323331313234336161323033313761336461663338653664613737303566346138626438613964
37323164353361666237313439656535363537363030653238343638656330613536313138303866
35336237306233386563613035373433323536366330353738313839333436613733353234633866
37396132656531353365386639626565303061366564616364396533396230313661356533363462
30333230623761313130303033323764306330646433306436376164666462366435303634333762
38356132653132363831333231326539336162393065363664363864616630326637663338356332
31303731613037346231653738646366316364393064306566613835326633356633323935623233
63356637646134623430386533623738333065343862303632386664383630643734356436303833
65613038373839636563616434333563343734666638646236633838333339373461363637666162
36653266636662386539393663393933633839326138343937303335333834636534623535616339
35393462316564376236326361643763623832353262656264356235633363333764386633333766
63636666363630343164616564316562353636323034646163353963363761386435386335373938
39313761633739663863303737313434366535393035353766316634633930626535323963323834
32393638393635626338323835383433646333326564303035356165326562313531383638353035
65326365636638643864306532333438386132633263363937653538333931643232623432303066
35386233376433376637316435653333356262336566303864636538393066346432663238646239
31353837303162313861366139353736326265613534393533376533633761383965376439613764
35636365626234616336303334636137323539386337323830636334326365343664643533366531
34613731346265356665653966633361643263636333653662656464386531613134653731333635
34343335653765343730393232313531653632633737653561343965393433626233393963303034
39333731326266373931383634326338326463393733353565666435656361643830336137366461
38396437636538383534316637656335633538646337656330366638343432656135656436306638
32643535333961386438353365373266346539633637346265333239316666616461353862653861
62323661646663353866393636303439363763613562316362393130393361646336333135343136
61363662306265383362646539343533643339383563373538626633343638646338386233666134
36343234633536633937306437646133636265656135396261353033383832626135396139663261
38353834643331643036343531333939353363313161306339386431666265353636633934666236
31343030646663316233636265346333343536373836383634373763616630333232613361616237
38356339353365396633373235643065336635666435346564323435323962653662376162323063
34303262316664303335653130353337626361323664303231346333646533386530373435626463
65393562373231623135656163653236323831623961376530393339386231613461636263376634
65353132653632646530376661343262643862333439343538373239343732366135363364326464
32333138633463666164663661363430306466623236303863306535363339356564313233646533
30646136623332623636363531646365623830386232653366636538646636366233303337356461
31383832363238636463306331653935366133616462353165383332323339646638613930636639
32313962653265653634616363396561646132626233326463646536333137366239663239616232
31313433326536623066343966333734323338373565663864373835376433366462303966656338
32633831363361613033353733323763633738336238383362613837323530623138643438346530
33313233326239623730303064643161313538353534376662613234333238656665623162313132
63633134313835633637663032333230353962386337306137386263306532393461366531623066
33306535323937633838323139313536303364626337643038393331616438373364646437613331
63623361396138656135636437376261393630303666323036363230616565626139613934383864
35316134313765366637366562336432306439646539373533333239653939393135313537396531
62356236633630383336316162353966616238346266633433653162303439356538663730343130
37313637653262653337653336373437623639623631656232663936323432373635623137303933
39386133306563326634376662373938386133656239346134393530383232323765623838373737
35353664646230613831346537313766613363356636333531643734663437343831666435356539
36646531633665303564363331333362663633623739353030323139373862623532386239636535
65363838306266363334343838616436653465383937383334333639383635323361
