$ANSIBLE_VAULT;1.1;AES256
36376463313865333939343836373237313564313263303663393562316563353533663331663262
3139363566666233363965636534666138326361613832310a323839396365356135656235343434
65373561356361326431383765346266333964663366636439316362366634323666623539373666
6533623963336638630a376631656439633539623364383164306336316466626139303562326662
34333031626136376533653738656631666533623930313364653937356130643131626436656262
36636538336238373931326666336163646336646565336265333332373764383030376134633138
36306234623137353034333364643631343831373163633430326435363038623834313434303735
66363532383730666339323034383961323837666461636466366163313234633138343565623561
30353966383134326630613434663632396234633161323133383336623664323838656438363634
63663663663230383266326230323938636138393361323566623766313639356239396334373135
63643237373865633538633432336361633735653337633065633335353036343762636631303863
34323331343536323065356330616530376130343235613965663938326532656437646130303765
37346339373234373933313834663434316138383461333933633938343766356530653636646234
33373339373564383365646262303864663564303163656330623964323764366363383032633065
61363732306162626336333664353765363663613939326237653033373837386263396235373064
64316563396365353730633138666564613861313133373531303566333065373166343362393431
33626233306266343933313764616330333637303635656239383239393162646535323263356266
63333065323334623435356266363837616562643034393464613962666437356230626333346462
30643032373162656438613766313036313239303333663338333731643837346237303333353565
63613061313564326335636330386365353365363330363831363235636132303761333937313031
30626566646638386539353564343132656638353531333535326635346638386133613834353833
32636436613439613062396539373130373833303664376539353539653263376666613735346539
30363434636434353735356162373739306166346465623761316335333639633839616161623933
64666164356466646435306137633565656566663563623535303366326335663039356436613539
32333837633232313764623139656464663464383433623333306265333632623933623561623530
35373266623062666466646231343430393561373463383735623232663337656335333130663562
35626537666638333133323235303066613262383232323434313238316235636464393131616331
64636331346635653337613965663631666263333063646364346465353661663962323232306130
37366264306232323838313236653164613933613833633430616336396366393161636663646131
30646134303535636665356531663339613336363134313461643430323964613564626436633938
32373732323937383137636537316337373264373631666463346161313065613934616136383464
35383163353831303638396661366537353239333564613135656138623037383132356331393934
64313264316333323034346166323730323339316464386631646265323931613537323037363863
61643562613231343264356362643634616363663830623836353365653866666663626332613238
34653661386135366139386135623835663961383665333531363931303530383135316634616439
61666666613434366166303531363039353365393237656566346363303165386134303238643631
63633763346331356238626231383538666363383165383731323032616461393961356231363234
65366538653138653830656233636264313862386431333363386461616236376266333035316132
35613261343663636262383531363462373930653933376565343432356430393065656263356433
63393161383065316337366661623863306361613330366364613936346130363933343862366161
33373966323661343965316533313938393632663264316362646162343031316662383132653932
37656564643138646636366636366232666330363161313137663032353037613061643433386263
65303963383135313861316635626333383465373138666562316335396261346238646131616633
63666264623731366532663334343731393836653533313038643031383566376364626139636234
34313034656536386263373865623161383230653437333463643232373435363063383037663434
62383335343239653366386130663535353562623062386666636333633439336230393564383336
64386239353266613235396161623438626563323032326335656666336263346164333331356632
38346133366637323035643763646365643764363161616362333535656233393737336533353566
37363632656239623634356438613739666132306636363765633135343734383634353035646530
62653865636639303039613735376139376262303039623961393134366662373464336161363239
32646336346638353732363437396237353666376266323036376434303136313566366430616335
35613931613266323139343139636561316234626436373037366330333736643336326339366636
36646337346438366165396337356332303537323731353735346261303031333266333230343835
63386532623039366635346232653261313230373261303731333061366337323131623238386231
62313161653335343939373735383137653336303963636431663537313462386131653265666534
65616362353238656435653261363362313965616563616137656534353633363861656238663133
36393932613162313037343737343462643031633264363239356533363636353663643536373263
63386338646134656432373163653666346562376566306564373039356638343031633662336666
62636665663965616538666533323061393962306637663866396537313733356333363930336432
65323037626536336139353563396433626235653562613436623638386365313362616533613532
63326635363661626433383063616531333161326665343936323834356462613736383264356566
34363261316161616465643038656132636230353337313162613062393736326433346533306334
32313962366135306566376635316338343833616466313838623137623730393639313634333764
34313739316163373261643232376364313037333538333232343864373539653039626537373562
61663762616261316562656661366531363431656531313361363838633761653033396366363437
39323935353665316264653662356566346561376262373737616331306366643266643863633839
39333132303037653334643339623831363734366432356466306138306238323135366435633464
32393630346465303364623064663330353366303336616133383832396164623334376439306161
66666331313331666538326537663438366132386133373636306236346162656632336538623639
66656132323566396230663664393964356264383262373636313239656331346162363432303332
37383637656239613237626463346535363138386533376337386335626639343034373139393737
39323338656364383664643366376465633639363263333131643163623639393964613732616265
30343732336365373761366330306464316232666164633538666261356433363234353866346331
33303364353331333365333734636634626131656136663733316164653463623738323161313836
61323933383630376462633131353966306637656135656538666631346437616438373238386264
61346666643031363165383238646132326535613133353361316430393865636666613265663035
66353466323436656633623930343837313065386264333232653031343937383432663333373834
39366433313438656335623831366332396562386438363363343036316464356433646538336365
64656261333930343162666634616464336331343637666564346234363762376336396231623864
37643336373039356238336666363166623235373536333464643934633061663933393930646161
61613265636532623862373337393563326431353834633531393433383231306261653964626437
39333862303633333065383263313662646563656236323734623963383462613939343062626138
38366230343438366235643037623935303937666362383338353137326564303566636434393865
66653136633139613535353833316166633234336334303731623165383666386639316232303135
61383964336464383165313932633030316632393466646534353634343361316431313766373634
39383632343837613366373363656232356533353335373133323939373661366364666261363830
37633932316238613031663632323631386565666639613938626563356234646137373839336162
32656564643762316431343662323130366663613632376638353962343563623939336635623033
30346337633034656531346435386466633661323265613430326134393063633938376533386562
36386163643133663364633735303332313665616166393765663939613364643836343538323737
65393663373766343965633065386334626339353937343334333935336636356262343061653939
30373632353739656363303630306539623064363339383061396562663134326531313561373033
31656336343136663838656164353636633565663131663866346164393765653664646165643363
34633733623731376230636661376436383364346361323731393433613832346538346135363865
66636461313638633364306131666337356537653162363535373732616635653961306233623862
38383961313132656163393332396666336466323433303838383430643730356238373761663134
31303235363165363435326263613563343531383762356634303130396633363535303563333364
38633137656537343763363662396538633066653763353864616162373939343034323861353263
64363037306635373432313463373834356631666261303663643937653332666463636339613061
38663737643465613334643333383436346666376539643938343736663238653631313036373235
39393830646233343934336130623261653863636237336233373437353135323837343363326236
39323637646466366664633738623932386362343932396139353966373263396332616333636161
38396564626266616366663230613936346439633262626137623862336563313332323966363539
31623964643938356637303936396232626664323639653362633735373735376230333063373064
34636565373933626630643965336432346337333837396162396465383034336539333665353130
65316432393462383431646465653166643833376662663832623733313835636565613531373839
62376536393233313431373664613035356339386162643165643533643037373435383534656339
61323935653661303731663736636637333135306365633037346331306138373239346365643539
61653032393530343263613230376264663033326631383730316532323438613061376433666135
36663132373533396462653636633465653031613363656663633935346461356164373063376536
65633665643733383365353631663031363438616231303466626134313230623837613737373161
38636631623663333461646138383830616537303631613330633537386635363863653431306663
63336136363931663238326463313935363930303132363531323931643839643835326335343561
34366463643931613335656264623235663062636539613464306235336137373861363237313364
61393361383632393031363839653966626566663738663732373665653734633633643762353339
63326231656665333066326566343366663235643635363835656534396463613038653835623366
30353637373538643230613765313331333266656233363266343065626130623936393831343034
35373937656233396662623335393431323863306239666432333833326665303230353137313961
30633034656261666438343930323837356135663732346436636163336665346435303465646538
63636535393636316533653931393532653665396431346265623234363661353931373435613138
62366338336261353932643631633264666264343763323739613666383561353163643332636664
30383438626634346131656338653339623039323037653134316236623230346562633430336339
38386534633461616236646432343861343833343462393635373138323731366339346466623736
39663433666161386463333332313932306266316263643534313635383264663436363936313566
64393135366261376432616436373264326462316363333864356264613439636436653961663939
39333561336538663932313036626233303132623436366264373334383234353830613938643731
62303964636366393566363431363338336638353963386664653439303035663962326462373861
62653638643662613433643462396238333865646666643964333564633862373134353261626266
32323761633062306236653339616131303138633562306664313931323430323637646534316462
36333164653031336466633735313636353537623266623734373836366237663131343230616530
33626462326337653561333631336331376239303334303062346338646631326362333939373237
38343433623663646661336431653239373231316535383462353839346564636463633838303566
65366465623530643737643461623834333833663730383863316361336465613338626536356265
36366338376432396137383736303362636265323763656237343635393333396466646565343136
64626561333231616134653062353537386639653530623430646333396263653166386236306531
39306666633965363061643636383930623861613738616330316465376162663363613233613039
32313736363034633036666231393835333034633263396530633431643166376638616665373138
38653261656461323265333135376234306262646562383430373137613630313462653966613036
35383239666631376566663337353865383139613862646135373466613365626138343434336364
35303265633736306238386661363739323338336131356139386536306639353933323062623066
37323639626466356564643862386263346631386439396135346535346430323733396237636137
64356539386663613634353463616466356165356337343736633534343636373862343435633639
39316233653031613431666332366165363931393739643633393337326131663232633031313733
38343037636133653438366166353735346162626339626638653732613939336131653035643835
37363835633532303338356163646638653532643434316431313337323436363932363937636665
30363032636163623033613661396531646664383030303665376235373066623161356366373363
32306135316532303930393835653863343065646435653834363866316134613138333532323330
63333562333434633438323835656235646139313166653935356164636432656562623133623562
33306231646135363132303866353065303830623738376162643635373230396265346563393438
34613361373531396231323662343230353030306466633861613361333766623061373535623830
66343538643961663734616163383331363964363036356330643330626539346438306231326637
32333833313632366531643139383865303635313063663966316264356537623235393163386366
64353762346535396565336263393737613732366564663962393363356335303236383632366535
62623033343134663631633230646566656531313533653132626362643533306436373239623034
36333066653166393036373665623437613364343237656165356338613437663163646336326566
63643134303362313134303938393735643065363239656262333231393633613536623966616435
61656566393363376434633837333566353336363763323862376466643333346537303331373632
64653130643837643137353438383566306533663738313734396563346639373266616130656338
64386539663133363730623232393061326363396264396638393264326132363730316630386338
32643531346231316533353535653065656461366464663238623333396335303832646532616465
61636461646433333337336362623265326665346338386131386437376630626361396630306463
64636565343432343066393536626563366632396131396435633866383161653562666264623733
62356638393430646536396331643163663536633230616163643837336132306534383039313831
30373535313939373066383739363438396539326431336634393965663330633334326465343336
35636165653230643832623564363239633131313734303632656434623532363762353236323361
39343963643237383432303135643830626431343863666135643262386237313832663264653362
30383233623065373061306164323039323132383130663561333965313933663863666436663465
31303933663764626462653137353737643731626661333363616330346163636134363630663735
38623434396337313639626461373362626564326236613065336431346161303237366264393163
37356231663136663335366533363362313635383761323833356230633430373562343532336436
61643866313538613434336562383839323431313462303163323639613337333832383837643938
31323033336131366366306636656439373166643362386365653035336535333639373536383966
64333966343638386161333232396565396533323739356137376339353637303235
