$ANSIBLE_VAULT;1.1;AES256
37316538336461376137646263313963643838366630353561333435356237363762366639373566
3665383233336636363862393436663632663961373862630a653632346366303138613664383039
63363639626537396334323765333439383866393336383563373332663131313338346638393764
6465666166616261380a313539396536306433643833653362656637616230303530613837343762
32653235343363643437366136373463373833626638383438343361666166363035353238303733
61343236626463643532353630623463396162656539353164633135313039663536363630326139
39656464323832346230393136666535646333343366643938306138626432333965383237646630
65663365333433663130336233366630343862363736396266343335653433613063376132643135
62643464353632343736386434323962343435393434393531326430663638323365613931393238
62616266643233616163623932333962656535316436363434623837306564346232376465613234
34333034373130386235383433663834346362373531383165356337373063616136656562633661
61663237323632313761363738326361643038656238313933643061336234653039366333306261
64636439396534353338303731636538303631366239316231656130393462363133353235393734
64666136306436653435646439323537623331616532376361363132306239356266346563643363
36373661366239373439376166383364653436376438316231373037633530613836653364333837
37346233613636313133343938626532313638656534393833333032366531336634656634313063
66353566353066653935326533623233636362633132306337346164613163646131383738643638
37396263393265386238373031643636646634663134636336316637343837323264353030646563
30313337356165653566393461336463626465643034633130346530383962616439303532653732
63653735323364343631323933333537336538343362663037383461386562616132343966363031
38373262643534353330363966366130323565633831393463323234373866303261356563356461
36363262626632353030373336343966653036373738373031643561366261323137623930653462
33303538633261643331613963623436636633396530396266353861306163653730393934383439
32333961633833333239313734366636653365373139353836326232383561383332353230613766
65643532323663633631653935653433346334303437373035623036613839613262666630363637
64663436613132366233363135623835393938653761323536623831353233373832386336643433
39633235313132626437353736613566376237633838623037633236626663333139333137663536
36363530353939646630353962303730383338393432626466643636656534313832613565636233
36633438363132376331396239653239343065333061616531323937373964303034323439303238
66353966666664336332633031383838333766343138353166643164613434353338663830366566
37373937353834393034363636613138343639373433663962363738353665313734616265623835
33346462656433393331663734303736623531306561626335376135643732373430616339653636
36653637326663366266643464616663643033666638306633653230636263393835306537336633
33306363373462666363313939363261653766373638373231666162373939303538303735333466
39316333313839623665396134653731633766343038336563633631666237383166356235653136
61323365396134333536626538353134643331313031336435376163663437666533346535346538
66346330306263313365613862393539623436626631633061353637303838326264313666313439
66366362326135373737343236383461633039306662313833333633396337313236313433623664
66393063343734353938626430663831346264613334356633663039636662353665653035353931
64323837343635316133323964383233646535336632613765313832326433636333623366346162
63353466346538323833396636326636356162346134346261373031366233633637663061646236
62376332643433373466306231643765373563323436643266323335653531623436376230373534
30623666663364356630666539343835366533396361313432333931633030636663373261366464
34326230353964646362666132356432336466636536333131353036373238346531633832613662
34343834363165343562343663326336393162323530346663393161346333643563656361386561
64616532383762666135663533316638343063633239316532353630633436626561396230633834
66623539366630356532306461633961653739376538306339626434306666366163353230366234
36383262646436616330313139656535333334666135323034306462636338333936366338306261
33303165333535333561326139333333383238303130356434383164656230323362653839646532
34376365366366626239386564356339646232316566623963303264666666656630333662613836
31666139633163356234353065386666386366336332633830623164663530353164643839376136
30396534663436616237343638343335366263356561666230383162623938626564643935663236
31313062306464343339663763326535376462313834313334313065393861613532666630386366
65623736383765613265643635376662616662383832336230336331643264646431613337336130
61633135316562363161336461386665346335313764623965346463366566653161376165393565
38333333303937313065663533663534366236376135623431383433353431343764373562303832
63326665353566323036303439326632653433386566613236633737646265356638366234326637
38626231663530656134386336303936633638363338373764386535653237373430613666363630
37313362643230373833653030633063393665303664633865303761353961383766393466383239
33363963323137303439633639346231356433306565623231356137316531306137393363353665
39636665613761303338313636316135646264323039333963343966616332613638643231356232
39613962353765383432383330373465316536633937623834306635313238396337343331353332
38646532646563303765623764346433633264363366666362333835386631316366613733393061
64303261306462326563623666373838386434616262326264383832656236656530323562303731
62653266356465666565303762383932373033393532373332616234336163336661333239613637
38376231663934643466313365323032373433663233306539326165653737333036323861366531
33396466616266363030366138383464653937383530386539336463393461353362323034663330
34653931306661623037636562653435373737666365323836663037643335346636336262666537
65623634323261633530376465663936356531303865373662386339633130346131383361323334
61393034346430643862663363616632353163626265393738383836313932383237343131353231
33386363653334663431353766656366643031303162646662363337333261323766633562656133
66643533383762353064626439666237373331323364663738333133636238366235656231656136
63336137303362356535323530393335616534373137616465353462356636326239363139386231
61396330376135646238636463643865333064653533616532656162303763386662663463323262
35346136323733376364363539353830343836343339353333633838383566643931663464613432
37396463643061656330643466323335613166386337333132376439646336373438306331656331
35383532396237336162643339383335316134656436616630353136663065323862643464343136
38653731333935376232643137383538306665613336363838396630353430326463326130313531
34383138633130316439623865363433346531333430353738356631303765343730393532613434
64626466396236386661666663393862303731343935346165356430396330626435333035616561
37623531666539353633363238663261623765633566653565623262356132343930656130666534
31303033613165363837396561333766316562643336333533336263613732323439396134353866
30336439633262613163646430346430333630303336376634376331303461353164346334343730
65663266613233646266306464643634396634326537643863613535616465646331393463313761
33396163363864663363353332616434656337643836303939386662323665333263346662643733
37323635613638666436303766326562373437303561353733303163393439613632356238376239
32353466333230643330333335633461313033313466326237313131373364376661323538316136
63383035333765396338656430383030636162643564373236613534376466633133363663383236
38656139326465613232623962343462623739366230373131613265336330643735653166653031
35323639346639616434353137353564613331383932393030653362343962336137336461386665
64383366343334343863316439313532303836323834366239666335326365613334646634643033
63343531393761653463653061626161616561343534323734643736633963663465633539616364
36343434343934386364306566643561336539323739316436346636303237393365336239623039
65313665343132636364366230306436396266653562643763376632313866643138653431363766
62386537356431323765383337626364336338636466313062303866366231363737366333366334
32643966633636376139643761656666303061336332333066613339316139643439646636373261
34346664313637333466626430666634356336353833653131376532656637616264303434623435
31383736366238313938363136303666353531303866633761333766333432326462323965646236
35666263386532326161656136616165386661666239616265366534326563626461326634666630
39383232626332343438643866303130633031363465366630656232653934326436363931383431
61376164363937303230316333343962663034313763316439323563633432346331663266343334
35623134326163383965343935373864373637323233346235626636636436333030346564636461
64636261393761326334386538383866313764323761363834373762346338316162326136363366
32656533353530656664383164303535386663393934373563396538643435383336386537626137
35363330643038313039623732303439613731626131363764626330306334626635346439323031
31356365613238363834653264353961626131393538376634616637303233613839623136663261
33633138316562313064376130663833623635373032336639333861393534353132643837373432
30353061356263393264303736646336666337366365326564313736643261386662396562343233
37623633386561643431626461323836633837343738303033653739623363346366336132633534
66623561363137663137316261346666653831356537383733393061633031336133376463356130
32623135653962333634373964306137626133643332323930316663613839306333336630613134
39336663376563343839323737653864623461323735396166613033643662316138316163343061
39353939343661366466633139323861366166636565646530356630363838613434626537613732
63623364376237303263666437356335663562336131333065356237613161626465373063313534
66646437363163643061626539656162333833613563393839383761303965343635636166656666
62303130613335616434336430313037363039626638396263303435643536323233353532666437
35386662323436663337316137663737333634643661323930663662353263313437623461323066
65373034633830393935633637393664346336353563396139353636633233346139303162633965
36363136633738366664613236373163626566343437393932316236346131333065303730666237
33633835643363346434653364663531383739613138326339636430663238666433626635306236
35326335346366613231646431366164643237656533353332633531636364313763626433663535
39633130356563366532333364633032386630356364333035363930326663313437626135346236
62313463626239373739363438303938363435616461316165303062333364383937393839366662
35643963396533373932323866653131313033613466333238643836356433393537663534663334
64323934393361346233383866613665613236333933623432343137663464653237633465343664
37306238343234323738376234343563303131386535643233363666343331663134346562356231
36393035333833633231363633346432323532313566356335653765653237353732616264643536
30343462353965656139373238343733613161613030356562626562363665626463376434313732
37373432373266336534363731303863333239633639653634616537363866393035316238363965
62663731383166353130623263373165313263396234333264343436663933383262623034623665
63663466323065393062383966333438356365333766306663643464383464306431313164363266
30303139616637386665346238383465346431316431613562636234306637646134613336353665
65383730393762613962366361306631343136666639333461323938386365303932323763616562
34366562336537376361336230356664636661343639346336366539336133303834386530326330
30666131306238303563636630643464613831306331613034623534343464333532366137653731
32383761313938346164346437343330396336623734633062373165616536626236653265316134
34633832303633623935653732363036333836363637373664373631396232333865623462613336
63616330623863633033316164303063653765333966396636343637343931616639373465663735
36303934303963643437373862383661396566396433653965666135343966376332663331623733
36363764333134646636653439343331303665316437636566373137613732323831643063613065
31363263663435373437386265623039346164663734663230353332616432616139366236363934
65646461353937363332636137303935636465393165353565386232313965346339306662333465
66383030653163636331386438323665653766663966306361376537663037663866643231626337
61393431376238356331363133333938383861616161343432643335343637663964633666396337
37613633363339363339323066643264373639656164383264313266613533633137623263623262
34373936386530373462393939643830343637396164346537393464613861386335343462343666
66383832353765313536396336346433316438366336346537643633326233613365393765623362
61386231613133646261383139393865613061633536363264346563666434363832303137356636
61646331366266616366333961306164653431623664383037346565393138373039336530336566
62306538636566343634363561643739353262633365343466363832626138623465316465363861
34396137376533356235663333646161396230383864363135633633663263303936623539356538
64363839643831306664666339666434383833366535396463373737303637636439636333386633
64646132623064353566313864613462313464306166396661333561613661653439646330653661
32613337386631326462356136643931383537626531333264613834396661303038613736343466
61356462383135313438616238313339346238653237333536633539323866663663626434653332
61346636306430326531303435616235323837663164333965393030636531303965376564343662
32653465613734656165633439393537363430356565343366363361323662303963376238653432
36343231366234663334643136396637343039303864656334316538623166383436373436383136
31336561396331636661373935633030343135306636613364633261613339643839383530626230
38363036346334366337326261393164343861323633636339653666656135333532616438346138
38303036383839303464306164356336623266303632663538366433353533363861663038643039
65373230383762326661303366643734663963623764313530386636313536336534323065366631
37313236316262626538346633303362363339346663613364633164636335623533633130323765
61626363663232623564626430313138623263363432633562623039373239656563616465393865
30363064343763616233373965396139616466663731663939623237633661646563613666356433
34356233366636613539363538336361373566623965306665623536323533613564313138633065
35346364323466356366303561653134343533323137616336643736653064353063663337363964
64643934326135316562666461346635353239333436323337653462376538623733663732353033
35343238343261373834326337356262373234383161633432666332313735626165626364663834
33626535656236363832613331303164653431353633343130616134663235373134613434356534
32616336666163356165653931643461653736653530613336353732303632666136373635666565
35313833613866353538643261323262323631346361666164656434303236373366323563383936
61623731623735303133663638663765626337666463353238373665653032366561363731313639
3531646561363764373163326137336431663539393833643438
