$ANSIBLE_VAULT;1.1;AES256
37353432646563356431333930636439653261373063386437656438386136613865306431353330
6465363363616433306339343232636632613633643639620a643666383935633765376535663139
34613263306335306663666437333232666136646434306264326131663831656339623866336537
3537343265633336360a643235646365346330313563636363656365336365306632393738393661
65633965353163303637626436626632623261656130356137323663313039356362363435376262
64386134336135396339616463303539666466626362383431613338303030666339343432346532
37646566393765386635383561363636633237346462373066363133643134616662666333336630
39383161343564616530343461396137663063343964633734353534393533323335656636373063
35373762663134616363383961353234333735373434643463623034333639393534333432353335
66386538373932356364633533396464623034633130333961353566303136323865316365353131
34303033656532333236386432323238653437316135666364346532303336636666303333393734
34323963623834663430303663663462656565646464646531393832303136363334373730373131
63613734616161313430616536643063393331376564356637643134393938623235373236643166
34613862313731653139326533303632333438303630663532646464363038343366336530323737
32356165353035633966316332653438656534643932623331366232363764386165333364373536
63383236336330653761313934356461623363326563666636346631633632326665383362613238
61346132383965366535623965323766613864343635393463313865353463393338373739666662
33326230356265353531633032623866316263383962666433386630373131393639366634643237
61363530313633383131663461363734643330336232343938333062376232626431663261316339
34343861386165316336333663396132313636633262613936306261636233343834396638323264
34626362663363653538666539656336303638373230386436313362343633366139353331363363
66333466346337373430636134366163633862306337376461613538323235653561646131666632
30366338303834306261646263616333353336663263393666343764666561633566373631323266
62356634306261303433663738396430336531303963636232353763393630353838613266316334
62616430633638386435663738646233613634373463333166633237303138303431343032343564
61643566316237363466666464613662303466323262373136343465333832363962653039383231
36313662303462373636383331303565353464326439613665323563643463363165343233363862
39343038633564393232656662623139393233636238343336633962303231306165303737613439
62313531313862313465356461393831363936623437633438393836396539613036393132393337
36326632633263656465636437363966636136303734386263663730666537383966306531633531
38323564303165353865636530316332633031386566613534623231616463656564303462663635
36316334373335646531323761363534656232336239646234643239353438663039306433666332
31333738306665633130623565363537333938316636303964656363333530366133666266363630
37356261616134383731323866323838373732636564633961343734306137313135383534636231
35613334386261616634316337353062653965633332316332323866663964393865396465353566
34653665616461306361356434353363613134316234323866663438376136373832393936666432
61366339396631333761343961626164616338346536323137646131343862306433613533666164
62663437326162633230663339656139363937346464336638616162373537653134643934623133
62326261316133636330363264633664383834363638643130393930386631306530643832663035
32356362363138356361316139613538666461343864666666386635323735386434393533383538
30386362653631656661373832636230323933636361613933306136616339643634383636353863
66663837653232636562333364613962656436633963313861613662616261623438613863626661
34383635303562326337643839323265323035623239346231623037353234353765383434346635
39363830366336626232656135336266646463643464363166313534336330323564323234383964
63366565616438303138393333643262623030626262666536656637356635643262663532656633
30353163396164383335323766313764356334636432343831306362323964393836383336613262
32613665393334343563323634363661343566396363626336323235666536336639636334343065
33316138376533656234383530653930343865303763666333316639633965386165313538353333
31373230383163663963336361323939663739393031396137656362363739356162383334656530
31393966663336626363616537343239393836353431663865633131356638383431623261616135
63346339623263646464353764396539656665623439346430646263636663636664393939323434
65643737373566363563613237336265353437306261653461303362633332356234663738373562
37636339363266643037396333353564353134633230373730633665653663373565356433353938
37656465363833623930323665303263373666626436376135326565353231336366653835363439
39636265396366303362663536396537396632623563316637666338313032313937366266393164
37663364633664346165663631303064396532366431666232356132663236643833393865323262
35396234376130346637626432636430303064383833616234643462663632383631633637353335
36643230303034383133393766343734313666343734343663363962333332373566666532636238
30666137366137666237383163393663393930326236656438353737373637393739316465643264
38663834626563333339336161613537653932343931656138353039663761353436326230366538
30326631396332313666626439663862383163333932643934333437666464393664353030323537
65633861616535643938653830656237323937396433313764646636666432333931343834626133
31643630383038316130373235373737383533633537626562623037326562313633633834306337
39626561653130626532353939663630366138626364623531346132623164373366636439666164
39333830386264343162363234346361656334643530656631343136613235653861353032353066
63663562356465653562356563373965623965343763633738363630323837383330323937346135
30613132656462376130316438336538633436303264313137663065356634373731326361666362
39393137333933376439653636303732663932656462643062356531313833386132343534333539
34353737343766343432346336643734323932323361393564336430633138393736303634643962
61393533353038316535613034373538386266303637333731636539393035323038653036393633
35363563363733646362323233366166323765373262383634363336643734643633633066316262
66373932643738353062636333623238346132346661323566383137633932383233336435616366
30653962333566316638616333323633306236306566366361653262353531366163313661393036
35313737636439653162613533313164346339376662323663663238623264366465636133643133
64663161323164383439333830623637303236376437613162366437373135353433663330323435
38646530376332346237336232666335663336373064613231663339376638666363626363616131
65633731653237343534343662323437303137366435366462306635376534316363323565396637
39333863626537626432386136646534643664326165386534656566613832663063313766303964
62343035376130373334313335396636383165326435376439323061383665616132306437646466
30616537313737653834323930666635353562306465383131653334343836393866623861373535
34663930643836383739643966363961666439383938306564613862373834336463623362393239
31316562613963346231613035363033303530333862353332633832613062316434386332626132
35333935653138316433656139663837313261643935616661313535313439363235356234636366
66376534303632666533653836376562323363653038616138383533353636316137376465663633
64363962663934333565373039356332636136303163363936636137393233366434346636396436
30623933663130636666656538343362396331316437333231366263363565616433373636373661
32666663636239653965383230353535646635313330646130303665643530303065383935393262
35353661646564373335316534373232653063613965356434623035353762333933376636613439
38386439343333346230623535663935316466653739646538316361653339653165623736616339
62313437643238303134653531333466653432626137376433356561363233643836643631626237
38343664383730653936643231343634396265653862356132396236653339393664616366356465
65666439663135623634396463623664343536346465623339326462306238663733343562323639
35623139616130396238313637323336396534323961356435643934343866613666666561383935
32633661346535383935623830396665343336636134303938393632353435383533386262393235
66363162326434336364653261643561363436356561383237343362643665616437333735333561
37326165383837376639363062656365376331383735633932366334623132323239613361316435
61643863616237623362656436343138653338376535316637633333323437373335396432623731
62306434613566326563366561613966656262616334333764333263393430306536643939326661
66336231613163653364653762636136633531303264366264386261373063363064383830313731
33646661386362646135333163633566303665376537626662323734373366623139303536323636
63353835363163613861616136316332393734383664653737303131646363376636326164303635
64343335346339663962316634376630383935306366626461366137666133343064363963393136
33613964643865363463343333323330303831383530373738643430623463643635393464666633
32626462633362653931666431363035636530366438353764373930653438396365376330336231
63326635616131656539333861656632343337666366353835633534383237616566666535633535
38353835303665636639666262353566356164343932633261366533333331393135656334353237
61373839666365666365663236316661383739393762633533316464646462386431323339666332
36366365653939333461396562393562346638613234306532656265653634646437356262376166
34646133313534316434386232623234636362373039363738383639353536643666366630393532
38346631623730306538633437303165366164623932393433636231333162366637663662386531
39363434316539343532666139303338643864316266353837316237346663656530616462306162
37613437653763366539313464306231316363313664666134636363313166666439353366363430
32316365316134376161663436346265343230393937303461386236366461616439643935313039
34653431663932666366333464393564316266396462316432626333313937336563363438623866
31393861323036376532623333366465393162316133386434343838633861613461366163303963
37666464626430323439666461383562383635343136313938646265633239613030646138323639
66633537343935376136386537336236666233666266383931373562343263623933353434333163
61326462383264323730393332353663343436666432643434343432646566633836343739373732
64663333656663316165313336653965363966336634616438613163613437663565343033343562
32623465613964363030376433616364396363336661363464653534626435386338366364333034
37656434643162633863313665346530353032363565653435633832646436353231646537366330
32653564323334326162653562306166366466633264323466386131363931303836646263636532
30626338613930313463393631656334653930613462373435656634393563306465636530626530
38316335323863306236653137616434313761326362663635643836313831663337373665363764
64393033333339356134633738323863333666313636383737323865636436626632393464383832
31356663356263353933333964653833636164613034336661653631376161343263643565346233
38326534643831383266633965376638633464346332663738376436663461663034326331383635
32643132316365643263636365633362393436636361343933643532346161616439646164623439
62306336356532636137356363303163303135343064393365306130666665323462616436383030
34646163613334643964376231333032373063326637616435366336366635333964363038306161
37653266306261643763353033636632623261336533346235383838313266306364303432316236
64653966356565356531353734663734336236306536396435373533336165336361396236326262
32376339343065303133666433393235366139346539323636663765313964393566663633663862
65396531313334396232643330343335633736323261393833636164313330316366616561613833
34313832336365656665636463383031353630366134363465656366393637666466396163393637
35633436653762643734633162376561623436336261653837313331666233656166363435373461
65326630613365613966636531633237626131393262396638363939666434643534613337626434
66646464306163306566326638353866643230626663363761366166663561353565626634343931
30363936346638623932626165306664326463633465343063343338333634376131383865333730
33346538613839623233353738373466313231663930393565646166656362363666613238393135
64303830383030383033353262646534376431623336653132616466323231636338623961343936
34316433353835636165316431323836636132626564653331666334626330643339623434336163
35306237313132306434376636626530396336663761393766396432656436333136326163303638
62393937366537663361663563303037306564386166626561393338353837666432376134653530
32393434333934376261643936643532343832666266306630363266376662343737313335363435
31663566656538356130336137646266366636656335353561356232636537396435346130373136
37613635393835386666313363346563393233313663663833303066313965626537663036616638
63633161636333336533383939303734316231616164633032343636336339646636626131376535
37383230373534626563323439633062326364393762336331326363636133633430376662343339
61333631623563366265356266346234306332343638343163653561383530613831613637666339
37663534616238613761656163396638383262616533643738663365306433613236623039643765
34373163313863383064363566666164613061363530656230313063383266333137666131626636
62366335663866376339326530616566643439306337613065303966663236326562663765303864
61326561636564616661326331373861333336333262313435653839343330633965643930313937
34396130343432643166303562333837316236666532623537383437306565363162346233366334
61323636346366343438646465663532643534656536383231666634356338353034666235353633
63363736646432303436646462343537623731633932396364313936373832353539386237386631
65663365303634373036636665313366386463343833626236613234353064353933313737313039
31636334356331303336643762666636663235383032353261363862643365303439306534353062
62376234616231313037343431623032336439316133616234313933646535306433323631633861
38633131653434373636306564376436313931386361343164633862613266653531346438653761
64313439376139666637363130656530343166636639666336663331636436333632623239373436
63363632636433336236323261376634616637366439656363376331363436303964643261313262
33366662336334626137633635343264646464373234623638373539663865306438343535656236
63386532323139386539366262393635323235336234393262356234656236366361383765376464
65386664633334616166623939626238366533656266643564353438323363373432653335316134
39323838313232616539663863616532656632656566626638636361643037336431356134336538
66656333333937393236613735643266666437353861356532643938333530316165643631643831
34353861363338386334636237373461643039613562313266636532353662303733613762303766
30336533303134306563653164643665366634353664316336386465663033656636656435343463
64313239353534643539353865633937376239323336326162303266633436306164653666353231
37343739393765303339313262343330396134386639633430333339333835366438663864313339
62626333333736303832626132353534323861353261363133626233343264383738
