$ANSIBLE_VAULT;1.1;AES256
39313830646564643138616439383034396462323261306530343263646333376531666263373239
3533353636653132333330336531373166393562346335340a376365323035366432623361336431
30366636326162343436623863656262353333646135333639623363666664386566363838366630
6466643338653137320a376538386635663466623632376661666435386539373135343764653533
32313639333234613435333164373034346664643765393038306233346336636364383339316461
64323864363037303631333331336331623335396634396537353739393638656465616366313964
63303831383962316439383961356237376338643163643635323762626363303631336432616631
35633137386336326566353831656235383136626336393263316434346464383766623039393936
31663734396663323233383136393834646339613533363531656564306536343331656434626230
30383237333331626532316131386538353261363736353235613833623464323331313839343834
66343937366164633635366436313464666131396137343337623032333134353064646262613335
31313562353932613533366639323163386136323630336661623831343137393264373762336137
35373935303038333065366361373166663531313035383262633535386332616431666162386638
37613166616166366136663532333437623536663835306262643338336333633966653035396232
34656364356532373535616263643132323562363936653664633266666263616532373161316136
38303034383762616561633133393966643362323338633338303031626566326237313232363233
61346665353632623839303535663837393066326539343866343962636232353538623139333030
63306633306634366638313566373838623432323565643939643435313931373030383663643163
63336139636239656334653739666365343432616638303836393266666536393663623435306537
65393534336330353731623363653735376137396262346338626265343036356266396537386432
65383339373236333830363461343834646339313837373432333266633266616535326338306265
30383461396336613036643333323831613261653430316330363633313262326663326438613732
61356435666130643162663665376466613538333739353065333961366137393034346135623137
37663837653139313230623834373434633730663134653063613438666432643033366330363234
36343865663834663235663861306133346431653238363334353165393866393162373234343066
34386563646635393165613363313238363138623964636164366630616266343436356664393630
37346333643064393738303639626365336232613136633036666236383130376433313133633334
64323335353032376563366634653465643535316364353330303531663561313635356134646163
65663163656138323337663733356262313435636566663334653433623932373636316539313965
33666461633932663633653464313833323937363162313235616238636436633239623431643331
33643464336534326165326132346437353534303439633264336266623233613133616232613736
33666230343466633638633338346233616239663436383935386632653034373535646436346631
61313833653866313431393930656463326566303166613663636131633466383135333564336433
34633237306262626537333736343765346232343830653131306161346664663464666438323162
65613366646262646463313633626339666266356632333733626636356234643338363262326563
64386634646535366237323233326663326662626539376266376532363261346636396132323837
37343132333739346465343234306538323636323233376163303164303935653932343531633438
31616431343662313337316634373334336232356164356139666130353063663338316563393237
38386561353938363234663764643634333033626664653863623865653838393530353832343465
63323033353566653635393664633831333364623937306535613966383634306230623566663633
33356565663639643739323031363531316665376530663966633332643731663964383464376439
30363436663865656633363830313966633938353235336131333533353633386139316162353834
65306130303762363239336162316534316463643936653331376166386438633736383563313866
64613239663332633337393132366238376461353030303039363964323732616663663233356166
66356138663566663461666232626365393738623364386433643062356534326664333730663666
30393738666237613166343333346464396365633236333633313664316135613766663532663461
36663963663539376238633535353863656238616436396133346462363033613161316633353866
63643662653537333034333035363434643963333064396630306264313632366234333465653635
61363534653733303666616565336637393264636130626633643538353034636236653834643962
30306438376135326639383838646465663463396332613635306336316135393433363438626431
34373430363461353865306362333539326662666130363933383934653233373434393563613264
63653836313135613931653131396161323865326636363639626132663265323338333237383261
64373563323734636235376435316165363530653939663730376665383239613937343165663262
37373137623330643538323432326134663162653265313835313731316438616635333337623565
66316364356434303764353666373930323030316466376634323765643065353832376535313535
31613935373937393565326262343332393962373764386235613638386638663430366535373435
30396365656135653038363565636230653731316632396632633237323433316365366666653863
65616565613638393865313463643661633161343639336437363066383338616561323235343131
37616234373165653262336135353564313336386539666139346666383137613066366330653932
63363339653731626632396362333736663732663963333661386635303862326364353130356431
33356332303536646133653835626236653338643636383831663166393034643530643439643363
38666434376130643465396631636639636330313333383431346537633062333835653664626138
32393436343539306564393336343636343539353431333739303836636539396565656366643439
65616466343132663031336330303465653063336530393961666538303665313232626165313165
36656531386536636466613861373932653437316233396332663933303130353162316561663739
39613363346366626164313635633864393762666337633638356432636265643437303037303666
32386430316237653662626538633363363763616365613365343831343831633034636465383839
66383739343464356639333634636330343135323761386337343932616639613639353664623239
37393964383539363461616664646562623133376134313933383864396431663837366562353438
34383431646563383461343333326539666561663265613630616637366137643331303663306537
39316365613564613131363432366239313739633066366136616634333965623261366532653534
36626133393939316663313562386230663066303561666662303034663662643133393437616538
38303061383464316430373232383036643031373262313165306461313438383464363538323063
32366566643265393634346263623533313266386465343535613462626561643866633266656461
38366162623137363638643836323264376137396231356133313163326330333631316264303662
37653666303065653832353234346462633965636565616131636637653831383763376134303333
63613034623933323166663635363530323739333636623562666166366435663964323537353430
65383661316532393434623363386638386635323330323464663832653639656365633930623239
35356639313438306365393363306366666634666264386263636138636365343637653464383566
64613837396534616562346336643734643130653666363438346337383234326131313831313634
31666131626136623438316634323532383865613039336435383862623134346438333461643262
65313961346334303538353065343065343234613166333463353034633632613864303137636265
36636634363531333535306166363139373934613231343264363535306636653230326366636561
31396432663939343363633963656463386339623866396635386465313138336361633430623038
39653937383933643332613633363733386265393839363464626664393761386134326330623261
36396635616661303239656264323533636263303461396131303965343863323136333731613331
61386365623262656138653866313534316535336631356361633666303230313837643835636164
61616334616239613234623564316138633762383933656564633339666338346239613330313862
36376138626466646536633235656331336233306339376539346465316666643537333862373664
30303338356665336662353832383163376431303039346535633136316266393065323230313935
32646261383836333533383132613432303134353835396135623366333666346234623736343761
32343036373430366263613732646164653233643161383163376531373138336237353836643133
61316335393131663431646637356239323564366134316333623337363666383634333134613839
38323937653566323738393964343837636661663664666332623131613930366339333938613062
66313037616561663436336435633865313939396466393663653363626539393835346230356264
39626431353161343161626434373963653038633531393864343935306365373734663935313436
36646335376238616262323339333261303732646535343735663061333366646432346537613836
64386334383036383431393065313461633465346639313130366261346436313866353865646365
34633232356562656639383766656632666166363636373430646264373333343664326665336663
31343938363930366237396532643038646238643638363236653166653765373137333139663334
34383865663364383537646661303338656564383563396466656230636166363035393832386236
36376562386663393134666563646138353036396437303031623464633363613136346235326635
61353236346136386436616334393130633936643062653039333037613536363635663231613539
35386438623832386438643038633433313037333633613762326336346639363335633633396434
39316331376235643465323663616433396361333766616365333863336333646263613966626163
63373762643338316462303033373033323763636164633335386565356465613662636366313236
62393835353730653261646439373834333961386163653562323262656261343139323036333662
65336464396263376561306166373032663532343465316162663730396434653338376333656138
31353566336163353236386437346261376564333661383438666466623836383232323832613038
64653338316339613962646332393031383061353262623366663665353834333062646431623431
30333462626336663431393330616635303065663837616435656163363963346134313434376136
32343138663030623430303333643130636237383537636661333166323061663965343262623431
39376463376230373730656461313766326433636562663838383539656230373162373663323338
39666565343666353266336334363538396261363234643964623231323361366664316366336139
30376437306531393661373730613933636363323563666238303563303936633765303464353933
34626433396636333563336462323139333537353065653934353664313633316638353961313131
32333932373163666630326661356135316433306464316663653761666462333731346338663862
38346661616261393861623664666263323764373439366363653464303435303831323534626138
31633330326139303063373862653236633031666363343164313963373230633433363532333234
31353732613934353232663163646665383464633831646336326661323137393062343465393434
31623234363633633035393033323837343638626438383564346465333035313534336532623831
63663930366639303663313636666232353065316333626463386135323932303433393732326263
62656564373465316664353231326462363761613937386338343333363138326161386632666139
64646364633338616264633839646530613736323362646430303335336336623331376561333633
39393034343836646261353264323661663239623964636136373066343930643839393135363263
32623732393431343263326538633333333735383630393232326137643139646636613861356132
65306365356562653338303330653436633234393733656232356161643238623733343537393664
64323532376138653662313034396332323234626264663766653064656633313731313366343237
66376630346430346566623464353566306666366539613539333331643537353534323266333230
64643962323630356139656532373334646362333630663862356438396362623339323836346366
37643630373530366566643639353065363237653264393132633761636364393838353630303337
34303134353236333264646131666135663533363930356237626666626166646239666164323333
35396165373731623530656561616431626330346237653037656162363934303134393236626565
62346234616236376366396433636439613266306434386339393030626136343131386339363864
31636335616335656539653561633337336662343431613637653136333037653934623131323135
38336666346364393562343533613031613964613132383962326165363934393530323031393332
64306266623633613965616330373563363835666438643237333336376231363563373662653663
64626466356336326566613865633331336434623231653836666535643161313861616632306139
38373032363364343162316465363234373836336164656432326431653132383364623266666265
38343962333261336331303666333430366362326166353939356433633764663439343062366664
38326634613136303730646231666666633535636536383033373638396333386531373164316164
63633830323561613765323461663734356165323933353434636665666139623561646635306632
64386162326138336436636666613939376565303833393233363366303935633039373663656132
62366466623365623930313862316466363265303433353761663163323930323365303161653265
63343066366238313331313637643536373965343230383438643539306431363137643232616563
32386434316561303539373430363232386133396563613438616533666633633763386531303334
32356131633264393064653861356331666439386164383366346231633730656139323664383338
32626637616236313262356336643362383531333436643435633537303933313064653062313562
65613236383266343036613131626237376135666235376236613264666135663364366164343936
63643835373130643961346536636166386363316233313736623966626531326535393962363638
35636638653037626264353466666563366131666639636432633331303736396265663434306237
34666539376430313061643266303166313830656366353264393135303061373736386637303935
33353235313365613838396366386135313564336232643430336632326339376633653162336133
32623836336462353238323965643836383665633834326437653930326336373934316162346538
63343765666130333038643337313663633030383735386639636161643733633462356461633534
37346137363539646338656431633864653432313730623835316434663032353333336231623437
33383737663365346664643437656232623934326238303461326334343830336266393364333937
37356534303638303961323330336663303839346462633865316564313033316262393436343963
34373631353661303861333230623831613530643762656139616333393435336335636436393239
39613464383436303938383236326664313863636539386638353732626166633265363533326530
64383562326132613964303836646465643863646234316536323861303166383130663533373864
36323361303631303737633137396337393236336461633839663562393464346535323334393437
65343037386638656236346331613963383731666364633237633331353665326236643530383663
33393038633533316131643864313035656563323338616431396562313434333637353637306132
65616234396266643531623439346364646162303062376263643266376234376534383137356162
30316433623062376162633634666562633630663035663632376539636266653635316339363362
36393933326436376637386163343035643662623438633130633966313737363239333437386530
30383666356332333065373532366432646561336130346662323230653433316631386361353365
65386337333039353866383566343864633138376430383439306334376132343161353165303561
66633834636332643265363736623930613861653433373034626564336566663562663530363361
31663537373731313534636364376531663135373165353130663031666433643261393762396365
37306236373862323739343631353935646233633931613166396234383065346334643134363637
61626164316331616266636632343534383231646264643534626261303137646464
