$ANSIBLE_VAULT;1.1;AES256
64666565356631633233383238323031616563376365623862356430663462616634353834343237
3761353331396439336662373765653235373335353231380a383565653936393538656561623030
33323334643537303736373631616436616263353934306136613931626362363666626537363934
3834636534636235390a623431626231346563326635306434336333643362623835663764636165
63303966323264316435373764393435633164363934636163373964393530346361386165613963
39306166393665636337393836316338313339343934656232333331373438643666373961623165
30306361343037653633303737363837626633393032386135363235383132363730323061393533
66356338373733636638653030366462316131353262663835643535653235356538336532303165
39313837323463396365663033333930636533353539616136353562636130306139333536653962
33353731316466376564616665643563366563316439663265393762353937613661653738623064
65323037303137633939613363653366306635636538323738616364633638336136303039373034
63613437366562343139646436353537323230323863656531323363633234613165666465396238
34653239663239313732313037303663623934623739633266313438623031633637643263646635
33623036336164346163326236663132656165353132366331346462613034393062316233393530
63343834613765323637626562313539386335633039646465653039323163663330393536363331
35323137373364613266666362643639353865656334346231616633333739616266343161393432
33333632366339633637343064646265336431396531616233303033393730646333626239623463
34363433656338373366303737366135656264333764316265333063323032323465306630643635
37636431373562623730653133633563353161393165623737636461323362643662363538353937
35386130343732333839363137353734383438303039663364666266393938366336623465336237
31316364643561313536313933343831356435656333663130323261313665643766323138656261
35316330303961363561363965396666626436353833646338646335313336666632366165323162
63393135353534623334613165343363303163343566636262393835636561303034363233643766
38616565323535336533643236373034346639623162383931636365613735386164396662616564
31316636333964653933653161386630613064333461306361383734643335353438626633366532
64313932663635373763326462656233336634373737633265383935376433383961393232626237
37613861653235623562303335393635363530376561333766626236626561316338636533653562
30323334303566373365653062643636663862373435353463343339316164393638623431363530
31623735656466623130316336663431366566366234333934623931616233313266346565333764
34623837336466633235313239326237313630336138653462313663356432353338356332353437
34653336373936356262323436353237326533313363326630316162663836303262633537313234
38346335646264333831393862643364666532313730306665356364666539613634633633353135
63666534663434356461656436356339646465356164326566313035663339356234623165363130
32623162373561643537633462666634623133633932636237386232643362666232646438646237
35336130656262643263646437343834613266393638393364373234353035366430373338383366
33636237636333396665393963626330363033383562366132346666303530613263363039393663
62313166366635633030383934646234363564313139306566333131396133623663373433616339
39376630623432333864363965623764653338313766313665353461623137316366346265313334
66373337353065656339626663306531323535663363396264303533343662653561383832343263
39346162366437346261626562326432323564316166333533306363356534376366613766663339
64626335396563663933633064306536383134343062633733346163343262363236346533626263
36323361363037356335313261613435376532663739626461333131363433626438633233643231
39333963323465643837313764636562666533386137353438613330663131343238613630356539
66616563353936366361636433623636623435376537656665353838666537353331636562383564
30303961353831613565623737626562643465656166396333303232383661373964393036613134
34346462623437366539326362643834356265336631303638356265323061383535646363306561
63636339643335663933326535613361363562396565663439613466626665323364623033386663
33376131313261383133636166366230646131613130616364663636613165393738663465626465
34633566373066383465626436623936323634656230626131666563303631663130656536633766
31333631303130386538393735623234306630366136356539393438353338343166646463393365
66613636666166303136396264323831616165383336303533323863656364663037613035346233
33343062373161663666376465313261633962623665646261616537633939363132323231386630
38396561393337323236326161656666383532323130623630343861323661353830613161613833
39653431613035313066336136393932643636323133616266653661326434653531326366383864
38353938363730633736356439643061633166346630356635643234313536373539616331383936
37396563373939633830643563333561313038316133383263323961343039313163356632653333
63636633303532326434653766643037386436626266353335366430306634336132356333383732
61616261646637323863383232353964323865323065613637313062623637363864613937626364
64623262316266313661643830633039356462346439376630393035303866376637663265396164
33303766323334353536663030376134303931626162336261303235346332623536366561336538
31336262316664666537393934636632653765353866356635366663376432316661366431643839
36613431316338666461636566626137336165396534656130323065363432376332353861333433
38396530643639313063396666306431323965333634633366613136376262326231633064336234
65393833356334373434313666336662306532336634343135643737356263366531303664316630
35356533323735306364363833643836636164313232616631623434666330393438353964323763
37356163306632333066383161316664626435633032323564343038616438353861656532626539
62663538623964396431363037343763633437666233366634666239313039316539356537336465
63333731626331626239336232333561306138386362393063616262363534313731616134306461
32333631306538643931663837353538636663626230643332613331393961393034633833303463
35393133653331393966656366383131616232323337393030363635373833346261366134343635
61326534303231613537353963393963326666643437303730616430646138653938616630323732
39663936663237623762353061336631326639663035633165633536653534653235616238323034
31656438386332313562376535626230366139616161353537346562323864326432663437393463
61653364613630633831313663373333656264316238336430396639393366313135613339336361
32326465363463666366643534333537326133393639626537353834303265323264346666356563
39383338633763353531393736653633366639666436633835366237643136353630353734653434
30346163326264646666633063633165303031383166663263333363633531643432383663343537
30663239623931343536356331306138313266353463323231346564306131386530663061353665
30643439323530346365616532646163613263363365633166356336663631323861626235633133
37343933636137666134373964643432316361363762613438373464306636666664336534306464
35373233656362336230373937643264663835356436363264316163343864336130316431643762
39313030353061346438613064356533636535386534363637383633356236653030623664386332
66326436373638366238336634383538643361623763393865336161323262336339386438623465
32353464353130373365663534313663316331363035386434393738653636353932323535656162
66343931356464363064623965383736336265386263303861653962336333346132306263313237
63313534633437343332333432366364333231363338616630623364316634366638396136366463
34643634666138353536613333373564663234373537303264313931323435333936643961313034
39656161393331346234313330343965656333346566336636393735353033366661333234636339
31363334313666653137393334336632373736663436613963623264383539313365373636346130
66643431333135393030393166396665316137646637643036626331656437343166616238313432
65353635313434363864373931393563613132313337316539396561363138313732666164343034
39313730643739303863626537376330376636306232623836313138373431666132396564633239
65383264363466636164326266323734366639383133343139396565326138383733626335643664
34613664663130363561363639313234333237383439303435653734356266323731613965303230
32386366646230666130316231316233333366646633393463636165323463343333623765653963
36396231353261383336636239393862323736666138656166306533303336663536646332396230
39353137306134616234666364336630356633343032353763663036323439643065623562326266
63636163633132613831633932336466303362353163366334626365346433343862323834666635
63346338373833316532356565396135646230313564323861373634393264306164333037346134
64373864663232646235643430666531373339333963356439336131363533386563366664346162
65326132376266343361656430643138376430636438316630386164623337393435636238373365
64656361663464356162353732616339613530623139613637656133353335393236373865636366
64393335356264356561613561383438393663373732313661306634626636386135346330613566
39656331636530316166656239316539643331356135393734393162353537663766323532376235
35643031343034616537383463306161626435346461343665343732303637363432366135323636
63316433376165393433623436623433303664616362646166356264616433316433333036313734
37366664366439326134323164363666646338343264313231353437373230316132613664363065
63383165396166316139373066303238663062353337336232626432303935663831613830383038
31633862393239333565343039626365653463656532363230393766386561663362653763303362
64353331326566343130393064383665633433356166346264366364316436376261306630343063
30626235643263333661376364616334623964326233373539386138663137383163323134616663
64616335316238303133326237666138643966623063383362643364303862303838383932313839
66316230643537323164616430366337316633363638343563363262333164633066336166653035
62666436356333346534633165613866353533323466353737643462666561666266633437653433
39333164346435393738356163656535636539623530303135343936366236346138336630336230
61323233663663633439343165613265633565333463653165353938666364343435613430373461
31613136386633363831356230333435303432306162663561363130376662373236373433323665
39303332303961363831653465323939333139333937623632623832643434643061343661326139
66656235333331356131633030383836356437323965373632343666373836363665643838623463
33643136306332663632613436666661363634633534383534663763363437616531643731373065
34356534656362353238643133396665666530373032303236643364376562316465383037666564
65316431396139396337393863363965393737393066633736363031353130356365336436646334
62626338643164616130623432366337626331386562623731383937333263383461323862633965
32653362653035646631306662663037376533653263666163356463363563323332326165663861
34653531333834323961663166326334383664633462613662396134313664373064353064313732
64316265316136383635373734373431366639643336653933383364643966636264336138313132
32333438633630323762653465373638336239643361313465643536363739613964623965623033
39353061383233323062626232326235356436386435326332323937373135396639623433633433
32363461343433306438333434663432666266353438393937636534656365643935616466383761
30636664386432326133646630313765323233313962393539346532363265613735336338336131
36333131346462626635393931646338306133333339623238636361646533653832363033653232
35653061633939356133613438323339393130353333303438353935383430303665363132653565
66656333653739366430363265353337616365333934343266326236626466633832656638336137
63313633356539373938396264373061663235656236323832663762656364666633303265663538
38323636313662633739666434303662353836383636613339353234336636633766613735343665
37336335616562643331336233323039666230663265343839383833666635666565393334646132
38326135323639336233343666386235613432343863623963363336343538373435333739323266
39363638373434616532623533383264303135666135643737316563356364323736336133336636
34656561303531393961386538656335663166353339303064626662633532393537643538663062
36613766333139656232343966353562386636343061383964366463343337316666666464653464
35623736616131353530343833653033616338666165623238653631383631663431653037306365
31333265663962646464646435616666626431636238626332306631333537613438343135383234
65663131616533366237336139316630626538353930393734623963383262393166313531636265
65306535373265353539303936303065646366646165623864366164626565643365306333396531
32323434633436663863636633323035373065316236353731626532663662373632653533646365
39323735343666643035353662643838343361643136373461393932653561346365356139626161
37313139323631383262646435303836393230376330393239663930616334353531333737656630
33396165613230376462636264616363666564363463613362613966633637663361643062386233
37366465623135383834313765393162306262303964346434303630633232343563396462663737
31663564396665636661616438373932636335396266653162393866616363643430623466396135
36383665626535636332306337633932326662616664333261626137333261336136376338653761
63363864373636333733643638656137333131626666633531313033373161306533343235386330
30346666333838666561646634646138393637326165643038353234613966363636616235333330
34303636386339383564366331333265383430343739643662326666343339313534643737333062
65323861376565356332376333633131613632356137326332616138666264316232303638653066
64623431653530333733373736373766303338343339396539656636326531333563313965663765
66393837663265303035316230663763333937313864363061366166323635346164626231616633
30396137663764633362393766313865386664383530363861613437396361383237333033613635
39303532373336616163626337653730376533636164353330303832643032346233326637353839
30626561313532316238653038613730366561373265393766306536636566613361366232353938
61343438383938346634343961663230386661313437306162303363383133376133643361636661
64353065373666363839613332303664303863653331616365386435643132346430636461343934
38653732646535383762643664343966333532623130316430303238363131336331613465323133
63353434633865633634306663626263393436666235343431666236383438633266353638363563
31636566663830363032643962623637646363626266663032366136666165633732616333346265
64616534313633336630316634613535623361303936626365346536656336376634646639376333
66336634393262626661386265366265653331323865373964366630666331383134333966633162
32336163616261623836623434643639313266636131303661353336346566373333336337376335
39333765366433303731613336636664663536393766326539373036626665626537393432383062
31623831623831316631356438333838363537613237666462363265386463663139393165316535
62626362393563623166313534386564386130656162313162393565616463333937383330636138
65383432353463363065626436663265373934653361626131333634613936646139663063306231
36356362303537373266373038383130393738393365623030316562306331653630
