$ANSIBLE_VAULT;1.1;AES256
34633265363136663533316363666437393233333630373735316534323738376437323836393936
3031343635636464323065303836666266623132363163630a303032656532366266646564613336
36303763393361323662333761316538343962333861356238663164346338326139643561663339
6364613238373564350a396330373832346665656164376234326161383633633832383962333536
66386465663736356633366139623434666436333537336566383835643538353834323831616131
63396332303765613638653266326134353135656235373364313939383539646161353865663931
66346439396261613266643939323363316236373338343064346362303161336465653362633032
61353335313932313134363463623839383863323833346166373335643638313631633363366562
38653634363136626662313961643139366165333832363662306435326533383734353438333764
62633764646364613839363137386432636566663532646638616361373263356336376632343731
38646631373234376237613261383238356561633361306462633536313332636330363238386265
35613265363062623032346262656337326137303136326366343464653361356136663538613235
66393533656336393961363134656563383865353062623133393865666338303036336137633764
66653265626263323931323939323735666631303438306561323036373365383734643531656634
63343239626533313331663633626165663633653734353264333730303934623135363362373436
63653234366439636337376531383338363666376232666235663061313437383634313866373333
62336332363137663162343439653161633934303130313332373339316566613861643530346431
63336439313535396238373265633361306364616263343062363637373861643235306536663537
62336265643433326165646438353064356537373731323864366661653365373630656331646438
30383038623833306535626132653763613663323739646431623238326435633361363437656537
66316539333437623363643563343137326236323130303033663637306335333535656163346462
62353861666362613366646532356134613638333434343463323937353463363561353034353865
63313262616330666431616634373933633636393564663036393032616562353530646337343566
31636339363466643639356564616333643839326332386565643732366263356565386535363837
61373035323233343863646563373732356338623832346337666137353839396538656131336337
36623336323366643332316133333761326237376139323165623037313561623336353666353839
32613064313239386537373666313838656466643266333862313664376366303738633031333435
63333063356536613935383739353938306565656638653564356263656261666639373938393037
64373533336262333762636635383065393163386635373733616665633563323231323137303538
39323237326165643163373931306231666330343332323435623337316534373666323234653463
65336361613730313834383065353330326363666333613162383233353037313434366261343335
65373864393766623865383337616330396664646361323836316637646132626661326366613866
32353236373337633039613430333336633231303861356134326532343164643263613333613131
64633764376565633330666534393463373136663364353565363931353062393337303964633035
37656234393631646461303561633365666138626265313933613330316661323137366362386533
35663835303538343935623734343533366438623736633130666434346533616262303532363532
39373433643165303534623936313736376561303762353364653239643339303763643937333262
61343237356164313666646261383134323539393738383663653935353063653433623636343035
36613034663731363639356133343935636564633636613430623463363465396536303162633130
65633935613036323834366163333166633533353537333839363264373136323731356666623163
66613336343561613332636439343565363364326465396561613734366233613936613961323434
33636461376636396139333531343136666463323137653333306232326262393731633062373962
35373462333566613835333663346465613534346636363062643537323332656535663839316231
37663263306537323035666263396464303836636337373562343264643230373837613430653264
33303633343162363363303834646433623765346531373165323136626266623838343164626631
30386565303865313562343666346531373362393866663233366162653038623537646365373733
32346538376338336161306430353966303732396333386265613163663761326532303634663334
37326261333436353661653237666463636631313464373563623064313233353135363532353662
31323037613435373235663964663730313837386462393530376331656635386333383465363865
30623664663337333465343063383162653963373766636131653966303265653432363438303733
36373835646632666264373138333965613266323430376261623333633466633835383837363135
61343536336231613061363331313464323963303361303833306339393934323735306639633933
64316432353166656262626363363165643336313061626565323332356362373562393431356137
30613066336463623637323337363430336235363233323736636564326666373433386161376164
63636466313165653466356439613738383763366530353338336263336632363464616561383036
36306338326565656539313733623866656534393066366636333036373637303562313739313661
64366261313931363263303866373736303663323534613063353262363637626632616632646164
37636239613736656136666237343063393634626132346331353562653538626563303638356561
63346437323030333166393166366465313364646633636565333038393936316439363036383739
36646534376163303231613632643136303335636237383434343138623865323934313139393066
32623961383832623566653035333162313763333864376362633165343062366336623831626331
38646236336163663430666539633062633565626631643765633266346430643634313131633966
30613462616462303036663037393566386464666231316431363536373832373664313662396466
37656533363033623533346433613234396463353439666162663932363334383232316432393532
63353037346636643039653865306335383066336264653766353437623831376162373534386264
61666232653237376565333261386661323939396237633439323531656437346131616333636539
39363130336533383639626263336137613262386638353336393364626332333166653830626364
33373862323362333936386565323638343830373634666131623365653465383337363130343138
38623439626466613335393130633731373339616263663561376130626337666531646535343134
63653764363036646637386136613962306130383532363533346665613730303339666661613838
37376365663436313432373162356566393563663939363038623830653730633166336639633063
61366633623036623162626132373836646430373739643862333335356464303065323835383835
61356432336436633333313732643131636262306131306130383737313233663231393036336535
34333732663634646330363131626430396230353435363934306565623836303337366332313664
38633132663562643961336661343930636363663439333733383161636435396135306332613462
62366231356534306234393239323463316236346635313733653730396563646532356261303034
37323566643138313231376264316637616262633362306639353732393731653635306165633935
31653733623130663365333938623937366437393433653962343330393531333865613566343864
66353664613534363331336235333237353866396637613739383631613764393139346364323461
31333263623333393561373637333636393732393965386432636134313137333134663238636331
36636133323262653136643339343739663031636436613666313336653062643766623538373038
35373139653637316631386235373132633762333132333334613934333061366361613335353337
63326466313637326332343835366131613033636631636466653338653534353661623064313863
62663633616331636130626537303464616536646562323332303035323965323732313039303561
65643765613533656434343132646536393433376363316639313937343161373536303236666232
32396237303165633236346231386463663839373134373434343138373239373338376561636638
66643563643734306530666165313131366639623736626334383265313734663031306330383639
34633530653564396539656461633064346139353434373933376630343332353431626639356266
39633566653330306462373362333133303932636535663734333863313234313366663961353063
34346361346331343863376366353836313937303035636530336232383564396466383461326638
30623831623166306431306166613839396465373439646131303466643136633832633839396533
36626538613337336134653338643439616530633534393839373363373866656261393130366237
64313332313335653964656533623735336461383535346130343839343439663332656663386636
36663265656639613765346137636630626636333638323964306631383439656265393539306665
39343438376166653339613536386562323137613661393638336332633535363330343431386134
33353664353039363762343238343364623963393939633565626161303833353330646139363066
34306465353831313633356363656466393939306234613439373537633462643032613566313336
35303463663965353134623236633762373964666662383333303564646538663632633739613766
65316363316338623039643733336531383438383434653036326663313030626163333032646431
66336636353064323362393633346430396132393766366566346566366330396332343834363966
38616634643463663932626233333166623139623466383135316162306662356337633437306261
37373365643735303535353130653232653735383431306530303866626232306332353062633262
35633234666232396466333739326431343561623839646261633963343962303530313730373536
36343539306335336438306564313964643361326435383065643562343464323464623564383961
65623063386464333664323366353431363631613535303134316363663261633032366539313831
66353538393133343631396536616462623334653238303566653833366236656636356563336535
30373134306235353634346639366161366263613136396662326163373835666138663264373639
38653439343765393939356664346363393632376338633134353434393934373330623463633638
39333830373562656665313162313539343139343665633132626564366536383631356538343165
63623663373962623031656161323131643061306664633934646466393032633466666466323038
38303936656437356666313436633161373732663838666466663139373765616233313262326639
38666231383934303132663838393239633264616537316163373465393133316335323135363236
39663339383061396461313433653265366438383039666663393661643266303261666633373466
61383831653039633630323931393266353735613233353466366265663361626565363130663566
37373265616263383763323638383536343463353231663637316565616463616466306533643732
62303662323264316133393265396238626334663031363739636236303062626130346234363337
62303230613737633932353030626137613936386666613430353437663266366364383564646636
30643134343461666231336131353032306235386337663465646235306364366131363963613961
62386662643762306330383332666162663063616561633033326665346639303662656437303061
32393861636239396338653664353034386166386630386335666463653639323132363631306537
30333463643061633631666534353735346539333035343532646131386265643563656262383036
32656335373735626361313733656138636562363461616633343766386363363038343939663937
37666664653565383637303634626265633561623931376632393335356333396138633631356438
38326135323636336339613530626439303062333133303666383833653461316637363862636236
30623737633535306661616563626162326161366265623261353264646238653335356231656336
62336361646639623134636539613765663366656166383961633061396561383732666233663239
30353735643034323632646539373836393462343530616631663862636664376438663830613661
30396464656665363234623165393364646666613836356531663963306132393663636661383365
65636134626162643763373434356635643435353532306136313238643365616430313638333932
36656162616133383264376636633932336133373134313235613662323535373136333366653665
31356234623336613136356334623733383734636463393836306566653939333634336562346438
30396561373539643435336533376361656335373738316363323334363133363666663164353262
33633134366166653737663632653232333033633166643764393863386636653032313434643232
62313966376561383935633835616461323337396663646365623235333962306235613430633433
32626335636164373931626132333564316161663565396233336534336331366234613336633537
62623066376634656439666337373638366337313363633335636464623733343237636136383932
65333738636162653563316662376235613334353534303034653838663732643932383638306462
62656364616130653934393861636132653062363165386333353063373334616436653265643539
62316236396563613338666437666130393834636439353938383035366336376539623964343165
63623265366236356232663936333163663637396665376661663364663832316531346132633538
66626238386662393132626261323262646430636533366162616434343165323431353039396235
36326263356236353762336630366334363134343664356633666164373166323337326234373464
61376533356532633861643439393761383730643235386166363437643433313834363164643132
37396534663066616334623963356266353864653336326436383264393533373031353636373834
64306436303061633436353464613262363562653833303966343064386532626530313136363038
30373337663934323038393761643336353439323761356165313866663737303738663265306437
35393666646465303938623566626532326566366435336361386261626633656532353138363261
36633735323935383130396336393034373561393066353265393362366264623165306334613163
65343437663131663539643433333364363336316236313862303365666236636335383934396531
37383138656564383036653533333464383538346662393365326463626137663631633361306564
33653835326362393362323463623766643762653134636537396363373363393238343361623435
65343338653761316439333133353563303730343436646633323434386562373337393837316464
37313061363437303037626632663331376231393937373531623266656635663833373038356664
32636439303538363766303238656334313434373031313830646236353066353331386232616538
34323130323236626231633063666130656532616465366536626635653064613837653738626338
64373965663434373235356538366139396337313762626364373964353433343761633762656461
61626334353536316366353932386563353638333033366531386435363563353361323565353363
65623164313764306235636666633239316563643939323063313137303966653565633139386430
66343737313164363966303934646438383934323239306238356262646430663735663831643930
32313965666433666633386663353064353736613566656364373238353435333331363938663230
64633866393437336463363036366666656365373234623635323862653737366230316234343631
65303332306233336239336434323433396630316332636465323439363261316434383163373165
36666236393732383339363964333937383039373761326236633366393363326136306534353533
65386430393963623432663461646333303262316566336161356538613961353230366261363666
32623939323131376432633963323831613662613765663335343661303436326630363039343563
63346536396639353633623163306235633837653932663735646539666230633833383562353636
62666136363164616631346339363537313438636436393066613061663836373834386437333163
62656139343333346436323363626564353236643963656438643663323262363865333364653131
31643631333162393436613864626631346638373866613033366131313738633034346335326232
30326662633365616633346131343462323131613966643035356230363465613763376235306565
64666638346134333636383434306439626639313332633738643835653637613662656534303437
39613962303130323231313537653837323037316364386431343861386565383632383934326262
66663261636161633737346362333737316165666461346366636163343335343235
