$ANSIBLE_VAULT;1.1;AES256
36376634393238313739376233616230656232653131626238353739616463383964643861646364
3339623861343234656263366532383966663336356634310a343136323333316631666337663633
30376262326662626635633665383361366338393766363634623135313766316636633239393034
6330626466323963350a333862363362663933383664363632623461353332653335353935373163
39626262316130303361663133333030313166346232323334333333626531653034303134363561
37313165393663626232653566616438623061623461326231303561306636316530633663346335
66393133646233373537356666663162323531346630393631346231393264633636623235313930
32353337343531363965646136313530643132613433643930366331616466313766373031646461
63383833636338393734393361376461626661356232643533373461303466316465313239336165
31646562663865633636383439633966376338643364656365346164316465336438396333633239
31653338386165633761323131656337613966666266666561663038313866353136656235646231
62363264636231313836366133333338303562653137366534393431353439643938313630646462
62316339303634346363643731363231623038313736626137326238353033313634393832616162
36323462396462616438616633366136366332353030353532623465326266623333393635336639
38653133323834656364386537623861306466343733373034346666346362366336376437633430
33663730393036643937316664396137653632393462393139356431363561363332316332306235
32393235613430343662353233366561366162646538626664373332316531326338366234303665
61373432386431323531643134346431653939336562633434376334666635633536376136323462
66316230323834656663663135363035356262353831653261643663646135306533663332636366
30633632386330346432363437306538336539323064346164643761666439646361336434383435
66316161373462636363653064613464366635336434336562633638303233386133643736366536
36373361383465306634353037653733323730633132393532643534643438366536383434303330
63626335373430653964646565323135386632306433623430653234343239323937323338396436
62353863656633303165313739643332363339366365623462356566346534333462356265623537
62373232623439663331663932313338356536346135376563646630363830613161633839346530
38316332623039303036316465626465333336366330396239316462623038303435323332666461
35663433396238643331616430333963643766303966626238336563393931663338313264346463
63333539343733353539633731623736633462663030313235316531383236623838646433623233
61383561663937666232336461633562343565386663626161336237386533663864626263633563
33316631316565393761343839316266333130643435323964336334616135613262333230366537
62306131613766623934363535643238333839323364616533323833333062656139663132316162
65396132343034373438663864643739373839646361393365356561323937623139323836396534
63306262343164383539613063346334363565393565373463613534643861363664343933313230
66646361373432383264336230326534653431353366306532303263393761356132633064326565
39323839626335376531376639353530653033376365303865373463663938363339313938623831
64313631336235313431323737633463313665633662316538373932386639396436643935663561
65633162613534323165353666623063666265333466376330356265613839316234343639363032
32626666356436623838306166356430376338313966323636643762386530366265333732613537
30313738363065383332393637653262303564366262343234613565656665616431373234313530
64643435616430396231303963666133643666363330626365313665393332303464396534366334
65663436326664373634343032336131376139316137306631363662333030303930643763323536
35653833363563383232376434306563306136336339363263626163376539663764383463343164
62643333636331643662306663373761333431303466363032623165386634363038323766393863
32353830363137643330346137633135623438356331346333343266373431326465343864613538
32626135623463633231666239656434646661626462613937316430303765356364643238353431
63313865626465613764633266323065326439326166626233393365353837656562303766653631
65326639656435313264323339646238356233396637333031373463343135613735336238383261
61656435333162373163646439636665353962623464343830636166653266383664623138613961
39313337653464613138373363326238346631653635376361643737616532656231376537396439
33323338323036373534346335636262313835666332613164616435393436663236336338636536
31316337376630643533626635336464376232623331366538626463623233333138393437323766
36326132326330336639363263343238343362343430386230373965373930323363366233663830
32393330633635313739656334313030306535383266386232613061383631383065343763383230
65346131363666613862366666346266393832613932346134383665653535316231313238386465
65373233356237636263653739386565306137663635336364313462393064313239353061393237
31336561613965623633626231393938373934383130626432623435383036653965383632353339
61323031366331376638613962613962333866353361343563313034633635643836646662333363
64343533386631333438613764353430653132323762633336623361323436393738376464626230
61363233396336616230333130363234353338383764633565646438633132363865656135646539
35396165323737363461313535306134616436376266623866363235363562363330353133396165
30366563626538333034373563386266336664346331383937656363366663313463346136623139
34666366393265643833303561666663613636326463376138313430663630333033323738343865
34666438313239366238303464356137363935643231373465303639353336326235656432643662
39303738393435653935313362663062366565316163323234633265356164336364363839363762
37633733376536323530346235366166346336353839366563366161613264376363363139383966
32613238393737376564386261303666396363396633623235363363346232643138646135306364
33333439613962356537356663653334316162626666643034383232333333636361623362333038
33323566353832663361666330393761333434356638646163383165366433633364666231373261
33613535353264653130373662393831613036656261663139326530643033623330633966303336
36373530646533616432383633363036666463666630666238393131656661383732303236343736
35333164393439613039646132323464316630353762363935313165626166626563653561353831
32653238626434346531393562363834386164646463353233613465303535613035613830376139
65336131333036316261633031386464626334653964656663313632346438613635373365323638
63626332313230616330613666373131313863653337666534653933663761333637616364303563
39663638366431313235313034303636376466633439313363306137316561663464316138323833
65343761346638323762643964343735626563623833656262373037396630363132633565636462
39363938306334343565363864636436333936636431663961363533313830376533313833303239
35303862353338346365626663616535343865343831363235306163353962336133346439613536
64353664323962346136313534643636633238356532343161346133656565666162323838333062
31353663646635383832343339656232303539643637313635386235633064356661386432306465
31626330333063346361343663313866376536383231396162646335376233386566653134386238
32326566313234346666376230303332346332613831633233333333363933666466616636333836
33363061663335323336333961323233626362306265616564643464303331366336393233336464
30653037636264333466656565653865383265653963323237386239346463643139393439363365
61663361613062623339373637643461643830326138633831626539363966623330356134386433
32643639616562323733643466316638653064663961323537303964316262643062636536313265
39626631633635343332363230363763356661303264376436353930313533613330336336333235
35306561653133366564303630383732333331383934636235646335646466663034363563663163
66626264653331636237393938376531663832383363373965636436303363623337343364633566
37313339363135356336306264326264386530656330633265636136323533386139383362613733
61303030396239646235316535363132353562663331636635616136656338386639646565396430
35346366633463633631633262653833326537646465323361353137303836626538346236363637
35616366346263383933623863613039663739356139626437363939643330336138333664326534
62626332383337623762663435353431386461346533396163646531643463396562313937393539
31363939343032643566663435316261656532626437316432616434386665653661303134383436
62366363393861393264353766653365323730313866666533303639313735353266373465623838
31623238656639663332393235626139373532666466333165323463616234313636303439376463
61323465336166383334646138326464653230303237646639656434306634396435323731616137
35366432353964336365386238323635393134373264363637386332376435333137633665316366
36343164643162656131373661623361613964373232333663643265656363366365666661303936
64353333346437366439666239373633336332306162643265333165303033323136383964636264
36356666333364626137613635386433366431623131666637356136616365346639386632373136
35333466663230303762376163383035386562303332623734333130363734646238323631643331
62643336303830393766613465663461396666646338623337653633616566353363386462346439
34303365393033303561656633626630373935613732396635653738363839636662346636643561
35323732663537663637386433613436306630666230623263613939343334653235393534346263
32643736386362313835313334363961366533663765386639653665653734313262646663343831
64303031323936333561333166316361626661636561356364663031376362626633633539656630
37306336333963653363623335343261383734646437653961323537643439643466343938653038
35656462313161336439373130323666373939336134383934343966613364373636646664323162
38313038633033636266336161323263653531316439316236363030623638396530343431626565
39383164356432333437323238303231386336343831323733323131373437643730333465623761
33656335383365323836363763663464623535383530623331666337663038316139613738666666
64333337666239373737653637326533666638363339616331626632383138353635326331616261
34343166376231646133383234326264386135353733383631343832363262646137393538386135
34666436363839626664373034366339636135383864363837346239653736663632376465646462
36613164656266343731626461653863363336323636613534396135393964353837383230646338
66653166303034393562356263636263666131653039643361313762323138366534366530653035
32643535633765353736633061303962636432383431613137356436386638643037323634663134
34653630363135326361353766333932363061636230643361313333623037316234393939363331
38343937643563356663663463366230363033376637343132393266326138333064326266333861
35636666346639363266303264393537646562366665633062643037643631313731396463356537
31663861366234366634656263346531356164396263616164633637353162393938616261616535
64626266363639356535393062363463303865626664666433646434343939356163653338623663
61333063616335343535323333616466326162313538666337323737383336313934393862353835
36626335303565313932323365313264643834643636363135616164303265613061313866323836
37303965626562366264323466643965356463333863363038396333663236626261386663356538
65323961363737333562613936353439396365323032363236616665636439653630633864336437
30376539643530393065346561303961663334386533623632343665373739333732663438643364
65356561376539666634646533313137383235613237343833646234643730643163363338393835
35326465653062393332663664303138666638326137323962326630313433326166613664393235
30633431363864373836623466333236663437646263383632333464373166366439336338633937
36646337376636623164323131636662333435613665393665363431386431666530306161353932
31383435366139623066343139306165353031666563323630653433393734653139373763323363
63343064336166646534336437663735626366376637353336326338663832376539333236666136
33623039326138323431353365616232393234306537303465623765303063353163663466343962
30306237316334313862343663636638663734616433396464356232613430373136346530333632
30383461386263636662366332626466653634626535386130353434393135653533373138363738
62386134323435316664623633636433326234353064616462393334616666623435303366653362
33643865303734316466346632313965373836366435393366313935396465653536623235396331
38646430663862656330343838663662303163353661373566306461373236323835666465383664
39613163656365623439333665336364656434343065336566353031366135336666626561326565
37663431613434316232333138653039336334656164666536653838353530306264383931656366
36313937343536626461623462316561356463333865663836663363383263366262653439376664
65323736363033643738613834666334623632323033366439313637363933363766323237616536
35383036366638366333386461333330303637313832356235633131633131383362303832313361
31373263376133656363326433623062393461363731353863333632343864643631393466646261
63353331346237386464373836353464626632623335373665303865633663383164626539343838
34336434386331316339303365643439376534383863346633626635363734313766366233613662
30356663303766333262343936343064323037626435373662646366336639656330626265623731
31373732623332333963346635616433303838373864323233303332643932393733393363356433
62383463323665376339653131303564393466396664316533646661653737643537346234653930
38306364653465643761363830666531643865623039396334346633643531303436613362323136
39636237633430663232343838306530393036326164366238653735386466666266343966353462
64386335666234316436396362393565326164366364633432353163633537363264373935633931
31316563333964363639336537623961366130643466646230373663383235306331663034636362
36653562633639383735373435663235633730643334343331326431643062373135623938643266
64353064383264396161373837633034626339663162353937643632383533313536396638326262
64386161643236613634636333306638633633316235333135333834623035386636343734663339
39303336343063646535616464643064623333623130393137336432303337323635626164623066
31633261616336363834373238306266643638313139356363646536333537623935656330393234
39353538353362313036353538383561636233316339613930626564643262373563393930636430
61626237643033643534343566313065663434613039656561363030353336373064646632393930
64313963343738363838366439653635383431616430326536663230656531656261313562396266
36613832343966333264633862313237326462616634313164353161613566373432303862393461
31666136366563646331653333613934323835343232323962323238613238346535353363383639
30393966373462613232323838643435323435653938663430633461396266326166633030653536
33653063373465633237353632353363313534366466333032313136303366303363626466343830
62396563623461616331306630316463353064646166643038626333373435316565623531313038
64653538373738633732343761356136366466313737633831633362653938363966313764666533
35353935616461656533323938613166613238336535366263383930363536623461663632306461
39356364386637326661393135633666386462656364373134313661633336393064326639376132
61323330356266343630363163323531336239663639356636636338346634643463366166633530
6264643739326637373138626233343933373965363738366233
