$ANSIBLE_VAULT;1.1;AES256
33333965353863333362666530373434303633376138653964303435393363303665323430383736
6535616561303536336566636262653538633133316233340a663037643532383463613463633536
31393236333666383661306130643934356634613862343136356466613437666661666439363135
6534383062303436370a373565393065623364656334303537393534663262393834663563356465
61303439316464626138623535613366386566613963313964303565663464393539353939643666
66373764313737663234376537303831333130386265346437643664313064323134353565313735
65333261353637323038366436346339366563303439383162633031326163383361366535366530
65326563626639323766636561656638613138633330363235633538643063373835373931623736
37626465313636633434623062636665646332636265396464313562353335363661326134636662
37613065376164376461663033393231326338303737323635613764346333373861643439323830
32333361326532613963643238663630636565633038336632643965336433323032616636326635
39633763623666353033623837663139396430343264343961343533346233396536316433363064
62373965626139316230303862613231346663666632363630623133323465363036656338396433
62623739366439646263353438366233306638383531306163346166633434366238343362373235
36666134386561306538663865383735333263373166613637326330653466336339313731646262
65393732663737623166303766363363626466376532333534663234303933356330613366616664
36356662303364376339343632326437383362333864303030633936663035306430353263326230
61393636623537616262363763373262646565353937306136383138663439326435653438633961
33306361623138356661623861313062393831303735343036663566313337643833613039623534
66393336333836393139356335353230613061383465643737353665666531366263643432626464
32353933383065366638626333653834366438643934616334383838353739383265613161653564
33623266333666643236363134316662323239383561636561396137363661653239376534393435
38373630653337383536373266613037613761623963313665303231356239396137393831323561
37393337643765333631366364393139396566386535356138323531663865343665356235316135
33383061313732656139316661323439386233653238636662383838393764626636643466333061
66326563353362646238623233373936363036393631303465373461613635653231643538373638
66616361623832633961343366303835366164616435393935323636353739633432393032323732
32303931633661636134333137616365363637383439396438336462343839613265643639353232
32306462626439616531646266336361653338633431663837393361656135393163323163633638
61656335333230653238333263633334396231313938613533346263376638646130386333373830
65353066303633633861393630356436613964663461303431336364646466316662393630626563
65326531323366343462656534303232393563396637353632313666323162633038666361303633
61633631616332383835623232633733653635306362353731316136383239353333626530376633
63393831313838356337336636366362363366393839383630626662393632633966366132383932
64643330653838666638626335383339353238303264333439626462336531363864303334356132
36353838373134313138313039303538316139653338623135666139323634333364383136313933
35633531653238623432333734383037646238303263326463323565613838373361396431323034
64363230663632633334396261386539313137663832373361303839313864393635313764636565
62303431613264376330373836366135383066643536323365326563386264363262323931366337
63666361666366393637633263633734636339663534633434316262333962336230306336623338
32633431306139386661333961633438303964343937623833306661663238306165373065336234
39323832653138383838643762333261306331323063383931336131613531663235373364336133
37353434373439313065376335613134636538633038316435613131353561393736313432353330
38336136383337323831373062373430303961366132386163353066663132313132383938613336
62613430643366666462633139303632393831373262316234323635623265346536383531323963
37393631663030353439333465653564643931626366363436346664333732326430386664326639
33626236343864623965336566643135396566396231363434653062353930313166336637613862
32626439373465646232383966643762613037623366663464616631303331633337626333623637
61363036343832396538346661323534626535333039333630343461313938363163623435353636
38326431653534666266343237313965666634333332333432366530643764666363636334313034
38666562336464353462653830353736666131316461346530353862316536653064313032323935
61663831346264623036343162643264663666343964656266356166316435643031626163646439
36386464366562623836333965636238646632663464306632366366653765376631323735333765
34353539653433376566663538333334623563613561323339366139643866393438323632333131
64383364346239333435366565353930306230643339353363626461373635326436636137366337
66653336393832316134373732383666323536663762643761376131616331363539633361663865
34323232306333356638363062646662383139623966383261646535393535646536643065313836
31303334376436333531356664333931373762303361313336626434663635323461373630643630
37313836306139306238326532396234373163353739656439653037653331313161613234326633
63643262363565313736306638346662643365386363636639663437656530613661353435303762
64646430383233613034326334616533626366626535643638663531643066633062633539336532
62623535346261653231386361613235363361666261633265633634333937353732613061353535
65616566613934653436353738623437336164313836336132303832306138353363623136626265
36323566393765393530393634346636396663333965313965303136393332373033313662636138
65383934366230306365633765663137636534653831636363396362623539346161653830643332
33356438393562363336666363363664633265383631653065356466363639303638366433373130
30313832373432366135363265316465326162633539666262646462626337646334353562386364
37626438653562346133633665303831386666633033653331323738343566373164326163396462
66623965653966666637373334346664396363613266306337656165343435663864616238313930
38373661383262616235346466323838356434343166363130356138663631356663363630383632
39636635643861666665393537363830356136386639656534643833373662356365373336303334
31346464333364333439386534313366643465333433613037376437386563313030353931323035
62643530336535666230333737626635643965663032323463643761633964613538326137646262
36313066316364376437663439656162633631656666323730356432333534666162356462336663
61353737653536366661613431313262643933623336333332663837643461396237313262353366
33383661336334303335353166643830396430633638396335333637323235383939366662613563
65303034633966313132653665653534323565313433656534346331303361616636373038306263
31633266653733643861383234393537386132373630653837346565313032303665613064663561
30623731336232393036633165653833643234666635303731353330323761373561623031353835
33613730623161653931363438633030663163623836313466633637656265396566633538383362
64626334653930663962313037363664363932646238303031336665626463353933383466666636
63393938383835363338306462656235666633356230303366656531656535323964333163323737
34663438306537373033633565306439346664656335343835303136333232363533643234376366
32623238653830636638656462343233623339333764383634366232373033633162653531373130
34383665386132316366616632346231313035336237396666333336353038393533376362383065
38306330326365636136376364343132353166383762373036656537623261383637643238383264
66313063346230393637363835613566313865643665316561323833623331353730323832306139
34623636623233363562373339326361353735326636366332353231323430306530333933636534
35336239646639313264356332393865376364306462386635356264383537613861663365383336
39366337333533383761306432336335653639363763383837376562326131393266393461636535
66376465663139393430376237353332373332303731613464666365376233326136366362613263
64623637346263353761386432613439613366626166653331653636346135396365313433623464
37366364656561356339353665626136326664323930333964643361613233313363383935353631
33653165376539613361643035346237346436393936653131353836303465326538633738613834
62663839646131636539386138373364373832623632353334363336666537343764326163363333
36386634663463356431323137633265313132316565383730366134626236366333323731386139
63616332643937643839363537306661636562363864393337346466303763626463323834656563
62633463663133316566626463646334373761343838323266306563663530333966323534636166
61666463633566653363393763343666623939306666326162346163313935323061623266633865
65353163646630643636613738616137313732666530646466333163343664646662303162653032
61303636643662363230643532396538353463386633346437316431646364376532383934613137
64633865386262643336353439326133316463653539313130376532396563333738386331373234
65306565373163353236343538613865613435386365386539643265346261386431666130663262
61653532383435356239326539643333393234623435646664323730393833613732373831376262
66393765323135643261303062393361373762346432623235656432303262333833353161336665
31623164383265393434653966623434316563336161653433636366316239316565616636386334
32393162643031386633306237386466363433303135633764633733633033633666653733373962
30383865646464346663303962363664396633616438356630666165366666643965376437393730
34626631373762373435363365343137626165326661393734363534316537363736626239376562
63656461643638643266393865643337656661643631616362393764333537313232373136356263
37343865326364373539646161356336383239653861616335353133386630373332626136663232
38356533623636333866663763303937613633383331343939316266356334363237383139343637
38353266363535343639626562326334613035363031383736646636613033356665666230653436
63626366376461643933656463663264366334363134653461613339333664663434373461353133
36626638633237666564396631666433303039646132343433363036343535303766303430353338
36656638333763323663633837636431396438643831663632643635373939386431373266643134
64666561363931613066366665653138616331613439656163366266353531643863353936383762
39623565313230363231333763343036636339373133313836316464303032616664316164633130
32643832363566306435633263626130643136666438396339396335656335356363383831323038
32316431323333663337396235306338343138636665623561616631626533393931323135393036
37376263346437613838336362343535303866373137626464313465363134363966393362353335
65666236303261643061303330623035383630303963613532393430326433376161353438336231
65633466636430636666366564343462333032306430396533323832323861653035303066366133
38326532653432306664633132653836303931346631313665356333363563633938306663646136
34336631396563313438633930643532373466663438336665663635346131366362343631386231
32646632373561363263313665626337363365343763356163303034613231666431633436626363
35313266633934633332336561313866336166663138623338626533656539303638646663663563
63323665326462326136666365346237303837623539663865396630653466366630633430343833
34393965626630383630653962323330663835643433636161333537366138393038363363613032
32616437306562643462323263623036643566316235336637373836393864313263666535366232
61363465326533383663613830353836386135653865383833656536653231633034613938363635
63366163303466383562396536343465343031623939306337343036323133616235383265396532
35343165383933643335646638666165623166623333373565636538323833323237373232336663
30353161363761326633323338313933666465373562643662626632633531646230393762626361
37363961646636396434616665626532336564393865356661643862383763363539333961636262
66353438616564313166363334666636653334303461306462393736313430316562366232393930
35353061313863656439313161396262396163643633316530306537366632313530356236363635
66666361623362333432333566326338303337323837373633376165316436323833613137663133
35616665383738653761343530303430393239326266313034376630313463616538383534336661
63373962313337373730336436646639303162636234623239346531396533663761663434623561
38646334313962633435383562333437316130346437656532393635666461613962636130656466
31323664313165616366333235376565626265356232613265663966343938636462633261356335
63373732323561326236363866663063323866366630316530616364343134326664616330643832
32636163663530363535616462643537386365306430373164376230366337356563343664396564
62393835353838336331303038373530643665373133376434653036346366323764313863353533
32373135646562366336613862613232353831386236613764383862616261323037613830633566
32653031356264646339316130646433646663653335626336393737653230643735623630633730
31633334393331376333613738316363363534613430393936343339616361653765323032653539
63353964373463646164663132323230646566666165346437356539613035396264616366643137
33346661326634633433336337636635666265633064623165373163363332373166326631393465
38666661623430376432636465616434326539363466313563323738396239363265396331636361
66373661663433613639633338653339376566323239313637663038653064663331333637373135
33636265613139643362643366643439666265663662323235313464616638306662376435333136
62623630393232313337393435346364663736373762353334636361666339303032653461323834
39666134343832313035396664353661353935306264373263393132636235663837326230396261
39393335646230353561356432383837336230393734353665666438636532633361343436343730
37336362363632663361353435376266626332613865363134306164636338616539616438373438
34666661303661643338303937656232353535653935393530653737336463323339396166333735
36366664353866356337653638353232623235613532333837343434616630343162363830393932
63613837303239623934373739373035396365306430323737663363303237663836303037623664
30303064653034343664613930306135333933393733396162636230303061653036313661653334
63353264356636366634613163316364396665363035363265316361326133383538333034666662
36373538376231633864343434353339323930643961353565343839666335386237316132343766
65363261333430346439363437333666663734343133633735353032313166303032623039653439
37636633383430323039633061626231313531613034363065626664663538383466633062333430
38366263646639323634663139363562306266396131613539383437316538306264323131643935
35333261646665316232383735316539653732656131323735343561313766656365613235356334
30396438383930346564366438616435656638646231643565343133313237303631633534646139
35333731633836333934316633393935623534303631653234323236313161653730393062656436
61373866346335613531643664303565336138353431323765313331666537663430346562306363
31653966666366623461306266623731646630303066323934373533313230333735316339643464
62363632343963343738303336373533646437656635313265376466653232326135383166356337
65623039643664393364333038646138383265333233646538336631306365316362343931636266
3439323133343035653164393333316361393537396131323139
