$ANSIBLE_VAULT;1.1;AES256
31386238373662653830633339646537393566616233326434626438343839353066663532643963
3139356462353762616462666265313234613137346633320a303364383162636631343739383035
35366636316465636436666536623461346138613162353133363866323761343239636463663637
6133383364393837330a306135313736316231613561623963386361323539356135653463366431
63376166613437313133303930323865326637623431353465333063643462373065616364656134
38343165333866336630366165656161386631326639376132336266376663383235323030666237
34303634326262613034363231663465616139633961356364643533373438616366633338663932
63393064373030613936356165373836383061633733383132656231333963616362333634366530
32646131666463643632336330646665316464656237306631636131633935323364356531356266
64356362356231626239663331623330373563346164666335623864663838313930353830636433
33613461386138386135656330396137346435393536616434313436646433646631313563346263
38303363303665643166383533316536383030376137376431343335633761383766323137616164
31383763613030306436616131376637376163376530303233343133396431623066616132313239
32626534326133386462366532363933353536313339383032646235323366363535336439303432
65613937383234333630623636393961353235383337646638626531306335646634623163333437
32636232376663356465393130383639363366633330383538386463353337373164626265363639
62353635336462313537313966643736616261396539396165396631343966386530333132666331
39383366383765316361386137393863623738356263623338303535666433613566343534336166
61353937313833663437353663306539383164616361373061383739376337653231383031636435
38623334393966383834326233313637636361336462333162316134373161323166643631633438
62326334646131313965353537613335383836356262366665303965373831323263623161663633
62663937373030383737366565323635636263616236343930313961386666313636653232326235
36633136636164343963353939626663663433316264656465346433653130636533326339363837
31613766346630633164336662393631343037316639623064386233663765373963623733336265
62303237356438323336366438626633333730353535303239646330333566366232363465376132
38376332333834303963376633633638316430313666333531333164383363323463363661653434
30303266373964303466353666363731313164623137613630366665326361343538316437333735
31636632633733373536623636316432616163636334653739326661343438663565643037376262
34346230376465626136613932356632343135346238353936383534666664633466646133653030
38376562643032643161666162626438613766653865666130663965623664376535386633343333
61633237323635303036653464366639343234313231656436616631616562333337326639316630
38353538653037633864366533343262626563653038616135613031313335383830656537356665
33313664633437616539666135663934643861363937633764343166633237333364313032656535
39376265363266383232313637636438303030353636366236636334616463313830613861643031
38343462666433383666396232636331366365666236376464633638333631356262376634323765
33353365636430663164663038653139373137333766336339336466396334313731313561633939
35343435653064643632393466383566383664623839373238366337623663313066386461666465
64653730636636366565383535363234333861373338376235626564393866653336373763396337
39346166613936386435663064383261303363663830393661396532656630303566613734643230
36373165316133663462653763633938376563623632316630303439306131306136613464623231
63626135636464346631663130346164373334313963356361656138646365343539613736303236
31363961613938666430626565393935616539356537363538656566363861656465623838646164
31623333303937383334373438653131383966613764633033303839623633326132363062643861
39336130336638346539303232666538393039343839303731303738663962616332646336633537
35633534656631303334623763343638366239623336333437656565303861363061613162323934
66356463623737336664393965643761383838626361353537323566386661336632616532653661
31633138313230373239343835656666306439626565353863623731383437363730306535363538
62643930333763643065386233613837303663303030363237633264386531353837666565343039
36663261663338333635623966643430346566656633326132356437373632316239663465396132
37333164323935373335376239316539386665623539366463303136656366306366323763633731
65366262323461393835316662363833366463633139643236303163656233646164326438366635
63313639623134343936653665323137373962376636343239393063376630353465643437633132
35363661623031363939656366343664633932623363363733306439363130656432333262303337
32373365383463396364353434643834646165313835646638313439383563313666313038633735
63363830346238633566383431313265663562363232323430313234396636623530353635363161
36633238613031613830306431383539323930636131613738386665653431646265633665383333
64313765306337656537643262316430633934613237333965616137616462363635633730356165
38323462666262323864303836353061366534623632633137373534623137653164306235323230
63363062333362613238383733313932396235373436353061613536383966323334373637643939
66336532613161613361626264333632623466363533663035383330623731666662346330393763
32396630303439623934616265346365366436613033633133386130383465653063663061303261
34313339373161373363313734646666316534626163396238356434396461393431343837393262
35643734643934326266633634653731633962376330626630653864353335393161333634323439
32373234303539393630353137393866373637306563393333653436383132363662333639323938
37333035613361323465346233636532306265373133336234363561336137323334393734663165
31313832393634623261323139303931393238303134316665363465653865613638323133313338
66343736303063313239643133393563633835326631336430383538636137366664653735306337
39646130626537366332363662343064653963306663306236373431323935363333643562303565
38666665383131336563313930393262626534626236626265383732323330623337656362313064
62336363303636336663383830353535313265663235363165663136653439623536333832386566
65343062646133613430346563626632616331376662303766376230396132663166356364663630
62313432663564393563643165383236663064643865383563613239303262356465353036333536
31376261383364303433663131616435343036353035373064396264343730303936343065333332
62393063336563396238643831623861643538326136616234663936653562313137346461666562
62303066653263313233353138363563396462613264366261653239613164623337306439396461
65346533313862373561303761383337616635663232336166623038663563653838646165346262
34383161323162363736383666373964626162386661323737313937326165313938376132316466
66653333326337633963333435313166656364306135313439636434363838363332306230323239
32613339333863643036313736313331333162623238353732363533376337616236643535366332
31303363363330663639326631303861343239383466306637383330316330636164646233393464
37633033316362326562373061323162646135383133663930366664343030336232646365343365
61363364336566323362396237623062643064633531616561646263386636383266366661633766
37366130393934396563306235383033663665326263663231333265663831613863363038333261
38623163633630326330343837653135346337646633383231353535653439653933613464333238
31643165633531303833303039396637633465353734316662313464333833636164346234333765
33366132323364646561316436633864323034666365393233313466396537393535326337626166
38623231353531363037346561303566383566363838643765363861623865643962666433373437
61366561366666356433663666636437356363343239366363353434316435643238616665303239
66306439373964306636643437633733306531383661376264613530623963643431613365333861
62316132653838366338333939613533663834656130356535356630623631626138383433373962
36366662303065326333316237303463343431626234303438303563373132393866393930363330
37386462616330303564326538366138613863643137373834323362353064383263626134366633
30323865346634363830306435383765313964366533383438366363623438326366336562363733
65343237356335323131363861653063633263613865303536383939653938323434383663306331
64303064353761396466663639626362663632393663376266306439633337356435393063623433
35343338663635656432323166366330316637333936653162396630393464623336616561323834
32383932373832626163326262303564613538326265616631663236323666643264643034633464
65666261666131336431346364613033636333626237313334373637303833656133396232373637
38626463636433323761353735626533306265613630623361386434373633636164353438343532
30383031386139386637353263356531616439333330383938633763643563666565336331613634
39326361653564653562393065313833623439653962393865626665366132663165393630643466
32363437336239316164393738393132316433353736343761646336656265663437323830333964
61633964323463373139303535333662656464303735326533663039363061306134623031386334
34303230633335663963616532353133613532663063336263343933653630633165316630356232
36306338643264373865363835663365313033626130613363613562663131313334313430333537
63363136653863306466666338323864316432363936363238663937326464363765393737643738
65396163646638653163313134313263373935313732323964616430303432383161366361303136
37316634623237636431663735353537306537643733363439333237613538663534336434613933
61626638646262383966313032363132323864386162636330393033313261396434663866393336
36303934303838653364306437346634663137343538653735633330323139303833313338366562
63386266376636356538633036656332323136666565643135393063396538393864666166646530
66643534663639653632393239383638393461353533383965633230323132316533336435626533
30333038313763353333353233306266613439656336336135363166303636383037666238336364
63383066333365653962616665663432666636346635333730656434646333613931353434646230
39616133656332613830363262303763353530383237323561663132373932373432316438653262
38643232356264653130663063313837653739393735313431373734383033346439363064363134
36333330386662393635386161643436353930623230316435393239376566383836383061313063
62366565356566343163613638333335366165386333653366383037643164656635376130376339
61323930323463656539376539636365343062346366353339333930616266653163656339343836
35323531636236613433373538666363386265396338363065396336323564313465383739663366
34386232383362373832633561343435663438356361356662313238363634393366363263613762
31343166613033376162376363356433326634636366306361396434656565346639313332663130
61336663333739393866343834326362383237366330336664646331323135656434316564656333
30346261633261653430653537393931396166323462633732653866636162616234363665366135
31323563326261326436333361366238616634633537633237353464376265616562636463636233
66646135313131346166656661336666396464656131666163636662653134376131623064643661
32356631326566643966643632366233346533366462333130316334306266366436643265383437
64333434306362363337393335366332313233313465316435643330353033363061336464376232
61646532633635653464653565373135313530666634613366396130363063346264383738303963
32333165616561346334346435356433346534623630616465343363613637366438333636663031
64316438393965346532666136643135313338333063373936386134313834346431323734386463
65613766376530383434636564616664646236313761373333323234663561373236343262363962
62333431373961333465626465383635356333383961386235303765353463383132376133393234
30343330366134373363613131626632653438346236643837643962396531346532346362313433
30653132623032656532333065396161623136346638306666323434373835393731383735326136
62663961623433613837636536333561363931373439303830303231306134623561386161313761
39366466393561373935313233376334346238323434393334366239386237336332363031326564
34646334316364343537623362383238643333326666633835353864633438373662313138303865
65623561356366613865306531383162616638343038623162663163656331386635363836626363
38343638636339666132353132633536353739353434316532346463383737616132633134646564
33383334653832373838643333353939653932363737613964633866363163376131653264636664
64633434663961316237626361653536373636326361623765653366626631663166396231343062
61396363383232366461653436396261333335363630363763623432346639313433313665326631
34643035343765333535643930636366356562613031653363323566626437386438366637313134
65653664326438343236663737376333313838326439323733336164376630393262663335356261
31393264316635613334396631633363363631313765353531643761646233646433656235323539
64636234383463366339303839383232306232643538386336373435363830333366396464643733
65373135376538393531613962396436666264383965363634363036363836313765343565653365
64316462623237666331623432373562656532356663373737383336313261346163363335653832
64343166623263366561346638363430363866333432383364633631333865313937343630363264
35356261613939633730323863643732363036643461626533383065666434323432336461393731
36366636623462663238373235306231626163626636656262656239313332376139636637393034
33333135393939313830666165383532376533663065396531383065383262363736636563366631
66636639613139386338396665383435643462396363333838626631313161333564623263616362
38363830613865633766633064306165356538393965666430323935326336393265323730316435
37383534363037616130616336656334333735383435346261343039363265626332343062353736
66303434336663653262663732386432376331666237366164346431346164326238616264366461
39653532316132636133343034663561386339616439643461356632393361396161636639366634
32613561333762373835666465646465343566663836306361376139613134636161333534393539
64636265333637323865373337316230356331646563306536643033376431613562376531393032
65636465366532373138343835336638306233343231353361383430656234633635326661626531
64653630356238363066393834623039646436383263626630623563393261373537336332306164
39643138396566386566326335323933366537343334613338313732343364303034663031333034
35636465313838643961373662336233376334376630306465313330316237613830363433653434
66393264353136306533626137336331663364306337396531383930343864623939373936323838
64306336376338363663646639306538383663323738316139646463313661373262653762303861
35336335656536303931313063386663346430656565343537386634636635663965336634326630
38393763626237323363323037313732303531343630613261313638323438663761383664363134
32336562333763623263613830383435343865393764633536366261623832383237643831333762
31363133323833396635613464303235666536323364353135393931613166623465333835393864
30303338626234663866633035333134376337636238656264383363313137333565373531633564
35626366353062363738393935626538353264653266323738393032363365303732633831623131
33343935643931653932653061373262393434396331313131643864363161663037393666373262
3138633266323135633964376638303836393830346530663464
