$ANSIBLE_VAULT;1.1;AES256
33636464363930366664316263623035643937393737326433383766623766326365313637663832
6666356339326261353662633139636465343864393332610a376430383834653366666331613238
38363064646337656434333665623662386139656466393337356139663036626339643432643661
3361623566303136350a356638646263326562393763316663356163616233326238313231303134
33643464383062656535626562353131626564376436653736363736333033623863643566396561
62623039613636333136386332383264636238623035316235353034613863303937626237626366
33326263383833356665626138343861646264303031616230343065343864643665656536666138
66626132666265643864653933313365396262663866393561626239623930656233633130303061
64333564306231343335383261313138663664393336393131313633336566343534306161333531
64653266386531336239666435653735653939383733373636623733366131346161326138376661
63346530323036363534343832396661353363326231326536356533313462373064663636343439
36646164353036353861666430333361633233353162333061313064373831346635626334323034
61373337383031303966363166336663373434636139656239646233396333346435316631303834
36663666363635633562323965356131626361663163353939373538303335666438623836313939
32633138393531356265346665646136616130623033346437323232356137623438313138353933
38626436316134313939616235396639626530396531356135663730383361363535343764306532
38623835363737313539643466646532323062643535306161323966643534666135306130373861
35373634323235303933383236666139393531633734626465303037336231363331306663616333
39623030323131353131366464323163386262396634643130386533346666373439653532643435
61643330356231356638306630666666376636313638616334663936343238333935643662653963
61653639363532336539666666313236346536313834656231356137313431656339633463323863
65653264633237306138613637346261326561306365663039633430666362353034366538303333
30353064323735393731323037646536393264643330363234626130323138353839303961323935
35313563663962366432333038323030376439343531326565656431383632303634363062346363
63633834653064656339663137666465643137613139363133313565636237623534613236643836
33613061643861313462613635626136383161636333636333666364326234323533343937393466
35666165343765353061363364646465376461343130656534616535653634396438323537643663
30616233666261343963613464323536313431653039356633643035636563633362306538383036
32313431306430633631363035633764376266663965393231323032653461393664363333643436
65333665383364663532323035623265346235363934306135333664626135333438616563653933
37643465396337626534653262653930653936303964636566303533363937373536396235376633
38303066643165333562336165663438373262363064613338623564363532613961373466666632
35323161663666636562343461306162643235333830373632366164623339653761323564646332
63363765383231363963623839306163353331313766373230656436333737613134316166646233
39363633333465323131393534623931633134663833663934393864393862346230376361316234
30343436613065306431613433613532303564343735373464626535666265346561643366343862
30303434373163336564646533623932646132653830636132653363613930393865353931623137
32376364616236356661656532646163623363643532663633323161346431393732366333663862
65353035336537393565336239653130393534633438303566653635396537353432653466313633
65613934626239653530303761306635633039623238646662616464303265336438353266666132
33323235353836386535363632613133306232343462373962643930303365623365623933306330
36663738613133313466356661313233373461353164626433326262353139333238366165353961
35346165303233626262316637353163323738383063663936623338656534366132636566363935
64656330343932333530623332313965343865653939643537343666636335313236316132323039
33666130633864343665623539366131323862346637336630643236373462363061326433363264
37366563303065326565326666326534656133626432316362666330636262323263303831653761
38353062633861623263333538373565643765653964363336373764353832626531646263623932
32366231386263363263623161626437366535656637633936636633353438353932636666663463
36633938326436646234313264306366363035626366663031323161636430313166643832356138
36653363613734666535663437393737316166623331343832373262306333373165353638313366
37393961626464666536333530343864333133623930663061633638333335373836383362333534
33636534353435616366363535303663346364356536623336386439383339643162623732393036
31376563616630663462636134666430626664376564366237323636353832633031333239353536
38383266393464343662633761613864386332653234373237353363303136393462383963376566
30323034363464643765323433306564396264633033333465393664363161353136373936666633
65663138616562343961366562626139646361343033653634323434373437653038313435306231
34326635333133353463663033643539316235613031643836663233613235353538373032373664
35333163353237663866653261636366663433613937613131333462633536343762353063656138
32366162623866616261373363313332643439636261363662376131346561316461343933386261
31376437393634363134303134313564383434343339663266306235393263343539373563393065
34383935336566663136303035613435323836636662333431353963653264623133636533643033
66393034313539663931373238376434643765356238636339346432343737616666313034643733
38353530643464353061363532643637653661306530396461303330663738306538396331656261
63666632303730393537303932353235666332316330386533386163313666316334633232333466
63306438373862663365643536326134636264333662633766316565653834666335396163666631
61663462646335656263663563336433613130303439613238616232363564623837633231666137
31366338303732623733623763613162663532366631373030663137333435613737653636393236
31333230373130623831353736333364373036643235346665376164396266636635653665643630
63613035653530383031383733363731383536326139613934393236303065656638656566303264
38663966323164336330333132373537663139306535393134646139383933356533656438393737
64353236393231393964393063363937356262373139656532643464643461343562373666373838
39303931626262356136376534343330343066656435666631333163613136643835326631346231
32376566646365643839353661666337363630393938656239313537643265363330313366353135
34316530666261323662313132643839633632336164393066376364323063623861626564386562
32366161303531303261333937646338323361663734393432333965646261316164636538376134
61303964663934653430316131616563373965333064333035623032386535343866336633636130
38313131663638353761353433323036343865386264666635636237666534356666636532616130
34613265366433313334393364633437383937393830363539373665356434656631666437306237
61376136393936346638316630333032363836336366363330376439346330613063393036656238
64353633373231393934633132316236333737353836613866663237636366663534383738313137
30343266333838383533383764653165323432613139323436613833393861393936623963373062
33343533313562393537363366323662616632363466316231383162363636666561646361633466
66306338333539353138636531376136626234326263623063613866353033313333363936666265
36383232356139333631363364356532623662653634346137366636343261623966366331633438
34363731313838653337383534393364373532396238383436616430613538303536343866633866
30626366376635643563353639623939333038626666373937373064653538636564383635636165
61356663353238333839656133393637326564646139323134613263346166383561393031393437
65366532653066323830366434323839636562633232303963643133623637333230353432323831
38316536616239363965663366353663343435306136636631636138313863643235353637303664
62393863363564393066303536636538663531363433663066366631333239633633383333396433
61666537303636626633643435643331353561643264303937613432636266663863646636323238
64336362646463336261666234353761613638656536633931363739346439353762336433663136
37323865383634363063646463653836366663623139653561656563326132633139373965353738
66333564353162656266656339643634376366636538306534666339336238633233346332383530
36373135386465636331623365363237363237633930393832323338383264393963373262383661
62373430313765663330323736663330616338333131313837633135613733336261393766353038
37616333636239373661303264396334366461316538613438346638333966643538326566326662
37383230363035623737373035303865336236616134653762366436373861363762643537646266
36333965373337376636333832363166306162666262363737633662373162623833653234633565
62666532326637383165653366306661393361653964326466383139636436393532663335326439
39653337333634393435323139313235383630353433643130623666313138663630336666636261
65316566363435623962366266633263613032616235623666663431663034336237616263383637
63613035343464333866323465343538303930623936623362346637336131663231643764356266
36633261366332663339653562303238353461353637386366616432316534623933396632303433
38666239613963653965393636306133663039653730353632393430323931396664363966343637
63386662663335346237393363613961636635313064346139623933373535306532303864383431
35356535396264353533663066303163303537313263306165346532393739383536383331383863
66646430643838376563393265666562663334613063666335373432346264656339633863373262
63333830316532663837356662613331396331643863356231623636616135666635396339376433
65306166663934643831323630333762336536373666346264343963376265363265383831386634
66333130363931636232376262613965623635663565323662633430306231323335373137343362
31353936333062636136633465633534393861653933666463633735343033663738386566643632
36303034333666373634666362613937383036333033376338383232373930363531303566353430
37316435396335653664303738383134326332613731316532393263633230303437343064393935
39626539343639366264393232646462646236626439313863656431396662613235353264653662
35366466653033373433623630303838343963396334333038633233343764366233366137326363
39303865306530343731303534353234393639326566656339313265666266373632643934313966
37336132313063393236373166663538623232333439623436636636363934663032616661633731
35643939353766393735653636383033373465636164383932383536326330346431353139393634
62313339646532663930363866656630643437383036633165353636346430336466396639636237
36666462646566353664363461326231646133306665353162666362383433313664363863656234
38333038333865613233323434646361666137343534666165333836636639386665383537663630
63316330333737666130343735373162346131663633656632336338643939346630383065393536
64396563636466336666653531303462353035663462336134663161363866303838373263613732
33303039346331623866393736353165376266393366333865343264626234326465633766386563
34323039646634636663616331616130353932353432343763323563623133356563333263303530
65616365656231383063633238323938653831396133353738616535343233316137363232613931
31333032313062333330613461633233343834613538386639346465383039363565323937313737
34323965646533343765356632356438333231623361313661343739636532323266393339636363
35616238343361613432376239323962363139323834633961633165666435373566306263616438
38326137376134653566303663643763353563343939336534353562313238393865643533313466
62336133386639656565636132643463343135356233363137643365386433373661383631313138
65323837653530373035616230353565653030353638343737623266313837303837623765623563
61623666623463353939656631356136386364373434353265613863376334363633633430346239
32333738303136613661363933376630316136643566346362653239383432656331626531333939
63626563623163646164383031616638356539343132383639363733316335363264356238376435
39623735376464366362316432363766333463656635633039646261393835666665383139376436
64663732316565626337316431393934666662393439616662373735313032333039366330663561
31363531363934653036373336666533636261313865313332656433666161393230353538616465
33376661386232353639323163333131633362356264313236386530343962616231366365633135
65643235656533623336326263333438353665646234636264383931336262366634666465653033
31316339323766343466323533653162626263386135346662646330383230353534346636613135
31346437353964646263373162386439353338316537306262396531333863373038633630353166
33336262396433623364366239646333336638313965666131653839663363313238613332313235
37383266646336636438626232313632303934656439363539623465396537396135653564303734
63303039313265616662653464353762353133613338633039383434613830346335323763616233
61396666386333613930663133653034356262366131333761376330313061633661636661616231
37353433396265383165333637373632353233656238333933616233316637626135623938313239
66313266313162383532376561646261656661373363626465373763623165323038363732363863
32663337656632633130326264393863363863643439613239326532326234323265613765623663
33636461333563313166396336396535383266356438326563393561356236656335616230343737
33303836366632383032623030336637643963633461376463346165393138386538363866346332
36356131633737643138326634306438373432313736313865333066636362313437643566346465
39643730323338346361623663643835616235326432393964396363616661383634313937636466
63336632343330663030633263323432343665306136623265386531623531313863383836626365
64363236336666336334326339383031386366636464353736613232376165343362616134343330
61343166656463343236383565333733316161353638623666333634343136363730626132343762
37346265326438353137353239643764633866386566616437326634383038333663323034376661
65616435326130376233643263396465646538613563643066633733376231633538306164373237
30356630363565396136613531633532323237303536376234396561356235633364353939316232
38333437346365663138656136303833323466323638346364363263383835386565306534356363
32613361353265383334633665373332386636363532373030643538636530386162323536653264
35613130396666323039353962353462376562613165393230323764373138306138613361383335
61346466303632643939626665346161306533303836343638303130343962303834663763343465
64336637396435343562666632653864643663313738636333306230363333656637383532636461
64343564313664333331393338633566643734303137623834373466356163396439353037346233
37653364303232383234636666353737346533396161313335313637643039633861386631343738
34303833313064633163383663393165323564363763326230323630306663323265386637363563
65323533316364313730326535366533346462316535366236383836613937393662396365663865
34653264333632343937623130386666376265633034383631316332333734633839633134626564
66623230613137666438386336333033626261393637333031303538663165363033306232396434
63376364376137373561383162313333316433656231656233376162356264336461656561366335
32373666333836646539663566366631376633633931643438336237316365373632
