$ANSIBLE_VAULT;1.1;AES256
31373662646132623933646363313663333230663964343064633730636135663065643265653163
6161393139323737383465346261653036386631636666310a306363363337386236313265353563
38663636393162363538336133623734373136616165303465396636316636306639346334623562
6564316138633235630a646532373862313831653534346235303264366464636530613763343366
32663936646533643832666334613331393538326536396665326638646264373534636231666532
38663931353063356136383838646233623433623535626434373938663634613362363837666130
65343637396339396230613837346665316536666134633939393866633137626563323932396263
33376432383735383432366238643735356137353334343639663961383738316163343433663766
35336630633733613231633132353439393264653331353436383930663735316263623363306432
39373831376465656339643432633765356236323762313032356562356463373435326363373963
65353739396638306138623136353561376639383161643736623633656163343531393234623631
61383839663138356361653530636234366563646434376239383863346666343930326136356334
36356534383631306236386135626564306639666564373430626664386435346535343430303439
30356230333530303235643165343432326163663439336137333363626162363632393831303130
35303263363862643832393337386534343463393830393637373764326633373561383633366464
36353532383466653363363239643732356430633564376638303834643963303536343266343265
64663531666263313536663636353935656332376462656361393838333463613239356334343631
31396565396538663630613330633832383130306161363463663464326235653430343662383230
35343738346335393034303634326236386431326130616564376465373237383564313034643635
35666235306630396331626435393963616564373663616230633133643739316536353561656438
37646235303833643937613035393065333530343064323734366161653761373263363839353432
63353737386364343239653136326661633939363735396136613332346130373466643232346131
38646461313361376662353765323861356137636333303830303833643130333130383739396532
36353961373962316366356336376531613530383430666239313135356665616238613838636631
33653761353035393839343462643861386433623734613132653533373934323235656439326663
37633163373135353239643837373961346362396435343366306531303366386161393734623362
64666662336139653761636633383035323661386635343037383335356666663836353766393339
63383462376663303832333939393535353833616265363562366533396632633066646166323736
32373263623736653232616461373666326163343136623461353939666262636638626432326661
33343539366438623836313866353235303733363664353833383665643536663863323339373530
35303861633062646665303635663533356335303339626161313338653964316366633964623361
62363535323462336435393936656438303936316561626465633531633737663038366464336232
30306464333932323031636362383161613938396330623530386235646238643333643330336237
36366532363937333966343662626566373765643464323130626430353361313264313763633332
39366361376664663336636266363431393865353039326665666264613739336139336230613834
36343130326233363766383335636431373932333664613564623462353435366134653537333636
37316265656431656537333161633536323163653564346166656238326465373061336432346238
64656465333937363866376433326164656265363332653532613431653965323733353532346130
65373931623265343535363061383065336334343166366432326333313163393761623336623566
34356264663262366361323865356630306132376661353065316634363834316235313261636531
39663134353531613363393330643635323438363431323037623738343138373132363236633862
31666334656264306532656530306435343839373665613639316436363466326565666130616631
36613433613332313236383066616339613061333539353632666531323539346139353065623865
64346464323733643166383333356232633033393266393065653031353864613533653333346434
30636336346138306362653362653932386261363831353539356565643835613735663335653765
31373532643665613438633263316465623634333032356637306362316262333136396364386539
61396233343431306134363030663734636434363230333139333264353163353636666430663138
65336632346366303834323861333165333861323730306665666362336235633536313737336666
63653336316538653038643833303037633930613762333066626638616664666233343135323631
38663734316235353165633765616431353630323464383830666138643832663736653439356133
65363832636530646331336333643535393363653530303835666630643934613162396163323336
64353833633338343665363131363564303832366434313666666662366636313233333438623861
37646130313438373765316464376663646539313732303738333165333066346662626466313733
32366431376135346136393962333335393934663833666233643638626639613461653466356661
38653263346662643465653032346330343233353030666339376330366331333666636666386436
30396562333431346630303730646264303134326131363933386637643634663064316263613839
33313063663530333637363832303439626136336463346631363237646339343464656462393666
33316630386536393931626236356537323061323162656439303338636634656365383037383337
61636362633535626338326264636339656239656330303733636130333337303261666534303537
66633565383865396133306433633738353735626466613731616165663532306264353166623062
61383763306333303665373236373364313761656334663537333538333366393732323931393031
66356434663035326436333736313230303566343432616263393034643062373864386166333863
39636132613461616233313430383833663765313265346131393533303561313430363662386436
35653963356333333261653238643863613436386336623433623934373832653765633035636139
35313830643666396136373764366337343032346431633165656332393332333366613365373465
36373433643733623666643861643965333437646265366536626432643633393630643939633538
64383163623963643435383765386238656262663762656362316539333538323439363439616664
34643232353936393063653464646336613039613738326637343166656163326464316235313062
37363164613635326635333938656438396461373338636562393139333037306664376537663631
33353663343033373937646433376135346563656663383439666431633434373830313663356534
37366234323137356534373862666564623362366161393866353137646538376162653466373163
61303337656637303932376536333532343634666165653064313339623935633461343732326137
34383366333830646636333531313663333533316236356366646333336334393232616633393166
30343230663937316133643565393833333163353833346633393537373763636534393436326536
38383434356331346630366134633161613963373361363037343266633766316163323839646138
39386333653939353063656464643232316163356332323434613964663964613031613563343066
61633232303535626166323639326637336134643738343063323533323763383536656636303565
34306662653633663263373762623134623066386135646639313135666537373666316466323839
64336263663230613036613939383236363139393337316166646234633135356165623762663933
63303364306331666361333236373938303132303535616237656634623466336530663566363433
62316239373265663736343366646430633134343631363833363130656164663832393533333131
30303935353265306635653566613633626639626332653637383334613463613337363430393633
35373538383933383461636539323962376535373966666638373766656361306433383036613436
31353162663235393264656530353730326539373230346133316538363063646161323263373237
34313463383039323934633930383438326634663731343966383035623935653164303662386565
32653334663439623639313736633933323431323237396432643762396566373661383963383964
63303566643239653963363431356461343532383931623439363763306233356333366234663531
62303162313332343637303638633938353637613133333734653935373432646661636332326536
36643831643130343433313537373136643466393635383735353131363438626561633666346534
63376565646533336131393963643730663333326334316161323334623962633838363731623235
63386261343238626439346330386630653335306136376365656163663664666439313336303730
38393366336635666637333036376164383365316166363965326565373231393266666137626338
63396364306164323231633337306435626661623262336664343664633564383761333336343236
35376439646237636139343336363032313163396532396234616433336532323065336338323964
63323465336634663064313736633966373062386632663336633638323964353035613362623334
65643161313765353134653835306366303837316262366634363063643462313735636134353134
34313961346330373236323235353562343563336565383831353261626434636366613036303936
37616563616336393834323966653730626335363433393238656331653136303031656365396432
62313933303035303038383839306236643830316362376131616463323132613131336438343165
30626335313534646165326462366334323066643436613332613662656334386637616266636436
63653432313061623465633235336265663763616566383030663330313536393130343364373735
33306533303161363936396235643038346363393439333339343631643630626231356235353830
36393936386333613162303361306263666532363930633733316538323030323032363861343236
32303438666639636333636339643736353430393763383963323436336239316164653030633935
31666131643263343632663031363234613162353130376139363236306137336164336631623462
33626538303036363064316563336631666661346431393938353434613138383563643063346130
39373933666362653562333932393064316434303265313838636566616265663138383235306632
37376463303335326132633235376166636533306431336132343331396366346539383664323738
64623866383633643138613931373935643962333031313135626165643765656631646339363063
62353939303562633938636162336163653436616466363265373137376632303834613332636462
31633138666161373832396235303538323835306535316536306663323934626534383734643739
34636162393838356339623764336131316337303834666338353865666161666531383137643733
64643233616462346638656634663235303631353665623336666432316237393239346339396535
64666335386464303232346261663762616439613761656531383536333837346233623430313434
64616135643533613135633662383932643765653136636237633339666130626564616165393835
64623461373934663538633031323732626238613030633439623332656638303864626462383364
33346236396165386432636262393638363032613536656336653538383164323137336264393065
62633262643739306663616234393930653832323033333234373937656432663466656166333265
38636631666430646234613539636366653562663031643235323963396532383637633466326262
66653164663235373531666231346130393734366663353561343438383238623165316363363930
61356135613461366362333639323038333330666531663562393332376661396137303032323632
31393564386536363331333265663538313130643930356337623431396237643830396430303466
30373266643732613035626435373561373566623337613731666535353265643665643635383331
32333130616138653835666639623964396237353835393033646330323438383834663337366539
39343066663234346164373934646162336134313731373134613936396665316337376539626264
62653031343566326233626133336639633936306136613335376636323434383161303935303166
34343332316565353330303534316231626364326632383166356337386237666535353938663366
39383364653231633663643230323832396537343263336263353366373234323339666662373534
39346231323532356265376139656661376138393461643335633939313732623637623032613438
61363666636566616333386264613337363236363561643663373538303632343032663835663331
31663730653065663965666638636633313537316161656435343066626538646539613666336133
39303361336333616565333765633135316565616563306434663766383530626236633765376232
31346533623364306235386234636636306138393238633261623736383365363963313436643038
31336566616539376539376634306432373661383039666535366232633932666630363162663361
36633135366633393033303939663261366364653937326162316137616337373438383465383639
32636664333935303766336163653634646138323435623236666437613362326238303563386161
61333634343033376333613733333162376264393962616264313334653264393239386338386264
32303436636562353332646166626664643561363634666333393939383062313637346132393638
37666233653238633331633265613536373232396238333732316238666431313734316364313930
64633163326139393232363433613331656266366333333233626139643766383262663030383566
37346163656163313064643363613239666531313264623331383031646634653466303133373338
36393261643839383835663137393863353765333238643233656233376565366661306336383435
38656634303365353833386162656134343634353432393937666330366137303961323139306438
31313337633536383531336530653931366131383365366538303136303762346530323535376132
62356137343036353531646631306535386337323439386265666137396131393835353235663531
35323937313830303734653665623938303933313834643163376161316361386435616330643263
66333236323965343861633438343635313138623965636261343132653564396265313239313932
32633838333762613362616532336665613561336137626566306664623030623331313165646531
63313331383335623839613864353132353665343130326539346665393266636634623239313239
36343431366266353661303937636233363065633863363830306266376265616463323461633139
63613237303831316631626162303238653130393865356561386266373231363863353038393761
61626566383232653830613862646630353336386565643132656364643233303464306162643863
33353564666430343432636130643263316430363766623065626365323535623439633566353037
33316631313864653831396134303465643062303539396163633333633833353337386163396134
34353834623633333130313330303965656232376634386231306466346565306138623366363236
31643636316565623133313635383839313032346630363761333162613337623737653465306666
63353332363161623039313066323435323566346265326266383333396166653736333465663565
64613562623964323463363030646331353533316364633636356339386439363833626336666632
64656161613364376237633762636665383236333964383634356136373734333433393561393666
64356234363639616539323762616461316263333631393536383934653932333465656466666364
32383439613064613136376337663862316639313238633863373562386462636434316633613366
33353439313635396336393434353462646532613236383165386264343536386136626362656132
63613162386336363936303462343739343837383233613365666435323961646461323031626466
37613663636164326566663064366239373834346130653036626336393034353036376664666462
32306634333861646162666337323763623837326663643663383238643737346364666232643135
64643063623465303735626365663362386634383163656631303530396432626162613136363936
30353030316436396632643036303231636232663439616562383865643062333131646664343337
38363337303962376361663633333737386139343538643138643363373061376438653833343632
64323838333330373335393335643737386135616666336537373162383333626162363034303131
30396233323864613030363238613939616436313966613734633538336437326564303836623266
36386437626434633361636534383063653439616561393832363833346462653133633137303230
66376434356662343839643132343234313061376562303936643039313334323232376237326535
33343438613531613362336432316436376462613966663162303132613530633930366262346638
3836373662333065646439343763633833313864353236343531
