$ANSIBLE_VAULT;1.1;AES256
63656464363631636339623034393737353765633566653132326666363732626439663466393630
3830376339626466623464636633333334393039653333360a333263636331613436303462613135
38326439303434666563626566313634353933333564346233323865313230623837613365323135
6134613961626266660a313231356262393539636134366437313062383631356233343630346439
63333036383637393765356139643033333836323039326436666436396462333565393730653732
63316265616532363535363066376138393966336262333765303130336361393331626135396231
62333736373264393532613261333166663263316662363733633038636366633363383364383734
61303637346664323939626462303761383962326638386235613463373965326466326565653038
31663166636364346337623335333738306563373038616364346438653866396235353464363264
61626137383563303634343437313163326462326631353661393166633533323134623534633366
32373866303938623936646261656233373161356162366135366133333562653238646333393430
65393133646536616139363633373766353334356635343965306263306361383735653931336636
30326235396364623133396664333461363735643536613137666131353433333138323736353336
33316561323136386235393663346535336639393839376663316631373038306666636634326261
33643464316266646561663566386534663832616232363862363333656438623066366630393036
33363762613237656464323236346662356264626433663464323734376237643632376538303639
32633863393734666239633635656338326130656266326564666633613163623335633732316263
38333862396632646566376332623764353665363863306562303730303032336565386337323533
36333061343565343533306233393261333165626161333665323565633530386435343066313537
32376261396635376562396632313862353238616236366232633864636639383532393038646634
36386261646265353137643161336364646536636637306630323265333565643638653864356539
66383864323631396336653835663061326334643966383130393735336438323765323531303962
63393364643834303835633032666664346639383762393166373363333934336130663637646636
31616331326338383831623935326164623062633332343731326436663832616531623332656437
39643434613333376134653231326364663162616636343339386564313735643236353838393161
66633864343333383966386535623131343761643131663562363965333661613831626430316637
65393732613965313436376263663934316530326632353132336166363263386430303061343962
63386232363230386636666364346332653838653166366164613337383364626239353131313234
33633738383362346334323265386262366565383035316565303262323232656662323436333533
64353231356666333833613234363530393731353432663564386161323330346330613264313563
34636136313737383363396533656332613337323262346465353361376164346534623036656464
37303666356534616461333461363362353631333866383336343461613233343936616332636333
39633139613439366136666561353566313566313931326638383035396365633634656439643964
62396536366462363739363334303761353535386561346534396436623436346332396134363663
63313335643763386162336436643163656332356330633133383365306463346337646237376535
32373932626165313034323131666437656231373331626534343539313935356431353636323137
61666431336132346366353639633937386631323831333264633337373764313932336566363932
65343235346364343538346430346565636336353838316166303539333639623734633237623764
33663231323934376666313864343463666231323630373636393633303466383062353362656434
66643866626535323036343639653530633661363862383933303238626166323762393737333234
39393130643033363733343433303336316233306465666430363065656138326635303364616262
64346138646265336633643763633437363961653135623132663535306236636130323863626632
65303531346535303065383663313765396262343335336533336430363035366161336166383931
37353931373836396636633265316439306163323931626532326238663238666338396565626138
32323831353061373431656430653965383936663561396131316366373739376330356139323935
66643639323530366430383561303263663634326139643435316666336135323434663565613663
32326463653666396163313862386231383430336165316239636665326566366330373864643535
62313763323630663237396137323463393832383563313436323762616165663361326561303938
39343166623833646537646136313930306661333535636138353263613738316534643464376337
30356232393163633066643531366161643237653964633564656462316361373766303537633961
32316638363334656637343233623062333738343262386366373333393233393662343664303131
64623061313433613937316535666438326261613330373231633835306465323031623230373564
30366365323231343362346230396661323264376531363331623534346130323664613130326139
31633761666161303732373237636431306636633232626261666131356633333131656335336139
34626237666432363134393631626263326439393166383037353634306331353733386435333237
34353866643833346139383437366432313762333161313936656665343037656537356265383738
33643265626133393963663365383734373736376137326462373535643431363362356339336163
33373463386533633239306637313439333764363162343065626636303132613932396538396333
64613235383562343231346565663535313837376364653532303239636566613366393833323834
62346331653762633237306362316334313236626563326561666162313034643366633862356234
33393865663165303133616130626630633030646135323637393863366338386635356363303934
36383035336237373665393436343437653930656331363137633636326462623730663634663563
38346561623734656364633061333035653530666637376434333038343161393561343436623861
38363063393834666234356635383830323134623236333135346164316136613134326138653830
64386266366164343730303432656566663131303763306563386330613065316262333936633034
34343061323763313061383336626331393038366362653838393437386233663639613738386637
30353133366231303461313832376232626363616439326339656666313139616134363266363333
37333364646133316230346231626363303337313337333839373332666131333766353435663065
37373735383464643932626136353736653738636334643633623139396265633130336637616265
37376337363435653461623035346461653461336435643032383637316365306361653664646537
65666364313966396531626435646536386432393463346537626539623833356431653631383764
39666265303331663631653462343235616162313733383666663638303334383032383261663430
34376438363265636337653864313439653266653061316231323263616338643337383661376261
33393561373731376133613930633965333133623233623935353432663534373666633835353334
65303531316462343339386638343237393934383434303938333637646433306362663862323161
63663032656236666330653335636237373066313665393236643532333832326131653564393334
38306130663730323630333039323462326363363833636533303330323061316635373763646633
63333432366666316363316331343132386535373737656630663763643466633539373964656161
61643761656534333338346131613837616165666234386134313738313565343835353137356338
32373138633465343365393637383965646161393965636266333364643838336364343335643039
37336465323364613161616138306436313765643330316365316532376332326437363761376434
63366338323732663562616432363230643765366234643832653431633233303234393337333632
36653531333235656236383664393466326433633461393039663837393561303632623665653530
32653935616364373263393935613833623930636630616534653361323035393930626530393136
30343764353937326161663038346238316162353633363936346630343265646535663730323364
37366162383635326632653866363536623166656639646537306431393233333161383031643430
66383837323732643361303565353139356663646165373766643531313134356639373537666137
39373533326138393634636662653966656361323636313135643935383666363636356432643531
64363139613364616466666633653231383637343165336338323630396536663436343631643033
63616139356536326366333337653463626564613062653364383166396564386539613938346539
65613830333731303666313662303934613638303635653830326533643865366630616537643165
38653134363461646137333734316463616263366136653234343731636564393830336662633864
35653633656635666164656663396635393137613434663965383032643462373461353064316335
31323861633639306264313731313530613464363137666331666136393338633262366537646230
65666237353064623064336234346533396532306564616132373465346436616235386637363834
35653130326336333661313830396134363533646235643766353036326236643233363833663039
33643262383733333061316530383635636335333464623162626466303136386365326162353764
31356163623538313933386131633063623737633038666666383962393730316565663637366565
61363232336463336532666139616362396234313963316361613037343239393038646662323133
65316234356532643532383134373332383930666363356266646365396530636334343335333131
65393364396330356332373263623031313035333864313635303163656435326232336162306235
31323963353362343261313039383733376139343734663737326232653933376430623137353539
34623936343439623239306361376334383866343230366465396366343535373461663032333739
38343932343362626234313933373265623462346235376266376532313633353237633638353762
66316638386365306432346434656135353965336436623766326234643762353463323731376337
39666662623338333236333731326335626138383065643736316436373032656438386336666562
65303139306563396533376431346262393234656363366163613463666330323561616561653265
62356337633336363137356632313433626366613931346130323761633532316435366165363265
30633664636263633733303635343534643366383238643334643433316236356162383136303464
65353839333438646138343435373030663863396135303033333666323537346439653730623337
31303431346434316432373165613030626163363839633033343232643630613734356633643261
32356461346239333166663063636237623539333132383334666565363438663534366535383539
66366366353231373861316631653038653966623735616134653766653462653636646566653330
37636266383665376134356138383464316433666132666630383833376333353839353139363430
66366465326534626230643362383739396162616562613334666337373934313364306461356363
30363736313665373737363962626366623832313130393137326565306336323038636132623663
38616538613961353063363135633865323430616362363634613831366562306637663033323736
64323963346537386665313739373932323064616637613232633233386266313265313163353766
62353162663335623761313831626330363531353534646262376466616465323235323734393338
62663464383833633262346236326138326466646132386137373237316464643962626437616163
36626231353662356264646339303464663863646139363165323839346264356231323662663231
31343639666464653636306662343564393731306539646130633365636533363937656161636363
30303765663339616633623539383165623437313439636362343332306238353737326464303638
63613033333234363934666566363634366563343262646566316232323834633335663535646136
35663262643433373231313564303463313136303439386236353166356537663061353065373864
32303965376233323038643032353866646138383165383537353135383436393635633533663735
65333961356433636264306239623938326634333834656164613362333938363230636339646537
39383139326163313139303937363165623066643938636164353562623835616335393137646131
66383333653266373933386562363935636639343466323962323463323861336337356333323835
63633130636266323563396235643035396666306632333061633733613037306339353838336138
34333161653533626363313935656434323339336437646330396562636532393831363130336664
64643332613664616462613030646431343163306264383665623363323763356533653634623532
30313964366536633938313337653133653833336161353132643362366566353962626335383138
65353338356332616438636534663863643963323538313862313830336533643061646465393333
64383630386562326233356365336665643361346134386632383738613235616666643833336237
33313138393433656633633731643030633236613838633530643861316438373863633863313264
61363130613062333138653532383164633431313939383534393164333730623331316666303934
38663265663362333166663132396562383132633134653936623639656366666165393661623730
30656230363231343663373161653966633930373963623636313539393364373936303961303539
37333766633832623938333732313765333935656131333764393233376230623933393533363036
62323261346366303238333265666639303836643530653738633437363635383639393335336432
39333230363333323333626532356161323033333632353039616463663731366565393232653433
33393363393938313839336435363636366431653363633737303862316431363965373765653731
64613161653333376438653336323935343731613737326464373639313033653762393635326433
31383139613564363930366162393831323337626534663963613131343730333730663335636466
36636230363433306535623933363335396133333033343036633161313764623937333662326566
33336433633233343464323565303837333266313230653566646162646466343939333161613037
38666333333061303161333037356538656261633263313862306337336564633935613737633864
61653632353761383436653837656461326664373864643332653336366431373539313431376538
33363062613332386164633966336265643461626132633664366332633265363039343533373462
65666161336666663365303134343930346336643866663838343839653731333364346434386633
36396533326137303830663162396637663431366631323966636337666266363431623631343765
37396533356532353834373565346436376562303865373265336531313833316639383635646539
30346235323538343139613630646135383738666536316262366364613338356333343935323539
62343030346532373635663933363062626232633138613664376530376162303765643561356361
65643032353335313732313363616565643162376139656263393238366164373133306364343530
36373363386632323861323335386165643766336536343331653631366163366566323032363039
34653230393537376663363063313738626637306461303461343261356566383836373936393862
62653762383336303036363166333336666433656436653433333835643739636130383537343165
39613832346534346463376534643562353936636339383431353638343731346565663662633164
61373934626532613432656134363437326438633138316535313734633761366438616161373863
30643566326134356436656465333261613539383230616265383930383536393335323565653435
34326565663663386464383166643663336630636363393737663836323930366133663865323431
31363530303037356639623663333866636139353337646635393537336565643261613063333564
65633131323431336631303733333562393230626263666338613030366461336266363637363139
63306134323266363137663734643138633430633535373566373963633034303765316566383439
64336433623830653366353737656563363537356136316334646332653034643831363831623331
66653661663063396366663438343963323361346264643238366562353730376564613534303939
32656565613839636263353930626266396438323733376163346539393037326137653837356439
32616465306131393166313864306564306165303461653137376535333738393732386566373431
31663732346366373962643836356662386561343831353065353635356137623732303166336664
36653936393662633837376661393161653535373863316531323165373062343039306334316231
63633739663362323665353831333262616565663836366666326531373364663733
