$ANSIBLE_VAULT;1.1;AES256
39333930653365636263383664613837306661653733333031393034636231343435666336373430
6262383666346561346263373733373739393562623033620a643439326331393261386139396333
34306339656130366431613834366530383064373131353935386534613031613530373837303137
3663373133656463650a616635306530666633333164613335666136643930616639653134333832
34386535323736323730363834633636323138666662393762323064663235613566393364313132
37633735356637373338313134623731323961636235633039623565653933643936646465613536
66313531323466326361326434666138656437383365396333393539666331313133636562383937
34306361306166386464646132316333316530636232356632346266633765653332333130363638
32373463366361323864376335303036336137343237613937663135356663353530366662353566
34343266363435386136373937643266303934663336653238313132373235396235303136373837
37373933613230373565363734393234306132656636333031333935616436366539373931646635
62366565306561383331396133326265356231633062376133336334366163393365366336623830
63643936356663326165306539356165323431643463373662333962356531373638366663313637
64336362663464646536363861643436393335373437353638626166303664333334646132323333
39393930333939633862653566663839313165346331383034353364393464396566326634313233
30623763636238353231353262323432663435373237653230623961346231343164313464623361
34396538386238656662313763643161663732346264383461376131366339383834386635646432
63623034653961633361653334636138616134373265366330326666653466396464663637663866
31616436623232333864623738663832653432313164383136656162363237393034383432646364
65616431626539393239616561333639353534646537666134663463316462306432353832616239
32623534343866643961303266656164356632353863353030313431376432623461323666363637
31333764633331333739363833326661323132663135313836356365643032666339313439643461
66326438396631346362393662326665656535636238373836613233323839616139343037666639
36643333383362366563366235613736633462383037303736336130316539326538303833613665
37623962623530643865373433663961316162616230363631636434643864646435383733626562
35313636363938633063306163306565646533366362356332316561363434626565363563306462
33666338653233383032656635316365396639356435323863356431353766316633323232663937
65636431363737643634306332343065396265363834343633333531386464616263363934306433
30383231373736333433306561636338333132313631626364613835303463616335633239383632
64353863663032363635326430396530613263306262303739313764356336376335313331636562
30323965373135343438383066326239633432373864343638373937396564353634386133666165
33336432326663313638636434333730656435306633393234343061646662633733376638636433
36393739353439383265356538326339666238373934303937396332346633376230333164373465
37333432616532393332383464313634643066393139633664313966393437363539383365343232
63666133316238633064373362396463393064636530373930666339626432396463343065633663
63306262326665613234643138393234373736386163393635303665343936636362393536663739
38376238316266656330646233626334626262386530336566663964663962666435353835663833
64386130316439393331623533613262373263663834383136636666326165373061363337653935
35646630646332396237383739613135663934316463663837613731393336353031363238613065
36653165313539376138633936633861383030623165353164303161653862643631323532303532
64656633353938613566623437656663363433636463646465363166663963356266373931626536
66623934323638373136646661643365663638643434343233393136343133616464393836306337
63363962666130623336653361356130353733323263623265323861383436393761373661306430
30663532353638316433363630636131363562323865323130656430636537326365656563326634
64643466313764313339346664303339643962383433346666313933613738663036613064383264
30383864653036386630383665663862353661333439333832366463386434613161633262376334
32633036353866656465343164653336373232323038346366633462313962343965383463653933
34653939333962313638343039653839313064613837623166636665646432613232336532303363
37616462613533366237316133353462663239383766646339363936326563373033303735646438
39313366646237306564306538653634643730353836663361343739653363316630313934666535
37306235663062383863323137353865356230343138613661636562373465346430623938313835
66303437326365643332366230623062363535636461646661363766313530356631663134343336
35353066346235336637653363646636663039366237326634633830646230663362393234353734
65646438373461636131663065363166326631623031613533353363343136663563356334653639
39313264666439306237636338356239363034366466636364386136316535386131633364623334
62366665653031633861373638363835613339333631666532613133303836316565323866313366
65656130383335306538653731366436373739663461616536663237383630616664633432373263
34356465373866353636663264303633363561633764383363326562646532346637363333613262
35656434376162333662643361336338653663313430653363386634666666643034373434623437
65356662383835653062653535633431386135653130343731633033313936393431633963613532
32656239623561633162343662323338383465316466326663636464303934336566343537393239
66616265386337333661323334363038616539656636633062666666616430613164383164376535
32663938393366353332656664646632343663313261333232666562323336663933393035633264
31353662656164646533653965633666373837646138333865653135353363376131376265303537
34633733373037383831353935373030376233343962653535303363333438663239383666666134
30386161343362643863336163643337323230626466306635366162623937613565623866626566
35303233646532333863653839386434613930353336373465383461633032363233343062613030
39323034326463386363653532636231656338663132336262326365363534626165353664316337
35376464333566303732373466346466353333353965323562653962343534343065363233653132
30306534633434653964663638343264373832333963613833313430343765316530633032326239
36366538666635363137396463313063626338316662303039356262306233373638353931323638
39663138313639656131313662363466636636666462333636616432343565336661613062366463
39363033626539343536653762376637336232313363323263653238636433326364366230366161
33336239623131636633323466613939643634333963653532383965666439613363663731363039
37393933306631323130343337633230333038613964343164343439333262393564316437666361
38346261306533353764383963363438323731313535366164346536653534646132656163363237
34303530313831303331323330326334663664656337313962363866323466643133623232363861
30336232306464353065353933616666363761383163303266613665396337353333393534383038
30383966666564343837333337383663336261653261316532373436363132633163333636633133
34336266613836643161343261653633346466313233393965633366316564353862303333303566
34616237653832643632396131316362626439376134393532643733663439373362396664363231
37613038353734616539626233313664323737633534383938366164613961363666663839303834
63383761353733646230633735626565646331313665396264646264373535353730636231613561
66386239656464333232663830306537343161616337343335333038616462336463316262396661
61326237393032313732313666646638303563373336663837663131643232363039653566326338
30313862303536393730636139646137366530356639623033383966353238333163363065353539
30346539363134326138643762613662636639393631396562303463343065353861353436306230
64323530323337353133393965316430316661343762303832616435356236653034613432306333
31353661663032626635303563353266643233336238633065366239626530343233376438373361
37313535613335303938373136323265363539376335313036616137626635353864643934306334
30386436373033333331666466663633643038373665343463656333386536396163323730346132
30303730333433633834623232363234373263613833333633366336666263623232626634363033
30326161393137343663366233383638346162393938663362613363656131353832346432636134
32313637626333313161636233323131323466303435303063366137323939303531313663346166
32326136333366633333356233636632343632356137393136656538353331633235623538323762
35363566333432326234616666343331343162653531306135646466383261303165333962623138
61316664356536303363616334633934363037396230316439316261643361656232363836633962
35363330333664383536316237646466316162373662353630333263643432663430393463386466
36663163376632663265336634636632396630393662646461363162646330306138653865623638
64663031346137616232313133623039623132323039306637623565636637326431356234623161
32653031663562316437616630333736393230363036363331643036383765656137336465343561
66393266323534343534326266363136663461623465393938373835363037316164313337313232
37323537356362623566623961353830386563376164383930376133393838396537663262326230
37626463373537323333386139666465366538646162656239333338626462636662666261313166
34343738303839646432646430353461373036613061373764323964363831303964633137313237
33643464306535653433616332643037333632313438366230333735663434333638643463663761
34333461353633323531393165376338393732646637393066303465353834333061613362393934
31623062633865326339313732333663303336386537353335353566306462363430636132356561
61393066623662623139663364623937663939363934613538303431613533396431613835313364
61366663626339643730623238393761623266306163633539383066663933626561636365373731
62646666326564396261336233623237633336366163316136623633313066336437663666666233
61656564646465316461343365316434363961376633313933336238303533643931383031623665
62323533303063393663303134656365363531313730623231633231373235656630333635396133
37393433633736353838616564363738313639353633373733363334643962613034316536626130
31303835336661373666376131313366636332366333373765373839663232633436646137303965
37383666353263366530343838623930656238346537333932333139646436613965356635383436
35313661613763336334386162306466663631613961623935333836323937376265326263346431
61343836373865623265653630353961336466373532663638623137326239633832356262373139
38313833633637363233653535623564323235393564373037306230616631623639646531623738
61373933623639333862623833636530656430316361383338613237653061653336333333356534
35343865356333333733323238386138313762383534646430316162623930636365646337613133
30643266633063633633623030643531363863393364343832373739626337373363383830343030
33643939386331353861346331353237626161356338663639333235643963343362646236663066
36376564386138623332613761656563316338646562623033636337323936373733343438396165
65383966303232383434346562323065663037616462653761623961313934636137353538656437
38326136333965326539366537346263323731363031333230363966663235363766383537313166
32346136626665656231623633663365363236646363616431396362333031653066343266303434
36376261336563636261326566346364636364343632643164343832303963306339323161613066
65303666363563366663323766323836373065323864393563393366323861636439313430656466
35363464633332393266663464316366343965386639656164613935333438353237633031313062
65666232656237373061303861656237383163316534323662643537363039373332623733633537
65393264363930333561636430323365366131313031343639626133663865383433366266663037
64646430383938386266626633643935373433383431343263643063313432663432623065306561
31663064366233353564323663666364643761313766366261613532666636313461326566323835
39353831376431316235316235633132643430366133323935636334333838316435313033656137
32303130353663343738363933306438623263336239306537356632373733303965316539646234
30616333623936363262373235643165303733633136643634383337343330643134653733613338
35653361356332316633313138323463656165616531343861656237613831633739333130363364
30346334323762373465373361356565646635383033366534353034366634386536653935323636
65393161386132393563386231613335643137323631633761383231353961613133326466666433
65633235343166376637356234323531346636303834393838313161376632653461356463643831
65393735316337343532393333666233303938373334626237303366623163353138623833343066
62316534346530646432666664313039343864353565636337363137653233666335363837346264
64353465356465396533353365336633626133376131363662333134316364653861303631373537
65623832633932323935393336323231366662616637346564636666373566333431663237333463
34336565663065306137396161376636353761386565326166613433363733616664346337653165
34383330343431646364666539643564636462613438343730343631343063653263636435343031
39656639303566313265303762396638303737313064343831363532353661663030336238633163
35306233306263303839336238333032616337623739393866363733386335313838393134376236
33636164356632613662376437333362303066666633386536653534333535623966653733306531
61376665663330636162656165633766633963386363323664393861626162316335626164626132
62303862373731626633323263373466656438353065653431353932646632643234643762356137
66336166313262393439366231636635373161646232653230396430343364636535633538386562
31393163383432383463376634633666653432353434613162383634613031306161383565333162
64316262336263346138376130356434613734393030333233306231616631326261653837616532
33356561303964316566623333616335626430396333623036373662366534386431363339633061
33396231343966393536336635373738626163666439666538333332663366373734393239363733
30393535373165613562303335653366333061393461336163323761623735656439356633316634
39333230613135306261333137393732613639653933663263366632303064656561363966656464
34653038646135393962653132663738636663336466326564303137353536353464623830343430
62633061666333633839656236396466663930386535323063636565353633363366636637613439
61373039633631363161633838646662666662383463663036643764316465323438653937313036
30373731343664353535326231353264386339353065373634626361396362646162643333373263
35613635393466666331383263376665613830633763303036383039636136653830303739623134
35623238373036356532306630356439666631343636633464343435663764393833366465326430
65313338386135393738633437303565663530306636383566336462326430363434643463303935
62336131396239326436363362396534333331316634323962643937633131376235363363633761
33626434363865393136633432386261623634623563383662383737373663626666336535303866
65646135373466656537663430326539633166663263653861313066663263393036656362666161
62653934613561326630656461333964663638373564326232623236383764393331306634396365
30316632316462663439333163633961636462326133353639623339653836363066646538396232
34626439373738643465313433356632666532623866346364386632623664613138613631396664
31306266383939643164623632346338363730656534653662663933383237393235
