$ANSIBLE_VAULT;1.1;AES256
39636461626433313861646263643337623030373432353233313563326531323330613433353936
3934656437316432623938626235343963373931393534340a326138393931356137353634323933
61323837326336316436636563616135326630326666653339666365333562623436343763376539
3862323434393838360a356530653065633462326437346464643561396663363364306631663232
32363431326232356165646536643563396461323432353964663732383132666631386330386365
33613861346433393532666339396365633961383636663733363432333761646130323461633631
63313432303433376366646637613038313262613636643638313363333232613534366537333334
30653736663536623234333137306336343038373637383163323433393339323239636138633061
66323933363834623035363364313266326238633934616661386130613964383136386533643239
32386233646337306462626561333065613462663462656533333835383666616364376133303936
31633861303639383431646632646332303461343633303733306331613636623332306637363765
30343836363336386136303561613737346266646566343665326237326664303836663264393466
64353630623937666264616162613132343235363230653037663931393030343861643135366330
33653663346462313838636363303864323534316435303363396538646238656334373735326237
64666538613163663635343630356366396639343765636566366632656438306165653431373765
63353964313737313936616331616466396666303633363538356130656636666261396533393439
38363632306436363836383636383762373135643162653161303033643431623161333635613332
34366138663638393965613531383061653731306230666665333364613461656635346566366466
64656237393962303234633665333935343431623962663330343962613336383534303463396665
31643530653932346164623066306330393266333035623130653066373362386163663030376661
34366534376137373836396334343932613632306639316231313964636465643736643934376263
33323266366339663434636331363835633238393631383939643433613538393938303830623036
64623937613039346230393235323866373165343833356131623264393966623366613331366264
39323038646266373031376663323132646433633231613630616636616431626466313438333430
32376133633436656164353930633335396432636163616331653533343764656565383230646564
66366466666532346263323130666635323461306131343632643637636231393462663231393436
30353933396266366430646361393839656331643130306665323636613336343562376230363538
61663566633333646631646663633163643665623530653263303064363637373134313539326364
33613937373630323435626137653133623830346561333138376563666363336639653537616166
64643836383162363633363661313837626138643139366430333334633839373937663330663634
36303530343263343036363230363531313865383030313938383064303131653432306237323734
36336438613431623434656462316338643138346234343031633532663636386537626466306232
30626534623239386634333866613830383063653962346335303261383461356630376130666363
62393530653236343632316532396431333761313765343136343538376164623263646463363037
39363461336130633036626461396239386531356236346136643765313765623039346432363538
35323839646564376334653030366234623563653466633237393232643737343862306665353763
64613162326566313364656331623234663566393535623562633831663337646636383738353630
61626663306261653961613733393431633338626463376434623163666230376661363039633635
61653230303133666162343365363364376239376365343932333164363462396331326562323832
66306438616238656132343238363538323439623961343537353866666533666436636264636534
31323033306566626530353138623363306663666532303034343538326536653439386461333130
31373331323964383335303864323661643164353434356635336633346562366439636233616435
62343336643432666266663962393534326133323131663531626139636161636363373032666432
35393131316330393330653463313738396136396631353762646461363736303036646635643932
36343161386430363133613965613262336331623162303335636135663766316433643435316536
32383861366533613739363137333236653465346136623562646138313134656264656665613564
61373330363634373164346131656335633435326431323462303439336461326133313431633964
62653562393831336633393964373131313064666265303962323362343562356634363830333133
61363734393363353264383833333931353630613862666564313237623938303766663661363039
62376638323236636162623430393562663332626636306537386639306538306136353863636133
65646436633563303933376366396130306164316236653964323438343336376636336362653864
39323863616661326339326139383237623436353734346663366230343431616431623466303962
66343030656139346363613633366337326231366136646237663763353065366139363332353964
38623035613939653335333239343962373363376437383061333961623264643236306134663164
36316162323762663663346639623161643135623639396161386535336164613264376537636662
62626234393764633232636136353163633934316534323263643564643531376632393962373366
39616238613734303635326331363964383565643337613832653439323762383963393166373838
65633135376331376564613930616132363463326432306233666136316137613633376264633966
66396331383663623738383037363930306137666137613831383531626264373265633137333165
63313036666366356633356530363537343465373430313962393235343663323361316665636633
30396161363662646663643733303935316262346264353130306162326466626433396639333165
39303934653637303565363362643937306236383063356164396133303562626131303534343765
34353434646337633835343031353434653064353138383234663231313663323133643737336665
34343434326263373762356630393664386263343466393365626537333236326537386464303036
62333565626333303931333630366432303232643732303866353038633863393733653834653631
65643334613064323936376237356538333132623562346631396233343638306437303462313262
66373363376566396665386162393563346437343638353765613138373865616232303063336362
65353266373637346433626262306533623037353233626333333838663964653163336331396633
61396362336565383036616630336262353365383537373137323137643066353834306539343765
33623135353663626538656534393338373730396561636537336236656565623932663832336365
38336263633665313534316531613335326634333738303461306430323466363535623139313135
32623232666633333535326330323965363535346330333963666335333638323035313363363234
32323261646630393036396535383132653730626433336663333061626562613864386365376635
39343461386331346362383339656135653866376436383634626639616461663733383936663764
65363938326165306431626565616137396462653063356333373930336665313363633431343435
37666665656166303534663232373531613062626361633563663034363030353662643434343164
65363134326136393834303739363961643632326630643265623363336563343566383632393838
66633131626439353232313361643865323261323233313931303663396364373633643432303266
35656163626466373866366463636636343837336661303239616131383932393337616264643764
62333135383439643163363763613663323663653839616533653433656565613130343333313838
66346362656365363263626538333661626637313165656636616430383738393062626364303632
38633765303034613430363138326537636535616464666134303236396335613934643130323638
33323238383737383739326130323331633034383331303163393335333265373263323732303666
64666431383431376432366163346562323137666632653163333061373264326235643539303238
37646437346534653366663232396665623362336330303438383437383930313536363230323864
36323331656561343832383462396531663934393136343937376161363130376138393931656632
61656536616231303035373361323637653263323533326566323761376362663332616164376564
36313337363465323430653866616661623834326432333462356131356163613364376234383738
39643735643762663564393536626434643463336235306464343636656238313030666133646330
65613731313839643035303865373634613432613262633638623566333363313437356464313532
65613135316536386465346239343462346234623239613039376431363464663061393539656231
31623365643034613933356632353035373038666465316534656136363965383430613963646133
66656564316266373064366565616663366232306461663166303431396434313061613465343535
35306532326361396535636666373466656364366535343930366165356133643434343535326331
63316264306335663564663862623266343038356230353633626535323365623864343033313164
30313334666538663233313839663962363563323062623263303733343130373561633762616231
64326333616432653762323833386230306361356131313464393530346134356436393539303161
61343734653262396665343932333134383437353864313834633739333966636164313763326537
35626563333461623339643436383339633465643164373763353936323535613066613033376633
30353537396134346132323237386265626437363663653261346631326564616139313639616661
63306634343131306262333033643130363363636135316262653231333262633663303063353563
33663336323363326161643934613232343431383365366637363736333462363034336233363937
38356234336236643131333463353263326662313736653535396238353834316431383663643339
39306637353039393031353636356136613839643930626331373564383833306436393037323539
65626531393538616366386163383431356130656534313862386532643736366263626361313361
39626361386133373036343763376239353462363137346537353665306139393361396236353562
63323638333333393066633565643761643732633235653165333765393135613963356335376336
33646430363465656132323161653130613338616531383138353836353637623137323764323862
66356230616330646261656564313234376535666566333836323766363536383062396633626564
35393466653365383437343837626430663561646232313436343861366232363132633362353531
33626439646262653438646264643334636531646438303930656164656437623132393866646137
62653736633963646137373661373036633031363864666134333631623736396434386337646436
37346238373938303336613331373932383632656334366231623063313235326462313166343064
62663663646637376436316564626164636262656638623037326333346265363139356261373834
66633665346264303266623833373565353766353033663964356164623666653831613061623964
61316166383261316666643539323636303133383333633131636164343162636564363939373961
61613832336364353432356163326236383432626363366564336432376164666263366662363736
65383366303062313636326239616331623032623030623930623064333532343731333238343963
39313564383163316431393537366535666430303665333633633933613537396536653137396666
30383239643861646535656639383034656532336337666234336333383463656138363861353531
61343961613939356139343930323963643134373037636261653637326139346466633765383133
34626431303362383963653331653264373962333538363163633766396532333831336633633366
33323637353338393630623135373137343336623335633633636461313838646163373338643166
30363065643161643331306361613362336137353362626239306436313963313630376634613761
66333264303130383362353636363762373563386532346134393430336564643739646432356438
65386333626137386333363837633836366634366230373033373364386332323362396539323665
33356366666339323935336361393430353138633039313933373933643931656438323364376165
61613430333036393834363239643038316166306238346131363730633564623933346261356431
37643531613037623835383837393835393566613939613464326434363138396239643632353834
63613630316232326537636433646638666133376463636132326237623361643462316436326436
31646234663763663461376439346563643165353865636136663263383432616635363163646665
61393033666566303538643937623139376563373334383237323130636630373237353233623966
37393565323039353061363631323831663562386438343632356133333164653634363666393265
32636264393735616232383162623961396634306234653731353738383965383662376437353838
39363637666430396339353563303862376563623539333039666263313033363965626233393063
65333336326234616335333034656338656435376438393236353133656134643265353638326530
31353262343831643633393961366639613735646137313664393066323837346465373830393032
66386632366136633034633234666537366533316666636266386532666461653361646266366532
33376339313535376662643661336565333561356365323230626434366135343533626535383438
33663130663963353064313836353162376635626338343862383362346464613765356363383739
64633363316638343735316462623735613931333930343436303963313537333936613934363361
64353135663834346465366161643963306366623563396538613036393132633335326630336462
31343936386263613936383661353138373261636565383939386263353931396462323566626437
62333430643638393632366337383738363434306439336132353765306239313464643130616363
34326537363532363762393762333961383833343165633765353234633535323233306162323136
36306137303464333436313135386131323962313732623362346439336461663534383638363836
63663066326639393539373136626265313133656530373465366166613838386463616633366639
31346231366436313936646563363437323334306632323732376433636539376162383131326462
32613434383936613630383532633334333163396139333936633733383364363464643462646138
64393363373135636335393863343733373166666663326563623562363865636661633363343931
35343132636361656137366163376562666430613731353965386563343236346331643132633338
37633765306539376135633030613565616431383036633733373232356631636238656462356562
31666535353062623338303437633062623836623461303561393161326163633263333166313866
63333130633063336330303738653437666364383564333330313766613839323337353338356564
34653562386261316433613539623432646636643234633666393238653763643062656337613965
31623262653965653136383763613064373461643965363931383236653662393964666661643365
32656162663039613635373166343965306461303638663835333536316532396536653762316135
62316135383164663064633832346235346236373035653164623734643366323731396634363032
61616132396433613734663531346432653762663037343161313237363266333433353137356338
34656465363232363663396364656332353830373766643439356132373332363962306134653234
61356234376131663034636431393463646632646433353238363063393763666431653462313734
30313666333636643663633135393236356338393132343063376439633462356538343061613261
32336332303238653034343732356231623965303230333462323061636463333736336339636337
31303334313730336239356661363838336332376331306561316336633365396663646134613532
30356231353236393461303865663861363566383139376233643566623232366230353666343733
62313165306663313432383430396231666461313364643735643963643333356461376563323363
39343639386333656162343764313734666335376536306136356433306633363830633662616637
34633861303430396336386336386463373537663832343636373763653532653166316632643537
66626431613665363466363365366364363738646165396137303135653835313339333566643038
61616235393231313035363165343161636239346433336436306430666430386134663937666262
38393665623466643137643362306462326333373634353532353864633634643837366636613738
66333634653666313930623865303636653532376339653535623133373466653561333438306539
61313735383466353137373934316264303463656364373730623937636230623165
