$ANSIBLE_VAULT;1.1;AES256
37623231376430386563343830366134643533396330363836643930356534303930373236326137
6664343535323436373934316664346338336561373939310a316330646362376132646632333330
65336364366566666364316539376332326530643732346463316235663763353037363939666239
3536333733636433310a313263363432303366303266313739653266313866323133336535306366
33646561623631323830336562303231373331373061326364313636353565336632663466653564
65373966653932313765653036633464383861343731636632666433326539643837383138643336
62663766656237386338366337616138323862386238313466663363663163643563393630663039
63366464636438363231616336306164376463633635386332623536663232373263343535366230
31636234626637303165316261663733313636626164373062303861646537316336373264303135
66373430303339663630613262346139396238626165663032316266353035313963643965366466
32316439376337656335306566613866383938323535303433303231343235633330653531373665
61346531643666656434393830356364633866363330306364333635303230633661356631626434
61323333613461626430376235353061373934663431386262346663656531353664363766313233
37326266323661646337376539333335643865393439336338656466386136326633353137373665
35636465346332303137333238643866353861353163633238633436333261363535343834353434
64646235666563353130636430613938353530343866623634393763386162393038656664663730
37663534636366663661386361623039323734373835633330353039353935386365323233636637
32303032346166353636313534613330363337356432353533666532666139656236653231343034
38326137613937393239316663386334356238626134383061626434643834613132383738626537
63356632646334316439653163633064313735663434323233343139313933303030303238663736
39383063353964366465376137626432653633313631623761346231393339383264396563356266
37383464313231366133326562343339633466646334363832313030643139663239373063613935
34353966343463356234376239323962613939623730353065636435323130623962396363643435
34333435363366626263656664656666353633316630373038626634303036643434383830386638
33353334303734626461646333366435306363306264363737646166366334623466316336333633
66353032633138383462383366343137623766303131333365343532323735646533386663626163
62636663663533336265386663333730343230646233663361353063323831363433316134633834
65323234613230643436623764636435653532393635316538363065663066386462636639623736
38386662313365646461376438313239613034373932613665336333363334623232623636626338
31343739303830616461643362333761353631386637346334633634633632646431653366653134
33316234666164333236616262373063303737646433323935343636313166386130643438306530
37653262313265333036373330366637613033313739366561373239653539313330313031613033
34306438626162646630306663353736623361613739346637626363386364623936323831326130
36366431336233326337373936396364343463613164326431373333653436373561613462303664
64623538643333643336646165376536333233353139613464333138303737333565346632663939
37333732313439626435316335313530306138313437623136343463386261666332643138623961
66343736336566626263626336396266623762366538383630313435666437303266623663346563
38626230323330616166396464656639316233623238313030393934376162373931366330313262
64373138663739313030343331306333363436383339363763356338306332626530636334303739
35346233396334333733356637353131313461356236633539663333336336383261373435633039
64373837626230316433323732653432303032346463366536353265343430633961356235366364
62393134353163616638366165646361653537636138396132376234343865346339333464656633
36333666363566396463306364663532643032356534326535303763323731323839383931373134
66303533623963333835326266646231616139363265636339633461383732386433366437393766
34663133633030636165393861363636633631333438323337653135653762636435313864343935
35633861333261336130623632306237643132613433313262663830623137643338346364313165
63616431323062616333626135666166653433376366303762626565666664346130636236616466
64346465636539633461643664646165336331616463633062616332643338373061663264383364
35356431613265303032393139363635396663633931656632313232316532336364383534386133
37313762363764303261633462646536373665333637646565396332363531633132623639623837
38373661353137633338396262396133313139613138613962363634313833343563653433323638
35653139363238353837386431323038376630623734306130333866393135323039336135313737
39306538363664363765353134636436323531656634303166326266373861393130303966373762
33616166393239363238346239353466343938636361356432306465633730613466363030316332
63336138353035323937393536663266303733653433643533623935303363643863393766393236
39666539366230653264386336366230366433343962303766323964636363636632616131663337
66373535316436323236653731303165333235303435613639393364626361366431333733666335
64643865613438306432383036666563626565633336313761323166386530343464333661663133
36363862356337626635323139326162396166346564616237636237666533306235633038353033
34333264616134303035393937353165326338656563366430326464383334616236623064306535
36643361646434393666623831643565643831663463346231336630343465663134326336636365
63623736313761663465376263373135303561343833356465393335323637653937356437333932
65316536353562633334353364646435613231386661663431663062636363633732656632613134
39646464323132366432663665643062393165363333623962663030623336653930316639613430
36616330333731616466303731383865656132653661333131656537376361343230326665626330
39376232333039356536376262353932656261643533636534393334356635396338366430333733
65353962303263333535313438613565303032623462336638346362353932343030323833346133
61613835623635346133383436646264633131383065383330313534343732373461643030383531
64623435313830363261343633346536346333666336623036643461303531343835386336633038
33396635353565353762376536633035363831653337636162646264653030356130373637653265
66633638393334333165663862623339653939336138323661346538653332666236326332363636
39396665326565313436393031396533643939306435626262393739373133623935346133656531
61383361643633376366313736336231653230356632303463323462383432653036393639373463
61356337623032313431633134633065363332663539326534383838376237633162386562626363
66323765643130633731613239356632356536373038626435643963653861356336383232383731
65396361383063383738623931343831396562363138396633656164323430646131396330386531
66336639383934616237343263333435663464373534333566613265366133336535616338313763
33343333333961656164313138663231616362653665316335373734623133353131353434386638
32666236306632353630616439303836303966393534373035303834373761383465386334363261
62393939646662653932366132646631336466656562343165626631613632626232633138653639
61633531383466633637396537333632323261326537333363396139396166623938373761383163
36343733653034326433633537313130626538666239646438326365633532383735356461343564
61383835333466646566326637613638653661626138363364633432313739623632636131376333
30336333623962303463656465343763643530656464663834646531363639626663646138323832
62393730363662333038313566316562666462303437376532626361353766363535303736333164
64663734633863353366363435316331343134613239366361613761613965636134346163303834
64613861666238636430653830396434393839336261653163386264613734373538323234656362
33653738383666613465396330643539366333636437613263653164613364383436323963343532
39646138353563613039326338326461643133656433383565343034616333646665326262623366
38323666663730363436326539333663366632326237303961373535333130396166653932316535
36343437383562333631343235633635363864313137653634393664373765336635613135396634
39646161626238313038386238313535393365303566633336623236623531346661376166363565
30336162373362623934373664363035393765633235386463303231353238656331376231633363
31393436346664366534616235353738306533303666343564666563653132353536326430326264
63353130313134346534366330313932313332616366656430373535616165303431663832653531
62383635313430383637396466366134326636353036616432306132396435313462636364623637
38396662666435646663326337306339336662613133616230623333316232343039383863383666
38346539383666653964383830663866313934366139333030363838373438613534646635303963
65643665343938343134646632376666306337373138356262353832333030326161366361326133
36653131656338306563663131383661613361626430303039633036643039393534393965353131
31363333326166396166653465366265313163363363626636323066393634303530353362363236
32316232356131376531343761383533373731383665633666643436366132633235363736313034
37323936656163336638646632383637643461306463663863646562646439333833373636623138
66383763363665623065326330343663646361633765663831393561306332346131333635313330
39636139373739326233666137386130363230393832353933616664353935346233303234666133
35356230393636323366346637343665653231346565663863333537623430666530343034373061
39313765666164333162626664383461633931363131363736666238306162326438343638363932
32343764613433313365396136323564313965616234633863613134336461623963633136333863
61623961313963656562653539333838333366333938663033326435626438383230653366636435
37636133653035653536323032653737353139653438343037303165393962326166663164376434
31346539383165346438643836626238376562656231663238383139316437353239376437663066
31326438643263326566613035303362396662336234343836623331376339346233323164323135
64383633313132643161336463393835333966323837613136653938663439393630346162356434
32663637623066303733666337316637353930333836396564383434396539663539623965333230
61663437313032633839353033663139613332313439363530663536656162633636656166343339
37653432663866393639366561316135653462636365666361653239313537613061313130643362
65623835633832366336613230663763656665613836383733376336363466306431363465623835
39336133393737343433376233306430306231363265336662356132656337646433353030613939
36346630386535343064343864346631393437323139346631353930373762393234353663353834
62323734373837373333316537633931393434643461656262303333363833663835393932343039
66353131336137623236616664376264353936666161633334393464356534363630383634373737
61306431396130636638393931303831313266633032373737663364636436323232353038633637
66303533316564393266303331323930353235303335363262313131306461306330653735333762
65373134386634356530326235663866666537343238646561393931306364363161613766333062
61343365363365376333643338633635346235643236373030626436376661613531323666393739
64653635613132346536336132613239643134393133383865326632373330373239386536333035
34323764373134653262656638363263393661366134373437616361363463326232336135616162
30326531613438363063356265616263333137353062343335353663396239306563393034616565
66636563613465376561363139613531386434656561396636636536393738333463613030663561
31343839666362303637626134366461343537386332336331336234666164356432356565386636
62313065336333613937366464366530613131313037336131316337646535666537306335663962
36396639623161393434626262363436356362313838356235313764356262636630306430626137
33353739393661353265643931366464346338306235656534333364396562303064383233323761
38636264393437616331323231656261666662666163363664626430343433346530306537333963
32363566643166613535333366626132353935386533316138626132643837396138396630646561
38323939393165383865623535313231343230373739363263633663343339333164626534343035
64363765306430646331336330366333643138386130626336306535346639643232623232636364
63663532636366643430653362663939663435346130323663313063653664313533663835613765
33346337656530303231373038393635623466326462653230366539386235306161313134346237
31656663383139633361376331613832373638666434343931363031616536386433363034353131
33316636663130396636333735646333613664333462343365356666313733646238336333323634
38623364666665656665326439636536623333656439303632633965366636386234613964616236
38393139663030646663306230633564643239613064623638623238613566656636386634613634
34306661623038316336386464616364613463353731363031656137313534666561393630366531
37633738386139653332336534616465306334363736336438663864656430323137633263343435
62316464623133306638346338333635316465396331376464383238613462636133626334386134
61666137323434613434636465373063663863653938303437323934376465306330643231386636
38373037653132316538666662666265396436316538643664626333363639666430386366353936
35363538376130636235636361333138323762623438336538313534336536616637653830653366
33343362643537326439643938353834356537316431376264383130613636663466623431363239
64346635656338616236656638653664653331653538376265336162313730616161316432333431
63356166633832643935623639383462316361353736346132396561643331373536613330396537
39313864303464336464326233376531663831383533613466326233376434663566316230656237
61643638643562623735333338646362373465353964336431326362386131613930313333386530
38393539636361663264383265643966363336626465636465613662326630373537356366373936
63383662356365313231396364653536313832643562643934643764393036643533396534366239
36616434643561363736316433633436626538373935636135336330356132373835636665326532
38313865656236643436303333626666343933323033346361303531376536653065663939316534
30633662623035353162396538656161356332383232666536396338373864656336653862383261
63346565303830353262333032313930336630656634376436373038666339623338366239666265
63376431653430643933346465616562373335306430303337623530346531336139613861383233
34643034373965316230336636323965663438366337313830633730626266393833616538373366
65366435646437313333323339383839366262376232646662386139366462616338323339633631
35353438666265623836656562313434616434343964333165363239656366373433613161343036
30646365636165623433303138363265313065363961653661366163346230333366643662336233
65623534373066363363363439323338303030376537613664636561326466343766366561656336
31623634653731623664653831366461663062316139356463336564366364376239353238313237
38303431656330346565323935313533623435653665393139386237393130633738323831333638
32303630336434316132623031363132313830653432333265333234653332626439626463353065
39303865333433373031656462613534356638363736313731613136353238333062616535303264
34623438623361663666316464613866396539623561643766633237633634336438386436353631
30363730323666346337663634303863653733623465613432353930353639323766313436313666
31326435626136326535333364663037386264396562386331636261386531383431
