$ANSIBLE_VAULT;1.1;AES256
37633463653564653064663635373930636661666361343733613333393133353738613034363738
3362636431616561353233353838613831643936393231300a663430366439653935353734313132
32323733366637363438373131666662393533653230633965336566303462346461363639303637
6265333030623231650a656438316566346365373266336162366264323862386235323930303764
33343230306537623030633162396438343332333437393335333230386631346366656536633937
63653834393538333862636535386531396337343037306539356237613138626366373364393439
65656635316338623536663539333037386631386163633330363736303930326137643933616430
66616632346139333262316536333134336138626630376639653764633566386663386462636233
31613037663130643461323730376437396666386363383736616135326465666139323166346361
30356432376337383237306135646332393438653461343766333939333263313133383634656164
65386330323638666433326135653139323735316636383531336639653434306632373637326333
36336536383033653063313431343632376635343539323965663132343661383764383065616531
31303539353337643866363430643861613966393763633639393663366562396562666361636237
61626439303431313363616535633266353536323265353830396438653339313861643964663135
31393235666333303263663264333532366230383934646639626563336537323733376536363839
62646537396166333739356135393866303565616634613432393835636666333938663561346239
39316266373365313330393339653430376464366435363330353432323766343164356666323866
66306137306138646464623661343135616363303137383039373435666437313165613361616363
33653731363465333738643436343135653962306263313136353936313836386461373764646336
61313838666263393830313136373537616239623764383962316331323964666634303439353434
63386163356234366533633562646235666365366262363935383061333531303130623961353164
31633636343435653435663566653534333965383463363837323836653865313737646135363933
37363833643533386336643364383462366235343331383562353263653732313738333432363131
39653233646335393631643765376561613839636336303530303938323339306661333464336534
39666338663037663838306235376236663134653832333630393032373737613132336265363934
34613163363535343664636134313437663964633561663937323532353733653933373964333033
64306262626539336335643033643064623439366532613936343766383731623134613339633063
33323833663633356233353464616165653139613864353261643139326635383165393638653265
32386632653934373337303235383761303134333137323231306563346532636262383461343263
62326535616162396561353861623336383738616664336132343262636332613039666366313362
33343238356365666663303230396331383863663761613636373331373139616162646666643836
30623264316133336563323665613834316138303738643266646564356536653934356138366639
39653032333231313666393766336431633237636361356233383836626364356461303230633237
35333133393035666131353035353733653032386335626661393864623336306437633831356163
37306166613039636530386430343430656265333564363362616539626166643466326437373539
65363465646237633139363731396330356363336362376239306261366133396366356138343263
35663434366237336134626437643066663939636532313063343061633037333736366361616337
61623962393933636537343034623434363366643332626333323332313230373936353863316230
32363839343462653163653164333936306361653731323931636532353365316661343033636262
35383532383134356432623033613463663666336261353131393033383539643965666461323863
32393538626639623535623165636561393336633637313532663530616163666538333463383833
65633835353430646433306464303765363636376165623834613736333930666463393433363536
65313837343263653331643736396336613035366533343035393438653438336336666665646231
34663137646666356265643536376632633239626361303261633539353264646665353465396138
62663861303134333030616363626632376237323535356232633362656664633331623336643231
32313763373532613437313365626231636666396439646638623130616665373133646237303733
63393337353537643637623331633230343336656239363265623265366531396139313963653661
39623663623262636437633034653536366362636135363030633565346438646239623232373933
31393331643862346638303730643638363834613632633533643664326465353066353936393731
62653532376135656166346164393064653936633333636462396362346238656230313263333563
61386536363061613231316261653665346436643735353330353236323235613331613233363462
61373739373034323232323931623965623762656566383837333231373838346536646230613236
36393831386532383830633432356565643062653762383265363562653735393862303862613939
38663562396638633466383433613335336665353037363765376364363461396233666334306436
30373631363665323663353131613266626537333539623163666166313335613432653037383938
34663266366439333030653138396331313037616336346433363439363862613661323439383965
36343162633962366432353332306636643535333262353662373466653739343865326263643064
36363831333837313564383062336465636262313161626261626133366537343630653563303164
38633931353337623130393535626364666533393435346637366330313665383264336532323162
62373935363930326536636537666538633362626164386331313630646337346132356331333237
62663935663638343131393931623163653433306638643066383263633239363235363932306665
62666162396635393766323437643565303633313863346232306234333265393032616437383339
64616233326637313833656261396634363432613135333831643430663331333661333662373363
38363034393662333134316336393534336466663965646136353239376132383532656432636565
35363462336263353939366366316635366664623031383937363363303530643139663039376238
33333663396434643261373734626262653039313666343135623237633033393161646133636338
31376636643362663964386264363361353963323532643266346638373966626535663165346363
31616632343039663632373566313635616337616136613130363136346562373539633830306238
30623637363664643138346563663835653332616630313333333763316639343135653135346536
66323839356266626165626536663363653566316464373230616133623134333631363361386230
38323136613065633564396333353963313636396166636366386532383731316562346465386566
32396261363931343934333165633531303731653361656166343337306562336534633265386664
63333231316430393764666137613463356161343034636561623639393962656666346563323931
30616365623664333733326133616662353837646537343465376638363633363235303130366462
62343931333261366132643161326632623033316236656132353964656535343334393363396139
35656534393266393333376536613638396338393665373765323230396431303839303966343135
36333237373338316166393631303466353439323737353166303466643338666338383465623739
30646236623864633738613535303338343032613837613633366337323234656163313631386565
35633061353337333961353937363532393063333431663932643833346431336231353365376231
33323335323432303832353535636165333139633534666161376437383630663866613365313362
32633036643234333738343935323833636537643264653639643363393066643966346165653533
39623333383961336166326534323031646365666435623634346663353837323436666562636462
66653934333762393766643437633438323066323132363832393966363234373865303431383765
39306365306234303666306331623631366135656464336163386664633132313838336233666164
38313032633930653637623837643139633330666239323932343864643930373539646639333030
65333235396535633166383231343864343839323637666334663831386639666362616132316632
38616666336530633036306232633365383861393830326536616462336161626431333465656236
36313333616231646231366336396364373162663366316166346336373961646234386661383863
65303739396435373962313062383130303531383335326136343935616533356131313065646236
31343832633262396631626166303537306431623430613634633563346335356530376164346263
33666365363834646563383839383239386334626466373838636433663739393130316437663234
65353636633735613662326634643536363731643338363032316331323735353931623661383432
66313535303832396365623035383434646539643565373933613932343937383763633733353963
33353337316438663661346661663865373030613564613361316666613236346233663030663264
63366263643664383264323235373363653136363863363139303536396137616161643236643739
66646438613737613266383562303138383563663635386265333433336233363634633866656636
62333464313537613435373233666232363263313039653766323038636334353764666464333564
33656537613430393030643830306535356564643434313365343162643461643234363065633036
38353330663165306465346164383734626334366139656366366263393732343132633038663132
35616565663765313161613662633866343465366437326562366166653366303861663230643662
65346132646163616638653430373464623565303364346362396161383464646539376566313236
38306561646336373831633834653833333434343161663738643662653661656632613331333138
30663033316437346333376536636562373730383930343362636430646266653434666166323533
34353332626339353330383763613730613739646534396461373031613931316231306365363830
31316462663165396633313135343730393830383531326539313035643738363738326236643065
64346665376433613136666335396235613866396630393038356536366536353738316134343339
37333065316333656163353231653366373462366234313733366635306130313039383237663533
36613366663338383563313930663562613363363364663633653965356231343963343866396239
38373061353630396535346563383665306164303237306130353232393466356532383937653665
33633766616264343462656231383330386131323061326435313165313634626661623930383939
30643934626463366439323665646133666131663834653661666238353532373037316231306632
61393564303038303235356333346661333439393134343131623737383466613735393166646637
36306130643032386230326163643038663631623961366164393133336431323939613762313061
64636364626638636561303437626436333763383330616531666236663566386433363730353733
64343164396165363536393663616630326666663239353165306630646333626362623033333637
33663365356639343139356339623435346361613665666530376439346264373066346435626335
64346638333664316538323034636366623534336334626161353435613965313066666434626130
37373331366337396638393936623536663430313032326533646334313536373230653266313863
61316139353134353064626631343463373232396265323965323665663831336665366633656437
32326230356361316262643638666332313032616336303035623565383334643338336366386263
63663166356130633138386136363230346636353262613134393637306134396434346634383833
34306161353062336234633036656366346433663965343265653533383963333362663937373638
32663030633866396431343565643133376639303036663234363831356466636164363761396164
34666630333562363161633536373032396634373637656537373961376132303864303035323132
32623933383839616234303732336165306462396264623838346462373863623437383531653732
62623539623835393634323431633134623637363965363139366438313435303232336233396432
38656435333762303065373734323532303439386433643332336532376237353736303737323465
63666337393535383332363735323931343034343438353565616435323435666462643834643730
31656339663163613365363165633238343333333363323631333566646134326264313937393462
63386562323935616433613932316631303962653965333562626434366131396565633566393133
38643833643062376164383832363937373931366363643239626535303166643064313537616639
30326137626435346231656464376663353235326462653561653439633534343734373231316537
39646465666631383637623736356562373933393832313462643866373366393234663139343136
35643438653532303030663634356563313930646136306632316365386234356233326661313937
30306166656235363032303561663730323665333031323161653561663566666630633164666534
38363839333336343361303831306138393666306462333834326366336163333965386263616438
65373738386466383564623036643264376166623631313536373464393935353531373064653430
32663036666364316464313730343733323266346164353534653434633236303230303634636635
32643661316238323062663834303064306638303736613832343336653734666434383262653364
32373434323861346636623665303666643432346365613832316561666534343662343637323334
39356162316639356532643464633961383863336435393034613963373232333564663266303066
39623161323139363766313932366334396262366434613066316462313064656133346638663963
64373630653136636335343032353461633730656230313064363164306334306466643035376139
62666231336134343262383134326539386263653933646137666164313830373431373037633061
36663739303434623736313566653334323962626466666631666531363561346637653265313431
62396163333962643737383364623236616661626332333737663633373130333462336431646264
63343631316665346366653137323663363936383331333835373132326466623032336164613561
32383964383065393763366266663435393936633766646161376338616335323535306561653735
61346232373832613239313630626632333661643632373365376338633965623137663639363031
64343739663935393632343532396462396266616530333062363961396131626466336664363566
65633239353734373732393730363631623461643333346539316563333766303230353362356136
62333863373039353637623832333135613337313336376637323461393763396263366461376638
36346338306164373164343133343365383431656563613233323437323530636531643936613934
30383362333261653539363862613662626661653437323365376564616263663062653539393237
65333138613730666261623030303066623561616430366332373833383436383931633737656133
31313166306663306632623932313466383664613165373265643737636565343735376332623439
32393761383239303562313939376264323636386634663762336566313961386635623437363430
36623034393562663736383539333435373230316234313438376239373062383765623530353432
32663638346662313562303331616563393233303930303232623565356131623531616238303266
38353330363161626666633033363430326539376133396430616132316261346238316530393537
36666132356661303366653838666661633538333366616539633835383030393631393537363630
62336466643231623764373635616132346438623930393765316164643465643365643130633135
35363333636563373231663331326638376564343631373164393337393938323532636432373261
61656239623637373561326131613833656430633062633039353936613662303264396533663863
66623362383966633736356139336332626165373732313634336230633136323136333362356131
37353636333965353935623038353766303966303131363937613562623931343031666439336238
37656532386436356662343537303436646165383064393162303937633433326463333631636432
64636364366438326531366331646363386437633461666338383761333631363764356164343931
35316565653531636665393962653735376662383461343333636235376630373536353139636630
34623430646231393864393536363235356463643834383964386533343739393463623635646633
37653933653162376162323066386632303363636166666635616432393231386232356133396565
61366165326263653336623332343539616433663765653431393938643361393333366131346239
35366338626562346138393866663863316637353163396236353366626465326661
