$ANSIBLE_VAULT;1.1;AES256
62633536353766333164383565373735616466383130613839643165323538383838373466623439
6635333239356139646434643435623132353865616135300a366463383965626631383131376230
34363239323063633434653632643633323161623530643332306538663866343638323032393534
3163623761633863340a316132376262386231343037333165653030333137643136386336386439
33323536316432653166653832663332343330383433643766336463396336643164313630316338
36666337623366666663313665323439356162613932313336333739653537356163636338373133
61306331313430316330653463626439373135333435633033656331646637663536323438376464
35356334333431373333663132386438393765303562643338656530643764373839663866396339
61353562626433323230663137376664383033383032396533616161633030666434363361386666
31653765666530306165623065663436333137343261336565316531386136633630376438353938
66616431363031626239373765336431346233373561346336613766616436326664613363396438
38336366636131613663613732636534346663333638636632623836666436623136653762633030
61366330643831396665623730323564636363663237616566326437613036383735636131353065
63613864613434656530356433343362613165323838636163326165343135373363383338363062
36663236376136356264356132653737306361656466376538613432386637386364376433623134
63333437623534343237656365663531633134623666306330306538666430653537643737353630
35633432613039653838326538663432306630396338616336356464303030343030303139623039
37623631326534363962386138386662616464666537333966666238383439336435616639653166
62613831343761653861383237633332626131633431643362383131613766633761623661336530
36376435663161636166373935343137363730363035663164353433313330666132393139393835
36373435663134663732383965383233393732333066336366316133653830303637626531356334
39386337613835333035626664346433346132636661313733346336653138376230383531346539
66353337653439323434303231303336386135373966663835636236653736383762656430383634
62373233666530643862393866363038353265313963376531373736343331613239333463636161
64313636663435326663363861613732386433343139313835326263633363363330643166363339
38643264633362633166666465343736613262376135646564613234323238343336346166333535
30666630303764636339623762386234396664333864363632333661313630633361373030333264
37316132326338393764623137653632323566653338643036363564396666643635383530333830
62306162333865323438303431623462356233333833353339333864373837356531623462333561
64633766373461303433623232336235303363323833616531396337356565643631386630326131
31656631376238383462653466353938376136666536616363306338643361383238303433383663
66643662636465383339376162613332666236316364356536396539636539303530623237666536
32613930663464626537373536306138623861643433383335376462363338626564623532383736
37363563333163323134653964363431666566333937643432306333306431353166376532323465
36663262343731383561653463303435343037323765386137303433356165333263353339393861
34303436313333636366633837336263316131326361633630323033363161303436343462316133
61313538363831666137633730343839633664383761373733313239363965323136373834376366
31616362326631623735623266353832646364316131643730343563626536616137653437313864
64633033326435626530626362646463386331353464366139363365353962663861643461663561
34613262663231626530323333376431356265656338626433663535373638646134663239636133
63386635633966323236386234613530313161663934343035323166626133663936616664336166
36363061666663613032303833346139633931313634656162633961633133633736303834323136
37326662353939333137646334333639623130313633613437393239353664313038323831336430
66646164323233333166616331663664393730373736373866383562633139366164353661353837
35323334333766303961343162306330663964623630656236343663636330303335336364353962
62343033333163616434373961383137376534373166616533656362393462656162306463303532
34323366353038626563613761353264636334653137336138336639616661663930636162656564
35303239613065363232663762316162633135313336636432623361613061303731663539373031
66613630393265386565333531616633396333616638383030376464646134393836356662383266
34376161366435623935373062376234356162356231613731653033626337626363663836613533
64396139623039316461613934303637616633383839353966613736663563623463356366636265
30616663393835316632306162363965643532333466653235346161356462313034626464396361
32376562633834613564386434313361666235383134326366303831653836346630663637623561
30643666633064323366336134373830656438303237366431343031303239303037353830313234
66333135373262356165316437313331623632313466373532376632363866333033326563343738
65316436313238626465326364326662386262646465356131313065326637323264376637363864
38356336353938363365373266303764333038633161313430633262333839323735623634353733
38323835663066396531336564306632363836616539383564613763636139303233343766306638
39303164316466396461386261353264633565366162656337303962343234343835343563386630
63333935336130346232323236336232366337613533646230386262356266353736363433366666
32623265643839656561346239613963303833316231313066353766643363643936663038336138
66356661663238623139366434353966653061363133326336396139373762666362353866396337
63646664313762663932353963353661313566656331373135303363343065643331353961376564
64346338633839646538646236326534396330323735626431366164303632613139303730356161
63313836376633373837643764313739633634633866313439376666313036303834663431613236
31353365653332666437616561613435623762363138386434623265623765623762336336663939
61316330326565306632306433636437313638366139633362323161366566646465376231363863
35373430343266663561666236393562666262313035613037653632393039663265323166353836
39633339356538333233303135396230346135393734626261333965323437373964353837663037
63343535303830623932386433376134333764643431333961633764306530343338623336366538
36383838303961313266636162653762643235366436393737353634386336323437616565383936
34656539306665653839613161633433363263623364323435306364343733636130366665653934
39356437333338643836303731353461326432333032326433356164656365313131633432656438
33353236656335376237666366396336396136326437396166376134613333393462373935653432
39383663633431386663343430393230393063303332316538336261396261336533386239396430
36653038343566626632386532303639333762666565643230363331336362326563303334353430
64636362343864386163626638353064356337303862303839306364323637613333666233616232
63303765396532363335643565323434353562623762616437623031333832353966643930393431
66663338393231643433663931306166633037393961306664313038633039316364656230326533
31613638353739666465336463613465343266376362346363346431383363333036623936303439
63363930616137393061623139313538303263613361356434386332376137616332616135653736
36393161306565376631333930313833623937613535643935646232643930366636373032323561
31336435326236303564333439363239626530333364323035643865663337376431633430353038
38386366393032623833383133313535366234633834363733663533633938666631356661356539
34623336373464663336613637346432386462376531623162643764656436656665303934633732
37643930643365346665383465316438373966616563323864353535326135393937356135353337
30616137643837393133623864633963393061393638656162313936316239383562623461303139
66616330326536316434643533613731373663326235316533353736343538323233616137376335
38643865333363646634373965653262343937373164613934616566303233633439363134363663
31663738343636356438613764303264356563333935313435346464633966383439313531633837
32623037653565626435343765663238633432393763616564363535366463666533346537633862
38383766373531663564363331663332666536353132396434376363643066653163323230623038
34373461616531333039353465353333326230396565356438626534646534306535656535343537
65616139393064313163626366396466313664663237356230346238303765663935633931393363
33316262613563373366326161633566393839363863623565306662363337343831666166386530
38313838656665666438616435356563663935313564316233623733666562633131633831323861
62643938343864363061376464376663373761343633613731323239386537633538663835336231
38313136323231636131313263373163646462613136386237623332356164383261633463643539
30343665656664623261383065313465323738353132623737633938653531646264623066333763
38613264663832303135366330383831363332613237636430373034373165333661633732373238
36376530333366303138346235656137363961333235353835353636646636386336376566366134
61316333373031313539653437333362366165326162386135643535643164366261396563653061
39616537666363626331616330393332376365313137396136633563313335633061623934653364
61383133306139396363643338346137383331396562393166363230396261396532346339343639
30353566303835313366383565323939303861363332353435396161376362393939633935346234
32383030353161316437376632373266326663383761373134613238356235636132343930323164
33303436396162646465383431373038393663333135323437613833333833383866383365633036
66396231326436393035373330393539333834356234383537393739623931393235323766626665
31653739333939656438376131386365316165646534373637353162333135316265666562373862
61303166623966363738323265663834363031623737656431626538353734646164336564343332
36373161616462306632383233336632643361653665393138653532386633333730373635393063
34373236306137636366656166613865616330653537636132656561373537396138633561373836
34663163363131376462623331646231353435333566343163636630646139343436343738663261
31333130613832626231383934363161386365343533653430613933393464336365616331316334
31613438333330303536656162336364313163353235663938656265383838626562323635623336
61353635623763643462663039306335363838313466646432643163323037663530393436373230
39613637656136356465393566376632316264626261326464323238343535636231373836353062
34326531333263336165393630353162323561336337326138366538653931613637306162303932
30323030643066663363383032616539316539653435383462306635363962656333636337666534
35643262613166383862373332636463303662663164396565363339356361323534373934363966
38316135333666633630326231386166626662346564333363623231326633393763313039353664
31303438326237626264323537393331663739343062353865306664613633306533633761653837
39353566376664326635613536616161313832303538333033393666636465373565343065393438
38333464333834353435623732313363366232636437353361663130376330316436326661616439
35356264313533633235666430646564633062383663383334393735396630336162303538383166
38356136393464393039633361383532656434326339656235373032353233623937656666623262
64396134376631303165306334356432663233646437376565393031613139636133646462303538
66376163353138363335643939343335353236643032303361333532323962356461323731373630
61386163623733633232346335663764626165356333363736626634626537616638303163323339
36306237656362313631383736306633643138653661663338306661326430326163333061313534
63343436383632666139633963366339383362313130323038376132353534383064646264373133
34306131346336643933656365323434393331653364363962656565623331396434313135353537
33653763313232653930636266636431333064363565666166646561376538336131616438303165
62366666303533353835323139396131303265383737643062346564643030653436323030393638
32653233323465646165333431633635303433636562623331613630363730353232353738373932
63306136316666386266636266386264306463353830393436363133386233666235356532333331
36353536633861626130313366646433373736643038356233346339653465643462393339303762
31346434323961373235353066323263306161643230303632646339393766396536363038343566
36353263636236313663336434323666663962366561386666326266643139333839326162343430
38616261653837626531666664613335626131353934323638336538336131653761353138356436
32313838303534613230323431376637353662633062363165376633623738636662653231333535
31366339656238663530653564346230643334613361663465616461616333346261336462646165
65396463643266373839666636346265313736356563386136623331613235653461666563363766
34623762356265613031613838333034623161393137613963613236386565653430323935383730
63336234336366646163663939386638626433623266343031326132323765623637633861316664
65356431653637303933393830383065646339633234313063323564656661666464336563666633
39303233316332376163383133623531613761616665643963343361643162376237363739623338
64313235616239386434626633613336636231393638326466313364663433666331666138323066
64356338343062653836356139616135326439343163333066313437663062626632613432306338
34333962363065623833643663626638623865343937326132656565326137363730646630386337
64356333373033383735616233363638663036393033306162393735383835363031376338336232
36646563333062646261316564373834633363646537323137343834623661636632306564313263
31663038643463323837616361383962313963343736383134333366613231306434306330373138
35643935633431383237363562633638383637376335626334613233353032386536643530336664
61306666336231333038663864633265383837373832613538343736663563303039636531333163
35303533626162653430363463313038303263653531336232653863643764666164353766663964
35303734383064646636393533323033666335666263363033313136343562623031326435656133
65303937383866393062616139386135353530323365656665656662623433343666643335393563
30343831663764613434383862653363353162393338643132383036333037396663333161383163
37333662353730306333666634343034646532313730396432323933663532373637353164333462
30653761306361393339623536643734626133313735613737363537653533613266663037383263
64613339666262643233653966303035346534623561633039626661666566323234613966393064
63333436313362373739336331316337303131383666623039313236663362646665626434653631
37666662653561323831646433656634323734303432663065356666316364386363313365656236
30396233306130643137383735353863373939323939383636323965316339396562356562303865
39313537613662313530626236326238376536323432306666383334353539333362326462323433
63663563356361323937626637653761363336653161366534656531353839346133663535386565
33363234636633393163633335333063393836366434346138346534353236316135633535356565
30306135333230666631326361353664323232656562663937386230656561393334633539613666
39353233316366653063663537636236303064346134386361643431383862653739313638653238
63623930636265343431316561313564616339306332386230363230366431383539666564356239
34363531656563316366313831653034353965633031626234643735656333313137383337323133
37353064353133333763303135656430383431363262316163323265303133616333
