$ANSIBLE_VAULT;1.1;AES256
63323634666336633833373438646639396633663566376265626231316431626637303830616461
3831383239376461373431386164623865313738646666360a336630333761396435613534336465
37376337643435616630396162383537313632633233343136616234386139373834633630353932
6335623464346163300a616263386432343037333063616536323032356165643536633162386337
32356233663433353637316434663237353665383831373666376335393839313832646630613863
32376635323435633731306639383738313837393062316166326366663666643338623639313036
34323933326134313631323839346434643636613466363934386663386437306263383261363161
37383061323966393731306666643534313034626464666563656238646333323162616134396639
32383835323034383034326362643730383534613432656538323631666431396565653731333631
61333837353563393765313066383737633661363838663534343534346561363964343037393963
62393431353066613732636165373430356332633366383636666138643432366135393134663331
37386430353663616330366438363238316137336131623935616638313762333365346664353561
64656462613462643263373865626534343165316233323034373865343032366666643561386338
61346635303830363334326266373732393431316532353239373163396631646537323965646662
65303866363161323034373061336435336632636465666362383639646131666265393638633966
36653338376666633265303562373962383432336361356432303839663565613535303031323964
65633632636532663363323465663363303032393461323562336538343966363733333966343635
37323631646266323262336264613133626663646263663437346166323561316338613537613938
64363133326565623334386362616638643666323265373461386438633065616434323464623666
63316438643962616532383631623034363635316561386562656534323332636637396361373334
35333937633137306465303965393831383161323036643536333438363433616636613761646637
63363163323461653466386232333630343330633937323735313264653233653365333130376464
30323434386338353439323830396463333566663166356431326636333263666530333139306465
39643936633636343139623634333561633737613830623330376334363131323631346462353136
30666261346430326632303966353366306639653463373033623834656237663032636238383430
34313032376262393131363536626632373664306134383432393935616533613736623166363532
32633966306131313937313361626233333432666630656434613330386666323463313936393139
34363032383536303534393733616234646138383730393137623231366632643237333962616262
31376232386665653335373161353530363062663965626430386563386135373765343333616336
30633765336430333364663734663238653365353463393736623633356333643131353634613166
65343137633133376431356434366236623961393631313038373966366137313438643635616262
37646363316663623933613031376165613539323963646462323061336562626364633330323731
37656338643932373434666663326535366237616164323961646535623431393838656334363532
39303135323333363134373866313230346634346136616233666630393737616334343666363265
61626365373234393366353631316262366430363838343034363165373265363338613337313138
66333963366565343863666439353233376661363438633239663034663561663831326461383033
65626361323535363036373064346539633563373430383134326239613531326639306464336532
65643838353963383638306166323534376665373064656264616132623664303636656162613636
62666337346264623566346437663533333430373966363264326132323133666330346263333261
63383335626333613337396638323663613634633536323962643236303030396235336336346130
39363536613734653235386438353462383330663764643732393336396630356330613466393765
36376538313637656638353231643364383862396435366565633565336661366530363032346132
32663539393432383831396438626431663231363034623538623631623763363765666366353366
31666263336562383434396437323434613361303838363064313239633934343433653139353163
30323036646535383362643339386339313430613037373466626264323339626166386666626163
66393964303764666238376461373630363034643564633736643734356639343464333737633134
35306337356661353566313561343838646239643632313931626333633331633366636437666135
30646639346164306633336538646233623835343732383164303962396634333438363030383730
33656366636135323432373264396336386566303834643564666132663664643962643162353966
33633364383164386366623965383562383533633766663666346366643662333562653766666563
65386266653232653837356632323835363337363530313531633366633932366465343530383162
39303234373266323737633437323339386139316237623738616136613436326664646361613732
62363865333066366666373234356632616436623461616664326432353335643266333837646662
64346435306337303466303339386231313064623934366137316132316362663031616138613237
64396432633663383231383862393734323161386635356163363233646164623031353932333365
34326632396139633966323833363566643963303732303563376539653636623634356336643337
39336566666662393162613031376235346433396236373934316434316466346135313936386165
31313131333666386564353834353066343762313964333839353063326439376161326639373061
39333634373164626664633030333137303766333435376465653138373138636638333935346465
64633665656437643061656430363565653965646566633634616132383061646263333034643632
63366661633564633465376631306362616133303533343339633534653032653938633236303665
37656637666230393165393231346664313563323737623431343662643735666264356432363162
38376637616461323438653066316166616133613239393031313766333330633766656364626630
31323533383862343336623438313133316332613463653738653761666361386165623930626465
36363437653236383161373434313361356431396462626633393362323765393632386635663130
66383833656136646637386433643335343931616565626138363763343932346133643538323435
30303936373132303866616462643961653831626330623938383361626661376632323866646566
30323862333034373031656565396234326462653762363530636365396661386231643035363664
39333962626165356339336361386263643537626538663164353739393033643433386366666530
36646361626434313937333436353038396364393732653338363461613836336438656565643163
33663135303561616230346335396237613139653533383335623137316633633936376534366634
62653836356237653830353131393562363936383636396337353139323366346339643762633132
38373762633230653236623535653764616566386531323238303334663761356463653138346366
39366238393163613763633239353032643634626135323738653033646561333834613430383964
35343163653261363537663432346263353363623139393133383133663831643232336231663530
61313162376663346462366562633234646335633865353434343131353461363132333839653262
66373937336539393862303734386231646239656233366138653538666165653231326563316138
64656339396136663632623633646537633333666263623037323063303037653534303935353266
31633361666131373737626565393662653035323938303531393761653835303366383934656436
35313537336637383330363734633063663031666532383662653638333035336462656437353530
62396532623533353637653065316131643238376335386362643932323935656635623934616335
30623734663836373562346631663233613165633335323963363563653930326365316333366130
31633639366266623332376431356566653839613136363134383839393737623634353432373333
35396537316166353763613533343336316137646465636538356663613236386532643631626133
39343665343062343338653836663332373534656336636538383538666663613636326661663866
32373465663066313532623531306362383134636161636536303630353063396361373134366437
36636134373739323561383064346639376438333837373539313230626432386661656164386264
36616636316538613339643865323030373130663361396261356639336135386662366233616337
30663432626530303261346633336230646362646132396661356539616666633236373735336438
66653765373065396337323235333362356361323939363562316261636338663330336338656263
62303161396635653232313133646135643565383938653534616565366365616165646335353763
31313038353838306164376336333733373664613135376339646232666233616565613466323134
30336664323337613139643661343763393163303666653234356439663262306433356630336165
30616431303239653935616337653637666662306365626466313734303763643936333830336564
37393532653163393264313764643033366536343335383262356137653565626438336238346366
62373839343161363064326465346363393530393261313234336238373234656239326235313162
32376165623361643731663833356131326534313131316138333065316134326230383233383533
38366363336534333966376435616131343361366462306238363039663165313136306338306337
34616239623963393463396262343036636333326237343638303032656535616530316633333462
66303631306534323036396135616235643437303437306234623061643533636537333931656438
36353166613865666133313662653536346363306431333366643366363239353331323366373832
38316265373830363562393166343866393232373135623865613438393630313365373432323236
64343030376265626533336264373565626539363331633864666264666436663266353031373039
65353162626162633933613436376636613761666532353664313937353033313035356133643030
30633566656132383234373864353764653366306564613134383635333235316466613230303765
30643663626163316638346366386337306336353537376466393130376266363136366432663163
66616536653136633831626563626632333836623237636562633834633166666239633465663965
37393539356532393034643461363138396462333239316433323436386532623631393962363337
32356366303862383165613132333030653965616662633234613639323635393832643834303439
38623431316231376538393531633833656161336366383835386138623430376537306131393336
66346666336636396438326665613032306164656537643233373635653261383839623133366234
37636137663335306338656264323361663761366364346333306238316663333030376433653161
64306436656238623237303331383065363734353630313162656162656335366663363436616366
39393130613562343735323132336232376538343733633337643365373432663635353932373363
35386661376565323564633363393534643538636363353930656665396262383430333432316638
33326362613437366632363239633132663166393863613262636439633633353662333762653264
32656331613730656661323335313738616365346236326465346434363432373464323961353137
31343532306137653233643537323534343637386365653935306561653834353063343865623134
30393035623264613662363233306239343162396533366361353863303030623164656433356364
36373436303466343531353739373463326164303835353331646630356538316235643839366235
35353764313036353936373865313237653763613966316362316436326139613161666265633532
34323862643338653130326264386337383831356162343032623838326562663731633930363031
61663436636633373231373237333165636361643831643035646436663965366231343165663666
36383163326436333035653231303033363239326362326632383364353935343761336336373733
61656361356339636531363736666537376561336532366534643037326464313638316231663763
66353162626633366239666134366364393438616663333534303833333835656539633262646138
64353366323333613132383438346461393930663634613739373566386432306361653435613233
36363763336663326466346162303766326664633062383137316631643765306239303564396666
65386638356634643134623462326232356333383137393061333238303135383762646235323966
32646233376264616535303966616363656337373166323334383231633532363266623237336262
66336431336635366330313636343531643132633534636264646636343836383835626237303737
63333032376561613430626539303630303830366265653663383763663735653334663331396263
63313431313931396566343335393537656632636433346561643765383838326535306164366437
37326632373839366537636563316365643134306137623666373165366664363230373430336438
64323764313437666337333935663466386536613835306161316635316535333738343139323134
36663463646337643765313138346665646666633965336264303534623832626261616130366334
39633034616164386364313637313237346566306230323262306331633466663564633235396439
37306265616539306632373631656435653631656436356564373931373435363262386265623238
34396361366362363563343235303236393930666463363031343536633834393765306362373735
35396436613135643361326634656131346138386335636561613731656161323432353364316135
35313934393536663137343033363161353339306465356438393034613661343233363337613832
63383032326235353761613630386431316435663836356231343133366437613766623930626233
64386433383262376135623538393733313633396665633939383034336533393861646439393036
64613939646435333337353538643130343163656361633238353462376565313662313961393734
63383062646235306138383932653537646631323137626334633030316537376639343766356133
66346564656462323736656232333463646364656533306664636537663164393733626435326331
65333434353966613665333933363538386436626233383163386333616530303262306666636235
62313133646131633535323335383163646161303265623031613863666336656631643131326337
36366535326163306438386234313237663363646164303637383836616637326237633439303137
61333332323665633962623835643336386232386264333565373764666239343737373835343666
37383432346332366232393133343133303039376261396335363834386637353137623537323961
36333431333233383139313739386236343038323331316433633939613462653462326566316461
31313735646463316234363066333866656130623264336139636237646364643766653065616632
37363538613832376463353837386361646637306438366337616666376163393437353237616563
30373732333936623835626465663637646531646461646533373233386534656133323234646632
30633066326664336566313439636538643639613932663335663432653766323961363032313962
64333639393064653061333165376666386561346231353738616334383362666639313035366136
64343237656439396233353137613734376636623866656132393464326532653939653265386531
61616431616261646165656435303762323235336530393739636536643236386535666638363365
37313362376431396632636438366466376437373563623932346566613634303033303338363834
62646166326363303363396166333136313537336135363039636538663639323838386262356464
64653634343962393539343832353939666538303638333230316631326631623333653262616661
38376466393061643466366631633663623136376563613062643334646439653863333333346165
62353536616635626636383566393464633464343165333562356264316633646539343232386461
37623736313331653661353536343638613635383461376639393736666230626163323634316434
39323661346164656561636334386262653865623265663739386333306161653063323461316239
61663363343864376463646238643335623562663830353930333763303335353661323734356536
35663336366462373964383536653633366535363064373931303636373333646639663561383138
65616565383463626238373536386165363661653836353135643666316130366632306263626362
38343366663062366164386364353035366161383831353532653130613533663436616236353061
35316431393232356537366135653764636531666434656665616433366637393934323064373635
62666562313434363164316333653063336337353364396464666162666635613163653533336662
37333765313332623065376365363366646631303438343931653166353766613963
