$ANSIBLE_VAULT;1.1;AES256
66376166626465373166396630626364353762356462376130313130396335363865653832613833
6163353930386562343562303064323633643336363761330a383433356161343339303638643663
65383365653730636164376137383534356332633836666161356363343061323731313063333037
6262343630326330640a353566636262666532356665313162633531316161366536653335333139
38656365373630656566646462643335363636313436663735363261303133616364613938326335
30393134643664363962333837616564393765623836373466616133636265636563393938306661
37636562386432323932333561333231336664313736373339393139316261653835396531623263
63373137333438636265353764633566383435623235383534653233653136616234356334653862
65663331333466316535336464643232393133313535623264383461393966653233646665356330
62356334666338386135306439623162336463396335363636653965633861356239313231323835
30646664663566313266306138366238633262303831616133623536393736613737383562353661
33616434343163316262376433306666303335343337356635323737363732333666653634303164
32363263346362346434646233356261333035643633363732336164386233633532383439383262
32613438353130306331303637643961396162363662303964326435663838313639636530303635
30383530393761313338306432663764633663643331643338666134393937613031373136316362
61353030383334623837393261653766373563313832316432653335643739383930383563313230
34386639353963303462383434396636373733353838643862363837626638373837303138656364
65376164326138633238333837386236646266663837346464313239323631646430313766616331
35373437396430386332313766363630366135333637356330633232616363343661366236613838
39613735636266666363336337663662373563656239306232626563636336306133373439653863
64326333323237316239303664666266393032306131316334613337343665613463633230363235
37336239636435663034343465333631323531616138626439626164653037393439613339626161
33376561383731653263613637353936393738363133393263343633323033663161646139633134
35653366313330363664383733623961633466393165316132343630383938663363366134326239
30383562343136653538376264333663643861643036633830326566373864636337316161656430
64333365386538353566356638373665343631353832303337643739633630623636376266633132
34323730623035653764353834666436383662353165656536393935313135613535333438323333
63346435346566383161333964366137393964373734366661646139323562353234613832376166
39366536333633636164303338643561383963623332356234313463326234646532326537656439
61383837313965393363643562636432303230663832356137316264333939343166366639393465
37393935386537343364303262306132666535646537313032666233643238623234616364353665
37393732633036313762616135363032613864633832376538363362666538653166656265656230
38666338623638646162366463616563653834346265616231653834366566343934336365313064
65383538323265393537656462363064666538303935656564613462363563393430613865336165
32613239643861363431646333373939663336303335336465326433396534626337393831333832
62303734343064363739343737376438306636333736633866653662313264663133373335323534
37643532366465353664303334363533636631633535653831363766353032396366323132306561
66663661356563323966396135633261366632323764643165346330643039666436633438653335
65363934356231336535363965376566383161646665313839613239353135363737383235663735
37326335646363363032633435393938353535663931386531326433386662333834353632643135
35613161356361336135373565386166623166626134656366653864313338346532313435666234
35643838326337623433373735653764626436666335396432613734653161376234373037643466
64613264373034656138346666343433656664656435613339623361316533396433303463336638
35393537313662343334663633653438356330393231623131323464376564336136666265623132
34323336323131366639383666306339626638323834376533346435346335306461316366663435
61626638366364386632343437343765303063616365323133663831313430626365323536653039
30623136333265653233393562366230323035643232646431373364663263636437626639343564
61376539623439306137336263313038633332636431323034653838323833336562303439326338
62386232623966383336633536313437613135343634386239363938633031323333613032353663
32306236643534626261646638313237346166353466616236663334323364396637633438646463
65613536323138316332386532663037643861353832346433386236396130353864303333356266
38646237623939623737323632323635643138303833343530373839333232333238303736383834
64303732363730356361636565633963333663346436303436363966373234383131346239323130
36363831623236383039613766356131313461656162333536326136306234336533323664366665
63666161643066313834386138376232353162643862383130333637623636333330363464303738
61353635333038383738646332346336633635353565323532336665666461303238653163663662
31346132396239643065376235373033306361616232663865383236333764326263643831383265
63363362303366373264613363623930393237376664316437373262646130373336303237323062
36653562613535663530653332363833343064363962393034323535363638626230373439323066
36663835363561333762623165386165346638306665633237363163613062633037373338326164
31386235303662306534643235653931623936313161336335663936623836376164373632343333
38353565346332303139623835613761653836343639356536356533383937353937383365376566
39306364356133326464303937353337353861313037613930663461666262663930643564333630
62396639363665326332343231666133306561373665393634346531623562356138653730636534
36633839393162393133326639363430373039363032366564633761353139653163653935626663
62373734393064316231666565646461323130353839656337613637346238303832333966663964
33646136656262646432336634306263346565353635616131373362353135623432663364373731
65363136646232393635363132616665386438363362363966653036346163376364393064643430
62633034393333323932353461623466303232386138343565343932613938636662353731636139
36383233383665303536326461333963616366333032316139316233396139306466306534306364
61363863333766366337376261303766626466636431323130373462306461663662633263346330
65393564353063613939336463333732643936323464356435663861643335643662323734323532
37613862336133616637313665636333313539346338336462346565663036666264383032643233
35326538616332316562643963326364313139656263663734393461643135393466343462326362
66376166626437623133356136376331353532623766333734333833663939313061636231376233
33386435633664333562356466616262373662633665356338623631346433396139613136373833
33303833313264326332316662646630363138376432366461393764373130386139316339353637
38346364303330616635353232623331396137323432613061303134363466346362373831646635
35636539393564376363656130653931636635663930313931306439326239646136653064323866
37376633653561326331363234616263313533316538656330353663306266396332346235353762
35303439636131646263646131393934333034653864376233303964643530393961383663353265
38373166613865613839306266616137643966363963646362663737376666636533393262626634
66653565653639363033633937363233346334366332303533656632303364303238666662616631
31653836326234636638383739306466626262346564633761643664326130363034626531356131
33303332373638613362386463326364353333656666646163373766383863663634393433383630
62626433636263366537653137343063653239626233393263373466373262386662613833623764
30343664383362623861303163336461333361316635613132323537306234653663306236333737
39306132303334306239323630626436366336316338386539643262366433316161646662613639
37303835346535386231636639393763633361363639646431313237366334613934326563646331
62393431343437613462376563663736633330306265363538666466396265376661373638386232
32316135656632663633326337313563656536373733373936333137653265303362313633643465
64663232616361633466386131646637333366636663346230353064343334323936316135626364
32313931323961333564343935353237656133363765396436613037613532346262623634333530
32656530656530376433383236626331383064323834383261623762383936623730323433636165
65396663666538646133326535356633356334363331633030656163323439316261323839303338
66336163363265663635613636623364643234633035323063306464323234373432366531653761
30373530336262616165386363333163666139653066326532376666633838626634313063643336
34613939653365376335376561333561373334306161366565353766393534386633643632373864
35633263396530396235346363613365393939626533376231666163653539336438306661396665
31386535616338396131303863373662323939306462613832393530626230383361643433313663
30666638383138613361366334626563646565616262363932616135383861636532353862346363
33643264323636333662643730323531333161336235373431323435373565383163656232323362
61376666616363633931323064363664336365386632386663333961326564323137303933613335
33613035656331383363333466633263666263333362613337633635316231376365313239363332
61386133306137313738316233663839323730623764646632323735633533356166653031336639
38353538333135653731353033393239613634396536623466346562303235366635626561616236
65343733363165396236666164363137373035396230333262376333363831386435633633373231
63653738386632326661313438333831633062326335366362623638663838346265323964316532
66356666626165643234626466303565393666666662613537313731386262333063343138643535
39666334666637396463363933356236353562356135353730316536653465653165316530366433
35343232343437653836643564363563373261306432393062616539396565356265326132353762
37373534383764343935366563666338626639623863356265666236353765613364633363636331
36626464376165363337643634396330393136656630313166323732636461663563646130363963
38383465653763383665633238333033373763366532383339626437663033643437306232343336
38373830316161393735393461353162626664643138626435643733666165326639393631326462
34363233396534666466613064323139316639666663323430653737366663663566633932323132
37346530323964343536346638306130663863626664386166656335343063633536663632376638
65636361333064613234643866393031353932626265613038356533326635343962366663353466
64373531336365663161383131313731643463396363336164336561306236633661306437366132
37353865633536623232353635303761636439626231323433653833326635316238383937306562
64346630323266623332343630646264613833363537313133386230336239653132653634613938
30366239383639303932353631323939646663396533393037643233303632393164613064653062
32343731396463653934346161353262663337323437353839303561373862613339636366323262
31636664613439353065346338616162643239336562656537616434343332383835313536366331
37366364653236303134643031373863613639356236643663343166383937363737323433306238
35306331373263316539313932643933343965306164343535653463623935336231363862393636
31653263663538306366323962623766643633303665366232313433643261343761656630613662
31383139393063643233373937343764656331653339343566346130343165646163356338653636
64626634353035303734396134383532356337323234666236636339376233646465363263303864
64373764373338373664613236613862653564626564383639653039323263386633646364376336
65646233303661393631653834656461666564623363633235643035613735353337663735373839
37336161316338613534633132316663653633383637393262323638386565313362643338366530
38386534386530626361613830343861616634343165336563313634366662343130386431333436
61363863626632326461353637613434383031393162363838353438663766656265356664396133
63333636663861656562383536346139343633366439393434626538616164383263626464313332
65643137376131386632613437303961633430346166336437333765623464346138666437303336
39366131363636326464306465343063616339376661363836386663636135616237666335323965
36383739313330666536386666633030653832653535633365616364306464663462336663363233
33306265663831343661616637653138303932613130383130346238323432666565663633313230
62323364373063363635633962343830343165376636353162313465336465613236633432623237
66613931393436336165626539303137353965373461633939653263633430393337303463663030
63326438626134333765303338313166666136343538663038313133633935396532313435636566
38316362336464383532666630663935353938353430326131656439363237643133333466373334
39363637636339666462373364636235666335363363346235623739653165616237633330353838
66323538626131383239323336323263383532316436353161363266653132396139306337346262
35613334393930336462306136323465373363386233656563663231336539623734646461376239
36343866363861323335353333666239386536643731653462366163646332343534353637373136
66313762313866653364333235343134653635386366363666653965646264356330333835346237
37663565373639373331646439353932616263333231313030366131396261313736353261333232
65643639636139323835646230623633636537376163383364353066306437356130656364353533
63353133653132643937336333346161383532356530656164356663393765376466336531613762
35663439343566356332303933313438323836643336336537653539346532636264616435306463
31303866636130356365613431383963313263313465316234353836373861383061653761336163
37663463306161643131366234336539323262366162643466343933326533663163333033396136
39396632366235626138306138393936313532663462393635663134346566353665303961623232
33393037646134373339623861653964363339613438653566363662373035623437633435363163
65383863386164363361623966353835396461313632343662623834373533363066313766363638
65636634336639386336343034323536306638333861613562616333383234356262623330626139
35363633383337336464636464326335643664333466396665396664643039383838376264346364
36333332636434643231353532346264643934303035626633363733373036646632303065313461
63626435393863616130353630626164643231613438343865613862336539643534396439333134
38376536386337643535636565333735306238663265383430613563343461366361663063393261
31643734306130316365353333343931623635346466303565643032313930313161613738666663
33306530666261343537313862376134663965623562336365373337343333303661663166396534
39363136666663363535643364373239623561656237343566323965336530353661666436393533
33656135386430653263653639666539616135323662336234343532643265373364363466343565
37653131633139303738653335383935643830656139623632653737313733376266316533643038
33613164303232623139303332383130396332656336323030313633383938636663666238353930
32346634373136656439633362306366373132626665386437313563616661383332303139646363
34363235626630323564303132303835663838616231303966333235613564643561633661326638
32303462666535663233646163646162306139623138653831323839323066633665626462656661
35306134616535383564303931633364313962303135343931323435393235613261366666663539
35623637303137386439653739346661353661363161363564616332346335316531
