$ANSIBLE_VAULT;1.1;AES256
38303736633833653731346133393165326632646262363234376665323432626430326664623363
3238336534643532393438613765636166383534656535370a376361666136343033363338396637
34306364346163373034653739653461333432326539376265343661656132383133346437393564
6234653839373034660a643762366638653137313038633538373430383137646332393361323537
62666437383438396339313632616339343731313738313162666263633761386162393430633233
61303838323063353631663037646462643231613030393339373736376239343561633761366562
33643238396366323830313339373236326632346266373766323361623466323836383966343739
30393965343730363332333435363166336663313030376236383238393364353631313035393564
36386130343632613361393232666431393964326437613461366462326330333431343631376138
38383137326431313934363766363131663733366235343535326630306365613461333663653632
33366665653938313363316438623532336339623863643761363032303530386666666137363639
32306530373962386437333336316135346166343133626665333433383535383531636163653433
37663630366239643663613665613835656131666539623639323237356365393932333465343136
35666363303835383235666533623261336462636164666633646230366365373962366432323638
65303233653261636238313434353466656630393836303061316230393565343731323535373462
63316635643936333935643361633531333135333537653263623236383537396562623933636663
38663733633133373635623864333632303564633337613439643836643531613765616237646237
33306333646165366538613436363766353739343934343331323063633938616132356361636530
36373734303537376234353062623933313130363637616633666461386564666638326536643663
39306333303037363535626563383635653632613430646232663165373638383564353166613432
38626635313963663635316439303661323462623432333063643233333032343466663139363636
32363865623865353936613031623437316661393366313631363134633533323030306664336535
65613635393261393464646437386665666563323664663431393136333966643730353762366265
64323233343538366537376239643632346565346638343734343338376264643430633661333064
30306437353536653632326630653864636431363362323839643564316235653934383661326130
38633536626135336632343738323164303963633836343436616331303137626362643030643062
31626436363433353763613363323666636366316132386638656437613665323434373231323266
64616666313237333265653736643533633434616538633336356163346663323063643165656162
39653366383965346362323164396633333437666334373562306132333163656634616335633162
62396132663363663363353834646433616438623463666232366538616563643164633761393263
36323930383566333937633364636330333333326265643061636664353433366236363764346165
39626239623430376133643664303238363236643339323435303134303539303364323235313933
38323866373330643133366137376438633561633839396565313038636262346665623138376637
32373435313133656433646266363466323865656635356536336563393463356466626333653532
65306563356530636161356237326139666361663838343438303866366537663938666563633833
66343036356463306435343862623531333438336663666136356364373539316536366338613637
39323262626638336566666236616433316461613463373337313866363237313465393665653636
33306438383862393739393030633439383338376336306532653166333266386637613761653739
63373535346333613839313738633061373263316637323230613861663162313863336235383362
39373062303131306430333830316136643965646264653362373739653030323530383864376439
65333534326534666431626665383137626365353065636166316564613738643964373932663930
32633263366537623132333261366434313264326262383136333064666333333336656234646233
65313464616562333730386530656630356162626161316334643666303230363132356638346665
37323162353462343936393030663433313731313763353035663934363239633665613232346634
62363662663438333661333235303466623138613932613263323866656133633865383136616635
63383633343238383932643638326634326664613239333962333032666230333564386231366536
36343834393733653833613363373264636532363539666330386162316361343138653138656635
65393830303830303938653264353563666463366334353166353663376664396432346564383362
38613435316661663033313432373432383936393664366438376561643234326132666631616363
30653661353233636336643630356363623266373263643930626166316433666134643365616365
36623135656234336533323132646633323233633865643337353532303335373939323861396438
63656562313837626438353662303333656639643437393933613065353038323064386666396139
33386530393638363862663931303639636530643330636631623764393731613465393035626432
31316431653763663535336634393730396264343864366238323637386131306330626664663364
61323034336533623164333839633738653065363163303739333834656335303861376362653933
65343362376663323061373738316566646433363033393434613961346234353035643038393938
64346333306635333863353864313637313561633938333638633265613939633638303336353665
36396531613035326430386365623064323365343133356262333331666165396662663636663264
64313466633237363133353364373030633030326438383263346134646539616532323438333833
63323761313434396637613734623439383539383133626638383133343530386139616334393435
61626231306532386232393737343663313934353266623738663239323136333338373638396562
36626464373861663261353333366166346364376630623235333132363338393365623366626231
38373538393366323931306135393631336565303538626131653835333430373866343565363335
33396466363937333062663561303066633138356466313963633430633739333639333832343631
31316633366436326139346266323363656630303732643465363033633130373638353761316135
36396135313737313732633433633161303332386138356366323961626566613234303966356330
35633162386130393534303935623663376666393335323631303932656133666365316637386630
36656637353135623434646163326635643535643862653739643032626637393063626165653637
62356331663035643038373563626334663765396364663331633037666361316364363862396630
36363733306565373964373032373932653361336631623839343736666562613663353934343831
61333534646339613762333466316262653036633931393464313835336139376536316164616534
31313561396236313330613365383265343331636565363634333836373434306637343432323934
61336230306634383034616266623961663361333566376432636233373736646339343634333432
66306638343363393863363137303064393037313063313133333738323265333736346363333831
35613839333933616632343430393830393765383162303664653636643237393766653064636665
31356330353934333933366437633733616231373865643930393562326536643337653234323435
35626137343630623931323264396262643434343131613265626334306166376564643137363132
65303465336266646361396331313134393665346166316237383730346432376163633162336139
31616131666439653264306264643639323135323063366663383263333234396139316138363962
61313665643536346139343766336235623236633563333438626431616532613661653164613034
62666661306232363162306237306639663430313533613634313934343331643761646238383238
35353432343933353437353431306431313535353136613865376563303665643032663732353966
30636363623664343533613733633666333436376465386238653336616264333765653636313035
33643935613461616666303537663933653832313162353362303661326366646264323937363339
37646633326333373366353030623261326539363730393139396161363733343339626566643631
34333830353861363331383464396162343536356134633236633235636138353135363638346466
32386161333237616266313133313633353064373131303830636635363766666439633865613830
63636665653632353233306136663831616334363462663733636363383939623930373132343438
37366639323765636339633035626230643865323730396661393665666533623262313064373034
65303639336535353364353738323636393235643865653366343332393032346163623432383565
64393562653032383637346562643963633465633662633562363362336232646231366136316662
31333536643036376436623964393664383333393239663337343433373333353733373665653135
63363938343136646636663062613330666438626136363130343463643833336530303638666664
61623935653831313737663230643138326139363234666132623462373931346236653130343434
36326266343834336634663033343831633934356131613464313338643334353266343463323533
36333033376437623837646630653763313064373562306334623737613431353264383066663765
30663136643335323036353262386233373964373733366234376638396265326336626264313463
32316239656530636639623533393733303831333736353530343837393662623134663261356533
37303437353739336438316663343862393432643433393937396539623865356435363035323265
62336236626138383230663039313037353966373431653137346164303330653764616363306534
38663930303930356236396464396230633433363262313635636230393132646365633737336664
36626131373139666364326661303531643366373337323461363861383033613736356532383036
64323736366534373239353135376263336266353032393065376138313134323364383463356236
37393334303065653866646439313561333230373930346330626261653166346261626530386163
30396533393432326137393235643538353963643033636434623735313338373562373535383662
38303262303937633739316338313039616261653430343664666433316439623862333236396634
32373136636464656634613164633937343064373161616138333037396361613935303737613334
66623538653965356665356236613338323936643661396464346333393065343566613234316431
39363639653437333265323461353739396637643065363035366465613765363630623262376265
61636166633234313230343835623634616665303262303362353930643534376632366235363237
36313434623438643833633037363938303063376339663134666139386564383265326638306564
32336461313934653331326365326461333931343462303665303061383036383863353139363665
64613062653634613037346330323431653039633765346339333230636330663739386633306166
35633266393761316233613739333532306466306238626330383735656336393433356630626365
34663465643930396137303231303732313833316634393630333763303662316166383461346437
36653763383034386332326232643533363562396563343637646564636566383763386235316261
34343431346439626362343536386632653635663639643262383662653063343236613938313636
31666266343766653637393166313939303937613962646664336635376665656538316363323337
63666632303530643230353733646233346335626139353961313633636236656137646637646462
32666230616661376231343935623039343865636638313639353465366166396439313439626563
65376534333062656335666338313939373362626232313139363331356666636630616662633730
30393334393361626135353964313036313039303139346265666262313936653063633834303263
39633462386661623531353761313836376162346438613532363230373439616239356265663930
32356131636662656566323936343161623864393132343965313763316435613365353034353233
65366338366563366538333765663532626334666631306363633165396238386261343836353163
30373263356338373031313166626665353032616634643166346530353530636333636363663235
39666662383464663735316236666438333331626566306162653363326138363066616636323964
35313138313366383836386263323830323139383939313431623239396238363136663233633730
63393332626532633039636639626666613734343335653036313437313064613933313966663232
32356566383664643964333437336433626235396632313464363865346132343836333266653634
34373163393562333331353633613762653031623162656139356338616362393034333739303936
61303764623363323933376532393933326361313232393332356438363763323431313436616137
31306266303637343838666634323338386566313536343033633832613030616430636135303866
35316133363532363539313539356339323633306263363437393332353263656130663336306464
66616531346164323134323932363939646630613063383865353862303866306361333932613935
64323832323535663961323663633530356466313666313065646230366136306531323461373939
34636336303564373939366136393736666432303732323164643836643434356538626534303039
62653639383961333030343639386431393030306437323030306637383735616334383465356137
65653736303665346439333165313461353764326237623731313331613764626264303832663638
36353738386637366130663637303737323164613565626262363633616163653037303435386534
34343566633836303337396337393864393933323362323534333561623162636231363935656534
62336535353564376666386133336639343534396530363730616661623337656635383434306136
63396263636331613063633162336236313366313866316439376166663431646633653237333661
62633565363961643065666236333632336664626135636137616537326539643034616238623735
62626134323766303031666434303931373831396364633764306261383338396432666537346430
39336134643633343136343337323065363632663263343130663834336135303464343035303830
34663030346237396135376264323062396236626565356536356365663338343264616563663165
66623062336164643137623730663537323931336635366434636461643063626364393833346331
38623833663462356430376537346564303432623966333236656337366334623566643062326466
65353261623030343936346635646637663862323333383766613161376136323133623039346635
62306139393738623762333037393837366635306430303864393237333035646164343834656134
62363237623761333233643666353964343837653337326661663030363431303363643039336130
66626239613935306430353962646134636131636135373663613462653465393835303136386437
61356633616539383032306432636461373365666666666430363861386234303030326335653231
61343331353364363035333735396465373136353331376162316532336439353137626136363430
38303131346537333061656230323365376363373861383763323932313066663565306335346538
36653863653465336161666230353336653239383334396561633436646231363961306165366663
64306634336266393831363462393133376436366564396636363762636231623638343532663436
64326263623836373034356339626631666539326338386664383862333636646565366138353465
37616261646634323636333266396162343735663139323736656534663464613365356537356332
35316236666138663539386237613337306130613134633738323665306135343736353564643064
30323933396263396139343863366632376464393864323030663764656637663737303262303637
30613137393933356561653938316535366265386666343834376132633565383339373464326335
36663330306232613534633130626433353635396533386264653330333037333666646535346463
35343333366661623632323938643932643238623566386566623034623938613931356238653062
35353138646261303865636339396361383031316263393763646337343965376663646533376135
64636536313336346534653936633363643838626530373332336534663866333434386132373934
37643462633661373239326633313664383833326466393033363035386465316261633065363936
66613033633364613231343838363366376663653331383234653835613165376335353031376333
35623334613034333237343933656465336566663233613037353563373133643436386334616538
64663339323664373163646265633632643632623935663630313164343565393362623331376231
61633163346136393666626530363135663731363333666438316334393031333038626137616161
64356433303931356130623936306635646534313364633733653962643433653461
