$ANSIBLE_VAULT;1.1;AES256
33616263313363373235386530313661653264346166623136376263356663323336323062666235
3764306435393936626536376266626436356562613730630a623963363133633865326362333436
34613934336638343335613463626433613332303739623031616337646262633062353333376139
6362393738623534320a336163303739663131323466353237393832386237386263666236316439
30373839623734353035373864303739616230613261366137343038616535656432313762396562
39363531613565396438666264306666653436633666313462636339366637343164633935323134
32653737646337666236383263643561626436633436633765383166376432383334356534653033
63623039623634343530376133653335623366623665613031353261396533343337626236353238
62316430363633616332633630303630633834306263346137363562626238343737383835353736
39316433666431646531613535346636613065313162366334383035623032346266616438316565
64373761303364306330656165356164306364326332383966623565333331383336663432366362
36313831333933383436653962326564333464373865343031653736666239313334323133323564
39376662633139623339646365386633316433353035626663363962326233303736613665643866
36646532343864333866663863613836356535336639653937383764616365363739363038343362
30373935346365353431303265386633376565656563366464356638663663303734623534366462
31643933313061363165643338323662386465636536383233343632363361386365316138373262
65666138353339666161646230313131303031326331656661396531316464306631313635383364
34653732333365323764343864346530623833623836323137306230333931616239353265616237
31616232363239323361353931373831303766366334363537356333633430373333336365386333
64396331623238383062613265393539613864616239393930303730376338616161393138373937
39613834626561663936306364313363383530663936303638373330633261313961383161323065
34306464633464323461313761383466623632663066326435366230363733383135333965326665
66313737353264343632393465306661303264356263366335303934383464653634326237346239
37646464323465383233303230386632336532323262346361626562353763393436353164653932
64356232396663653162663132353934363765346532616261353135363937653265383261363564
37346537366239353438363336383261323165616639643161366662343331373865333363653436
61626136343030363862663562646532613361313866653062386662323962636163373266353531
36666466323866653535626539656535346436613061623563616332326538343830393461666433
62356236653363633137366536343264626334373932333234386136633937653131316639363236
35386434313539663262306234326431666533666162323030323637323835376462383131363264
66373437316235393530333366356566633631653039633331306134306439323663636433323366
37346233646363636136336636316166643538623264666463323536323934393565616265346431
35386430313761383537343933376565336265356635643264313234393031323162646563356135
64393432336637646133323835633834626165326431323035346266366462323763386436663839
34323761663535393238383039623461363537323037303438636366373561653331386239616236
35363937393834616164393262303266313139316434613839663839356131393765333539663963
64306164646332643037303963316365393630393330613837373632336138363131613035626234
36353863386365313061653837393834636134323035656464323337393730323464653731373839
62623835393362303164313566633037336339393631333862656266626432356635316539323934
35653966323366383662386536653037636431353265333531396432323737393165306139656234
39656537653836626564346439616639396630323935336663386465326536396135623166663831
66363334376331343533346234613961623730373433313731303839373931663036343531356466
31333833663162633563396233323432646539393130636133643737376266303166663764666437
36386435303437346563656664303333376466366364326362366139383036323733613233656130
32353766616630333339366565346565333965373632333737336337343463633365396530653338
65363636643537616433363765666261306136393837323836366561383132653039653835356330
32626366343832393366633065393533633732633839336262323135333739366466343732346235
32646535346331386434366363323837323161313365613661326466373833333762613663373865
36303734653233666334663134633264383865653662333364636638343566366163383839323862
38373262636662326264616130623462643262303964386161303264396135336231376431363362
65633438323036336330346562303734383731643461643462633165383662386664363436326163
35383139353339366131306239636237363237303539343864636163303737376162613364666131
31316136623433383838616339326538383363316537353539653130303463323434626538363262
38333132323539643966376562316561323938376531346236303138333132633032373831313834
65663130663463643638663337633938366262323763653430653863316365383062313237373262
62306233393538366439323834633362623965363061393330623133313131643965623235366263
34383261323039343662623061376437633331396334326333313264356432313837663931663365
63306135393535353331383233306232643637383638386161303832663931333563333263656563
39326134626538643939343133326635626431363331316136663164393331313537313034663164
39656138373935363261366361633639383565333832306537303663343364353132353264373731
37386434666461353735383136353635313232396438333435386630303361633863633837306335
35643163346362623331633466396136346431313136393230656664366463316333373063313934
36306462336437666538363236636162316531653561633462636165393663323030353233643330
35323064333436653333376538373732336436303261353065613638623030616633613363323965
33386565626332613635663466353761626132323432376530653638333432363437336239333031
33666132323238656134393136646661666363366361653263663232396636383362663839316431
64326237343935376236616362316639313666653466633663383365653237626361643836386331
31313633333061393635613333623230366464646264303963626535636132613435346330303634
61383462346635306433383264626230313666323664396439326339343464343261633336396531
34323133373265336139343462663537326462303238366163376631653234313562393631613364
62323366663737373137353232646139376637356533323631383936666537346439623432373762
36333065643565633865656635326131346236346133613865613638633036383662656565643137
65386338623231643332643264336434613934323833613561666263393236653162346338346530
64633430646134326530643132313739633338663563643063633264333037633336376334626631
37383236373964353434333335303436336436663737336234363438353961376235613364303936
35306438643835346261373534636264303366643064646136626361656663616665333964663732
64636435383031363933656231383034303461643464653763666539306165633836623563343139
36393066386162666131303065306630396562373866326531366430343739633732666632356463
36306136356239313931316164303332613938636664656631383731613331383338373364366162
34653235353335663730663430373534616264316565383165363230303364373337303233303237
30396539363364393966636331626334393836393931323363633734613665353833383932633561
38333237343566366333303833646232306239333834363864373561626339343565393165326466
36623662383535643938643237316661663739356163366639643333393666633562383037613065
38353062343466333165386531346236373831666264343138373338333261313065346433363062
63333261636565356439343265653665306234313637666662626638353230616465623036396433
32303138323931343964366563313365303065616437356362326131303336323262383433353366
66373161336565383131336539626333383539663131393132393735663563386132613030623765
35353136633134613464666436626262623839646662313133653337616562393837343332663633
64313630353535323565386563626339356563363333326436323664653832326334393631353934
65613432633966316633633236326536633166393666303932333565343838396535643337623665
36373537656637373834326439363464326535613339653863616639303732363935653562316666
64396461656164626632343137313236326235303336623531636561323938343135656161666364
37336162353039386162663937393839643039613334643431313661323536376437373066353930
32666265616437393531653030316532666139373765636337343235383665373564313235353231
35336335323031313766353465613732633932393734336562363331633964383166383537373863
65326639353233356234373364656166643937656166366562336530393334636332316331303935
32613761643963366237623237333031333634656134306132636437623164366538653362383733
37363832366235366437393663393062656132353836323138313434396234663036633731666239
61333462656334633937616437306535303562316236333233616435643234356361346162336534
36663539383264376365636466636436383937373336656631316337326135366539393331313865
38373038306237393865356638643733343539643236363035396165333231356235343531336631
66343630353135303664633933306632373439656635326462346462656663396163353036323438
30326165373237633432373030633530313133303639613562653530646662313137373861373363
63396439626639396664373539616635616134626564666634636332386166623732613335356466
32333538333662386635373137633865643337386430653166393866366561356666376531336139
36343630393564383932666164313436306537346561303266373766626234303830623433376562
65613734623164663036363735363461663036376539346261363666613161653936626236303739
38333531303334376331663562313938383432396331363666366464616332643066643135383362
32343062366563363161386335653065616436393133366536646333313236323862636236656333
32326163303130623535316136366331386139346332373237613061316231373435393563616235
64306564316136303933663561323239383461633364356439316661636161633163323736643930
38643839636438626138656138343530666632613339383433353037383761303839333362656538
36323561326664623635396235663733323030326666636532303361613134333130356438376266
34326335643837323664303031646261633533316434366532393832663561363033356566316139
34643138626264613864313265623737643333386661393531346331356563613864646466363235
39393532346164373037633033393963303466663934343532336533363634326562633162346331
35616332303432636132336663336135326135393632653236326334316530313139386363663932
37323531346265343935613665373431306331653831326136623730613038333132386364306535
36653465386336313032363531396666303966613962376564386430616433656262653364336162
38363337346338393738383033636537356133636639323133653037656236326166643532333632
32306465393966353031336333666133363862306635393339643434613635376166353534663335
66386261373435383335636630383834396636303834303636306563396565663139363766323239
35366634376634313831356338356365306663353863336431633130386564313361353430373631
63386266616433326661373938383936313232366139616430363538613533326638393664363466
36316561633563336638613665363538373763663666616236373736356232306138386635323665
38623933383962636437376439616335353930623833376537656431336632386363376334383038
33386432666339636132376435333165613236633039666331393464616162386361626366623438
66393238396433656264366335623165333663376232393766303961393930313231663535343630
31663337636232323730323261343339313864633063343739383436393632643834613365646231
30643063363661323039353661633965653835303962343466336663636133323466306137306637
39316233376632616365663166323939653631663738306636633037366631646639356239323739
64373731343163623331333234643434326230356138353664633636343364366639393366396662
34613936623839346332366434386263613437643439336530353132323766623535306163656630
64616663323763303139656133636666366334646236346535386262306138313038393634386661
35346130613339636461376238303962643139316463366230303539333831343066666134376266
37376136326238643534666137373566386364346661376536653866633438353165643731616431
39313036323432306332336162383036653761643639393665633361636664393962653333653162
30313630613762666431353066323165303535386162356364666166316331363461353133646563
38303432323965383130306561623335353432343661396365346231353237643037363539313964
38623037626632623964353736353737333065363164633763393530373066306636613835396361
33383830353536636566613864333739633639363764313264663364386136363633323962393531
37366135653562333035386662623335353061623361613736656163383530616231343637343761
63323439393665333837633535643939613133333865613234633464343337333035656534646534
31643665306233306362306234316161636535643139633765353138373065336239613835313161
64303530363035623261376136626565366432343730613062653137643066633531666466376664
34336165656636353033323935353831643431663264636565346632623539376131396562316134
65333566343661323162663833346634343466313066623536613764656161653936353564306564
34353664656432306635636163633762626664313533393765383562303734656433323239366139
33316134336430323165386630303131393135326437353164383839333333636461656361363832
38323536386562643462666466346437366164666661353466636433326564666236303261653034
31653065313334383966643562326365306335666433626662623838653833383932353930393662
36646236633962373636636662383230633230623731636439623635613766323163343536663537
36663539653739666235393866333634613837306632343162373935636638366134383031316362
62303530646563666632376337326430656232373161396133333035363163636165366238313939
61666434626162383435653365356161363531323232633330613533306134666636653731363635
63663866613063323365343233306231336430633033653538326661383834616637336164363433
62326230643234653835303638333162363033653137383862633732373762636631623131326564
66633538656239386161303039356538656234633238633266616166376663363631326438303664
66663134373439383464653930363362306565303263663664373936333936356332353638653233
30626564663566323237666237313439323364646638346365393035356432376535383565633930
66366532366365306665323636313238623565613035623035323465643265303530393131613837
32313262653636613564633861383764393333653730373862333963383462623931643731616336
32303666633366303139346264646162633862303061373437333130326163396532646266663737
61646263313062386561353962366439653130343230353265666432343335633965623662656635
62333263636630336164653035616331666265393237353435663966363039323333623531303538
62323066326163326236306565356237626663333033366366366434653032393330303734306131
38333238373832316261313230663161646461376431366433323032343630343131303139623237
64653133326238376466636639303331353235323336333339353965313332323236383165313663
39363536306662346231393639303762626236323934353938666231643763313463353533393964
37653731656134623662626234326562633963383564666435386435313565616136366330303131
34373334386464383565333137653230383335633236353963383362313461393238633637386435
31393536626265653337306530323639373938626231326361636134633038316363396365306436
63326638393964653533363536343939376461643839626463333661393639306361
