$ANSIBLE_VAULT;1.1;AES256
64363437326339333036616663643939323463396531633763313133356230626136623334356131
3632396461393733366339653761333538616131306665310a313236643962633062633832306162
61356166316130613961616431346234346665376265353731636437373333666436393463366466
6331393565616366380a636161373461643037373239623937346531646430616163313738393435
65346235323764626637393732323530326538333931353663326132663032616262613235666264
37646461386265303735313731383234356231643734626434616561356436646335396434623539
31306531656662333938613662343162393033356464363266636134303666643239353563316130
63623339333030356561633863626262363831623034663336626666393136663039643739303334
38313936613962306531613334643962343031323561336431306464313264643131373634323162
65393131323435346338353432636531663238313864313139343032343966383937613531623464
30366630633038323163613665383832656234373261366139646132623664393938616439613164
39326665363162613139303630333634396638323438666161383931306636633732633337656339
37363162623766313135323039376338396236613337326337323439616431643136343133313733
30356132333237666562316439383139306133323638353035346230336336373365613866383831
30333761303936633731363361663364653130643336303366333565633735333764653836373631
65326339643933656438656135633863613936373338393534616435313739336266383430633165
32643232346630366632363264333034653331383734356136356263306364383734333835303032
37353432353432396461386433373132663839666165393164666261303036623230356536333666
32643736316439346464303661303335323937353036366235326261336136306161323964336239
30303662353432386335633339643537393264336165616637363265633333303865656236353864
63363264633131643432306534326530393832316532626363303632303338363561646439366236
33376232373237326437613837363463613832313439353330363136633264633963383735303136
62663464313361653132366439316162313565356131366537653133383862336264393532333834
63376137663833363632633733393366346466333638386565306331613032373961643534373539
31316363303037613130643061613463643934633133636537363532303032373664396362613563
61383763326338623830663565303562623762636139633231656165336561626362316562643634
38333031323737396162346462366364316538326563346635396530333932353339663039346462
30383764343261623539356665386665616464656265363630373165336634623034353131326437
35633366623161653237626131396535346134326661373766323561323633373335643733663365
35656134656131656564373635633932333861653464653431323234336666376563653165363661
30376163653863323664376664303537363737623436626664616166393332323231303561386662
34363637396666373534363061656135323433373139623630316464396533633535353566336566
61353837353236343134613838633934656263643464393139393631346239326137313738653732
36643066373238393130666162386337353062333964633532303464333630393764313936643362
35373735386366636363653263633836333430383537316566623365356438326533343665626139
30623931653566663330663935656265346366626234393031303133373031326532303039313532
36343931623036346163633530383537393730663765643263613233386462313138656139383037
34363738316532376233323233663462613934663239393432343138316634616335373832326636
31356536623161623138333630643536616135373536326337303630303863653461363132376436
65663630383138373032393636346533333963656466653161306364633935303036396631663131
35663062393438376665343566366266383262396366633531306261666430313135653163633466
64363433363262613532393939643834353261323438393736616561373066303131646638386464
33616564376666366563386439626333636635656237643535393062343639323639343738373366
61303964363331376639343434663861633864306630663466666564613738623062616234646132
32326332373861323431383336383133323964613537356634643731346335343238393431646265
65643931376639333833393037316264303265303862613466613239303465626635616564393038
66366533303732343333313562366333626538343861316333613963386635663063333339323535
63343234306132616432633462393130643536666533656633626238623861356631323032376437
61313331616137623035646132363332356230646362333963353536633830333666333133373835
66303438633733653837333733333066623132393138336161646430633664386135656334353831
64346537653830303962643936373838313034616462333961346135353563333237663535636336
33613864383537643364613038313333663264323266333639646431613262623765636130313939
62356462643266346131643864346564303563396438613533326439386265303732656536623733
62393534383863393333383733623433663835363436386166303036633230636130346261643630
34646535363231313932643362383362353530623432613964303536636562666661373465356562
30333262633031313839653330376235636431646264353466366561396636306164316661363432
66633835386566373565306434316166656466366264373538666561376338323932636461393139
33646334336232313738643634313536373661636363333430656461666533303736303137353130
38363762626631646232393039623339346464613963346462643134363931373732613031366565
39323462306466303063383264646434373961376633663937323361666134356435323739623233
63373965646163383530626362336638363437633633323638366238346132386430616634613864
66316633666535626535373133656664353637346334666261633463393530656539353438393830
31373265303633353535313465623335306563306563656664636637626436616133326636613661
66656536623335383465383431373265356134376536346136326161396163646262376237336139
31303463313065666238323539356663626438303662613762353638326339653032356235643037
64376265353135613364653538623031626664336564376432346136376636653166353132646337
30393036613638323861653337646362323238633365313362643961643635633034353964393339
36313161363938333433613263353666383330346635333561363231353735383236633161656237
64316661376661356438613838343037626636356138333832373064633233316262393266376666
65613334363266656136313164313530663738343634623833663662333238663731323433663130
66623363613837313564623333363161376363666639643636613563643866383233643439356666
34623966663464383462363332343861616338646137303137393630353965323965666238343363
61666164353161636239396437373135623465363838653634653932663064353363326165306238
39373964386631333238373130336463346266363837616437303636306338323963383233633834
63653130323865346165333630393364666166373839393961353462303462656337313664353162
33333630613161613931343336303833346531653730633139363464646337643461326364613635
64616163653035386562383963653732316238373132386230373733656665356137643431636662
34646663336433373734613165333330316433386266356535393534373938306665626437366161
38396564626663346539633234636164303239353033333666393261626230323830646330343533
33633133656335326363356162356237363535343038333532623836323666313561383035393736
62383030373732386532346239653961323532356133333130356331663234363461663566316537
34613133363031353363366464393164343934303832396565643762366338613535656664636638
33623437346561373238613864313537613035373835323736613433383862303436333464323738
33373735633830613166313732633637363261383837626534363335656664396339353135303561
30373262313431353330613230613332363336343163316666306365626238383436376633663635
62333861623035323461373937383039323931313233643337376265623431323862323037633333
33616265396334643535653430336463313539393037373533373039633237666163633637316333
36613736353966346466323236653033653234636234643539616365303930663434383135316366
35336134613934616361303733376538373739613466303838333139356635653765353466366364
31656265393664623930386337633630666134613234656263313830613336386563323538313833
37616432363736306666633736616638356534636636393438383238346439383836653035316338
64653137336630626166346535396236346633396430666664356538336634333463326431626134
66343132333665383730343465613536326663373538363437643665326437646165663366643538
38643039626431366235343934643630653738653163343031626634323266626631613166366333
39343937666239346365363938623064643463366664356430653934313163353334303234646537
61323864343862386462666330396539623337343838633331636332393532356331353663373166
32663533613331333462643433363433363331326663326631353263343932356461383431326463
61656565356366373938323835313365303130393132373431653732616133326630613131386264
37313435646239636162396235396534636165333135383865396161663862383833656566666431
66336239333865316265633863333331613839363332666165333332363330623861643562656332
38353731303138633538376334363466343233386366393237313437386539643835396561323537
35306462353466373661363166323165666635346362623662656533353237633935346462343931
64366361626139626663363537383830333132333761383438313337353161316534323163306434
62383964646138396363333161633038383864313665653237613566646666306232353539326361
62376663373134666437313361373266623437386234616364336635363664356139633837353536
63343830663535623237336531316362643761626539393033376464346565396230306361306661
65623932356164653438646636383833386266623737633430303935356430383330303565326564
65336164643132623235373161656530333632333437326339306335326332633331356438633537
64633137616433313638373664356236373364613465326339393336396133353430393965613164
33373764373966353531623035326638636463663736316561336239643461646435383734383035
62643231643130343535376665616330313265353665373232653666393832623633303963663631
66643835663937313761353164666437616561306466636339373263636530376334383865633236
61353262613165653266343136306161626136393466666136306631306236643737353435623331
39346162366237666561323063346635303130373763353465363731663630613331663564353233
63666562623266616335656434353636333862343365633930313536313632316432396261313135
31353230653664386130643231373339636339393061663361346164646236303336306538336135
31376163313836653233383233333562386664613534326166343430346331643033623633643831
39613439366562376431646262333034376236656534313230346435326434326535316133303838
38383933323835663932363333373432386139333738386466343930333836643439633734376632
31306531666361333966643138356332363836663139633230333335303561616434326466623836
36353834383066616365356263653339316564636238313961323139333761343164353362393839
63373039613232623036643833613961343761623163323462373930373466363236356530323731
31353366633164343934383237633633643432383263396137623862303334623965633866623236
31316661333264633230333064643935636264323532373361363761353436393630613362396365
64653437373439616234313135656166323030343363373763633637336661666531333438663831
36396336363066653365623733623433663538356639626334663666633532393564303830346632
36363735376632656630643735373236646561366336663635336565333434306436623465323863
63613165373665376336386564316263356537333235313534303939616466333634326637633731
39313439323263323065613365386465343339323439363932343532356634333365353139306463
61396338656666386133613865383265343531313862376264366164396236346534353563326366
64303436626430343764316436383661396237316465366232333439326262326333356433646237
31643732646339303663313932363161346563353839623863616336633230386565623163383366
36386364646366623834626135643062323035353234353061623933376630353061323831336433
34613532396530353163303034303966663333653538613062336336356264353930633931373765
35633035343830623838363234386232363035356565363436653931636562373561393933323236
30343239623235646135633635323334396631643036313232323637336439316634646438363865
30326565336535356234643138326530663864336238613838653064666331656163613238633331
66386264363533343035643234373062366566613234663431663764616361376336663835653364
37323063303832313366333130613937393934633930376137346237613538623530343235326265
64313365643764616665333737666461613264666131393761323136353964323763373934333963
30343230333232376165333433643737326338613735383463653436343762396463326637636665
38373532636333353232613233396166646465393335383333646439626437353961666464653661
62336235393330623337376630613139303339323963333164316639636662326566326434346138
37383561386566386166626532616433316262316236383939353339343236386136313161376133
39613462336631653130643131353735633836623436363262303036636535663166393262313134
63383661646539363163663736323739343366376536656536643966303833663630316636393634
39613033646234643063623935393631666536366531383764323433653966393638376436303965
34656163323739366363376562316662656335326534326133663335653064613263326433373037
66366564626264386465396234303932656562316364626135326338653465646361633165303135
66353534346335343734346638316563623932383664333734333964623433343262323839313134
38333964376339306466643637373362376564383133323066336261326361663137383463613638
35303835613432353566393832316131383238346333376562363735346433353638613130336331
37396564326339333939663331616661383462613762656438376366363438363362366161653339
64656434616231343336613534323931316136666564383766383061313163616665383539613765
35333732383437313334383631383939353135623761346433663064643034306361336662353731
39376266343462383862303431343065323935646639333235333035613531666363626232646264
38376230323134623033393661653562333336616633343132666564643831663139356239646366
30306437343936613439376531316465313730643064353164663935383731343464306364316337
36366537386235633564353963306331346638633131376536373439656231393132313361376233
38613563666636626234386532313566326234343261356437393335623136343130633738353066
36336461383132313564343065343937313163336339653764636334613536363038623036663831
35356438666230333638666237336336313635663261386362623566656164383937373862313461
39333164373766646231626637613433643161343330316164633238333337353663333032346261
63656332333861346264303164656364646164336433303939623532316664326337653262363762
35343631356363623830343061386134306634373566306130396234326539353938396330356465
34386432663166356535623033646266396462393534613834383165653136666532326262383264
33363031306132336630643530613532323562346566656664386631613930353265333235373466
33356363326533343065333338613735656330373131656637646430376437373166623365393037
39646436643632616332323961363638643037366637313465373664323839626538353635326236
32353033373962363035616432643539613837396665313265653835653836653661613961336231
34346664346239363563316164366666643763333537393331623562663765353666663538363665
36363262653966366361643863343831633466353564373237366166616134366438636631313033
65633734363334363965633333383262303265643634386634643733353930323566323330663530
3535613761343662616432363866383738643435613564353661
