$ANSIBLE_VAULT;1.1;AES256
63343263346564343461346665303339376663636561383166376564396165636339666561386162
3833316466636639326665376231313366626539633039360a323039356138313165393334633132
37653765326437313563336463663231353737383334613138613464353864386333643834633963
3735333636313864610a383938393665386530383332373437323532353362343434373034633133
63623363373432353439626532653863396135303136633562393333666166386635303766376133
31313436373130653237333739343361643733346361363634343761393134616233303766646139
66323931326532373464663361613733383963383566343266663138386431353238393531386237
65376361353036663836383165623434346266666336636236666133636232323463653561356530
34333733666635336462316163636233306661306133396639303737656366313266323439663435
62393465663337326537313638386330316163653131666564303839346135356239666339623733
61373131326335313736646265393331326662396162366365633766646536646631666331386330
62306464626666636131396430333030646137346439653962636232353137623466373230633235
33643737616139613164386537373734616530326139623261663361356461303262313662386431
34653862396365323738663464316637343730626433373233346165623863383733326466366666
34366138643330336636633535653334363732323536313834326363303164656135663832326230
39353463313966396333646530656561343433306335383761663135643764366438326664376564
63356237376134313030666134366538633239373939353764333439623439323462383531313163
63393964323561643933643237626438636262646434383066316565303365616138343439633863
33343333666234633561373339643232383039393833646435616537653735323632393333326134
62626365376661346331393830316337353731306664393762626263633736333430663431323732
62326364373135353338346533653232643930373564386461363936333835333564623232393233
30346666386261643330386230313032323533613266303462636332343165343263386461623234
63386662656431306336346636386134663230316338316431623830663132346562383465333461
38646531333862633438323030623531633631373737316439616233376461343766363962663238
37373730303635363165666639376535653862666332616266336334623336343133313137316563
30346232626166336638643539393936373133313739316631666264646662366533653631656330
62643864306233396430313430663064353735333064356163303834373661376530366239376464
64383830306166636134386535636465633966646563656433313163303564326365383832306335
35393534623861646137386163386631636566306534643331343431376264636366343836653037
30343366636337663034313035356233643438643066326634383036343366623761613063623632
61643235303566383234376664353163333164383435396238333735333130666136323065393430
65663862383034333232666464373237646331636234303636666231636334613664633331616637
35613138646434363637343961386465333033653737636432326362663063643930333163666463
65623737333839313737303032303835656635363236666338326438656337336364623962623535
32376333363232313161633061663063316366623031656466383335653137313666306336643333
32306465343438353033613236363131323833623637376630636262353964363962343564343933
39346134316135613965353038653264323132613563626561636130633032376266363361653165
36636564363665386562343261313261303230636230316465383464306238333366396235643134
35633734393931303334643161393633666163313039323766646461353766656533366139396637
35366135333932336365313762386536346533623163656361356637623937376631613361636632
30356539663631623562613761383961323434346561633962313462383332653631376234376232
33666239643635363630383166343065636464356566393237333531623238373836373436633665
33303139303735393934316661646234303038313035626431653865323136626635303535383065
33353563386161336138346365653465653562356638333235636232646563376436396639386233
36653136333937376237396661303730636365636530333335356166633962313839653433373535
62636664393033383265336164653662643532616133333232616166336438326438656363613934
32303238336536633564646230383632336563363363326266313466363138346437366433393430
35376437656463353534346435396332326434623933333863646539613434326432613834343130
38353433323461373836303037373964303765373632663361356539333862333538613063633636
34316664393631366364646432633635306235633931643032366563336539363737353838663237
34343563626263626333386630323737356431353336636262346265643365383662623337366466
63356566383863303364613639366234343266393433646132383330306632376563626435613433
35393361336130363931396464396432373435366266326632623836383664396130313764616635
35663536393262353266353837623435613133333737386133616664346237626663353738306366
38643236643762646533336432386437346463353133376538623530346536323465356334386637
63363032656661333439396436356361363739656666323136353664313264396430323366373534
64326436356565356562373631323262383137613836376561636363393736376162343066313339
62633262306533313935306238643462623936656136323534613066666434656132316563653761
37663432636564313730623532666237396331656634333934353439383538663137373230376131
64316430393731393631613265636565393836393263643039393038623735303631393265383134
35633663623830353731363534653436323366393963396635393666646334336533666563663561
61366666386538646666383436643461623136363033323164666533663936333230323639326135
61346264386633343831323335646634613639373330643838303765653561303834306562646339
31323836306362313234623438333538323238373063306334666363643033323737303837626532
33623836346364613335303666323966623032323963643764393037393963636336383961613330
34376466333632396137623961363732643163303337316262313533616165356161666563663962
34376463613037323835386337313938373237336636613632373533386636343130636133393530
64313632663930333935316534623734353335653834383134653532346130376663626466373537
36306534333232346665636331326164343561643561323465663364383038316333333737643331
33353832646437626662643066313166633030613361626462323363396661306264353331353530
66646637656265613462643464343133313635333531643335616532306334643861346563663431
38343962656433353830323834323566393565623532633962396233303436346634623532353062
62343839316535383262326331316363653863336630343963363739376535306538363664343130
62333736646465383039643861366330393438343834346664653530376663336632376566323036
38383237373365306165303364373735633065383361326537666531373838663563663065373865
30313663326661653930666137353961646432623035396666636334623335383536663233636438
39613862336663613933633735303163323430326462333934366338376639613361633362316333
35653431383336366234346666373664323737306261313339303637373336623131373435626231
36383632303939666333646530336364653965613737666336626432393863396231306562643432
62356635393233383266633938666234356464366261303733393862396330633738643134646661
39316566323263326535333663363165356634346462336631323931383064656662386564346363
30383439656266393432643637646362323732366662613730306161303062633661343931363737
33656138613763633131666632653562333764323631643331303639333861376632306234333236
65323164363730633738333566343065396637383435323233666232613237663439653363313237
36666536386436336534386666346333303035343936636537363433316131323233633163366235
36386233336338626162383565373930646531663132313135373962386536323664643437353466
35643735313932376433616133643334653461353565633737373563653833333536373261393666
31643863363135376636313966643531373035373962306564313233326566326535386336303331
35633163306137336466663633313663366539636161636331626233313538363332393266623134
30373065376436306463663532333932353337323933303230396337306535353662323033313330
62356131633931356336316361656630663332333539346663396333386462326361666566646539
65623062383333306639326135353630343835383064333231313036326666386232313930383061
39336165643835323965653561303637386534656138616537333439636331383438313532363063
62613932313438353530656139306637393532623563366261343335653766623962633930326461
35313663306665643238336530303432633933323634316466373461353430663138346135326566
65626438363637616264383866393333613430626264313933303464333162303964623239333062
62636266383065346438613331656232356166316565383238373039363834623835623938343862
31623034353634626565616339336635343064636239663766663538386231396166326365626136
32383662653462313435613230323162666666653837653161636562663730366632653761663430
38366438363336306463393264343666366464373063326634306162333933656432643164636462
36636664633931613062393361363033313239393864613862306664616234346163343330383335
34613535663762303735663463636536343761643463373962633034386235643631623336316133
33613937376130313165636231623436633963326165353864366239613261316434363736323933
37646466323866343466323432346434353739316535666639383737373937376534333032336231
32333235666362643438643933623962663335653432316231343665306433376265393435326632
36363162343666333836363538663238663339333961663733343033373732356231616339353666
34616630653562336130383466366465623365346162343764656339346235636432646664356130
39663230643135306337336336643737356239613262663461646335663564636363343634353835
34616335356137333962306236366335626431643235393634333135303335656438323466303935
33643339306236646437323061306533373432616435336633613765326266393662663232373434
63306163343534646235343234646231636432353733346665656263376437306435313864383838
66653966613038343135333935323432333061353638333361316465356262343938333836626434
35623632333133323737353463626630343962633063376334393236633731366636393139613035
38393664383563303632316261306230316132323739353038303738646437663232626366323161
31393331626531316235646334666139363866383966623337353236663730643663656233613138
61306131656334613163373036396162366563303134396565356638383936613861626437393431
64646535643133643939353836366338636138623164623136626536613238383434633361643665
31643165393863353932656663303238356365396262356136616531663835646439313939623765
36373931666433643533343266323562333931643439323234383930396532626664383162363263
63353032633764306338336561363136303163303431636331656665663561393763653432323464
30623163366363383965333465666266396163323365323930623063316364356265646532363632
66313132393564323065383838313630653163303038323064393165393366636531666133343636
37636433343664373035316339623233663231633330663838316639353661623834663863356161
39363133653665646664343262653038316638663732613463313932386235653663336431313033
39353532313232623537626264633836643939333936383632643765663663393938323030646366
64653561306662393837373239383839383636396139326637333433623536656432343531653065
30623865363131366336366565623039653363636262396630646330376237636565373632346535
64363566323135333065323935653532306366373765616661393661346231393035386362303461
35633537303965613336616665646666333036363232383534313863373565616361636263663066
35326161336536393337313161333932383237363533313762383366363065353637323339313366
38316139396566613330646363343437383634666534323163363561366634393830323236376361
63333335326466653763373335636236626437656631303532303935386161663564633438623233
31656165383134363235646235623330643335323030353035373734636632383134623630323336
35623535386332333230643438303834633235373431366564643266363534373138663432323935
62626461313064626339626131313366303432333030373162343639303964656231346663333336
63306536343562306137363638376261376233356636653736306431373365383064303639346337
37353639666438353462303764353736653334383761363565336338316637346532343435666137
36313865363135386632353834663832346662656161663037363565656231616333323238663662
34613961616339323865633364636464623434356666306237333238383837393562393165653932
62393961336362616263343764353332646332366632313231373632356335613732653132613531
66373865656630616438356434303964313365316230653434656438396561393633393435316363
31393061666461343139643333663139613131646538633638613036643238336363326531663430
32313761323730623833363661306436333061356439653032333762633936623530383938613535
66346530316265343162346261623065306462616461383038393435616464616135633064323664
63653335616539353039643438316638656133313434356432343039313334646639623538393639
64643166313335316533323838316635333637303362353038363131313463363335393635623562
61343862653333656339366330306130336631386364633632376266376264343462376164393135
37363264353366396262393039333964376231363566343834333462373735666431376533303938
66336466623433373535353939656263343938653836383465623265356130326332373635363938
62353631626135313865313132396133663833396464333334646633663236373732303564373231
34303838306561373064616237373337363239343465326537613362333861393135343463386463
34333132646631313566636236366363373131306564336430656531316538383462343466303930
65383239356161616165653631303764633430303064613232376265613531353631623063626631
36633062626639656234303666316165393538646561353130333830366336646630373137373037
35636539626634636164366238376561356633363562333930616131386133333630626264383061
61616364633930313364653162653766613735383339633661613565333265616238626631336438
38303932343063336339303265336531643662646563363263643564373662636532343733376261
33313764393565313365646366316166343963343065323861643734316464356634613731666163
36396531373934306631323266363230623963353961656131356237613366616238323062366164
36633061306533626364376539326261643931356635326465386339383436396564383361623565
32303165323432363666656365373335663239383430393466393038353131313330303466373131
65636565363037333231323661613136396565396236613537376562336236633139366263313762
34323064333763623764383663616434643131343437636536656332333732333034633533633965
64303361393864396437313838306239623638363363313834306466303130643464616531326363
62316235363261396364303364383765643361663234376363343231653238646365663730643733
38343937333637613136663765656466313432633362623438646665653035376330633030646538
39383833356633346336643164313638343531336563643461346166653433636663356665636332
32383339636437343131346232363131656463356135333061366437623832383330373231646332
33376539626438663137313361623063633262636363353033323537366137396630333862333236
38656137343539653235303330386633396162376534326636643565663838343635616564663563
63353435356438656430323534393566313666633032663036376363383462343262623231643734
31376366643130313135303130663964616138323465613931366165633066356362373638306131
63656631636262383161656339326333366566323033316561663333616636373439353466373030
3764316663623963313634623333353133393566346337613765
