$ANSIBLE_VAULT;1.1;AES256
38313563353739343936336134653938626364376339363065646666396630643131643066323961
6662353464613738353765393932366435343237616665300a666662373763396230303837666561
64616666333531393763346431303539613265356232336363323664633662363437396363373661
3033343366613839310a623833616533336266653266323033313164393434303562663837343866
62356136643464636639313531343232373135663932393561613633363763616663636266353135
64363130653565643461383434613838343430393065333164633666646538646238363530323362
61663062366538663566343661306430356432623331373938386235373265653037373335306464
62643331646430363863663230393733306666333064386563663136306464636532363530666562
64323236616566313138343039393963633362393039333965376530653639343763356230366238
62356430623735346532316266336162323039383437373035346332346237643663643730653963
35633230386164323762393861616333356137623732363365333338313764363536653235343733
32663034376435363662653966313137373362333530383764653361633736393530616335646639
35636538323962663936333439333330613638663036623832623062616130393366616561353463
39346536633163323537363662326132353033633435326431366338336432656366613238363537
61323534353131373834663661626364366661396161626365643265373132633134326564376436
37323139396162313632343335353364633334306435376237383062336164623038393339386438
61363239653632386565653062653334663634393238643063633435643430346163623633346434
66326336393663626332353332313563656532326430346537366262333934303363313163626262
64626639373462363836323834356234363665323937393563336637343138636232326530326638
61653833663836656132623532653163366164356662306238366133303630656239386231313665
31353732663461363639383335633439383238663261383337626530383634643364626634326566
62363133353031383637613366613431656561376362306236353765636466393134386136306638
64613633373965646530376537633135356339356538303835346239326331343137343138383637
31393730333236633437383563343538383938376361383632363035396264623863363734623266
32366133383939313631323264373138323963653761386535366165623939646334646162326563
38393734363063353132353831363138376462356164383533643538323933336237623237313962
61303833373162306239663065613235346330643161346139623364363136376538386336363236
65633336343839326366333264396439353738323461383833663634333264626630643436616134
38313234333132626363363338333230393031323365643962323561646437313735303466333837
34353137333064636563626133613865623637346630336134313763313838656635656162636338
66643132356562383461623062663933366239636231616362643165613038376633356237373865
61356533386332353365623637643739303934346331393331393334376535613735363231373463
32343037666164653937653933303537373666356432323361343438393263313539633738393966
32613162323332636139346337316633363066333739373231326137653464346636353962356361
30333666343765326563326234326664353464313738653664323065316562366233333836373237
32623863393761636266663361663633326638343161613966366461343938343863333061336632
62353330303364623531666364396232633662653838663766636636396364333032353265613937
63346162653165396231346664613831646630373865666434393136353437653332653933363365
61633364393735316635653962383861653739303830323238653363393132376633333862646264
34623637666262326562323261376261393866323334373337626662643631663065646461326333
62336134366138363664663961653966356632303537376132353765643563666137666332383734
33323739396266373136343730653232313762343832383935303130323430323165316138666634
64623136616438643131386361386331353439306330306439633662313930363030356237333861
61663466363962643637376361303833393631386335636162396264366433373161313136346166
33343139333130646634613065613364646266656631643161643535633961653630646633383562
63656539303832663065363132653961353439303935333739323563663733336238306263363563
36643462386537623730336266313333336230393935646432653163653963343862353163666633
37336230616161623338383437333433323230316634666336333562623163343362663163643334
31343136623561663531616139333832636538666436613362346531363731613631613934613836
35396463636265313461346162643239613239366231653330343662376264623233383931373630
37363035636630376266356165356430333033363536376161646466626465363339316361643334
38343831353864316334343833333436346162396664656661303834376635303635323438343764
64363233663431356361326430633331363639303738623961316439663862326130373161616530
30333061623766656631363662356265393462616132343964396263303433663862616132353637
37323237303766303031666634323437303964373139633538363639353338663961356431303937
63663239643531366235306431343561373839393564623963386332626334363138616532303563
39623666376561323231343763363162313866363234386661666238336630636664303734323665
64666339646339343230656630643866333336626464656166383063363566333361613132616231
37646261323066633632333463313236613434383235346132613164643665363366363966353936
66323436356533663739396633393136313935346161626164343065383236326562643735656565
66376665363131343933386535613637353066303032343262653964643632336136346239393133
30363338373939633632376534386235343164333730323833663933366636366230613266633864
39613634656633306264396237656565666463303738323235626466376162376130666337373033
63636632383365343033353332393636326537626139626166643137636263303930623864663531
38323062633166663332333064653965633264653139373039313138353539343962666162633539
35343961353236353233343766323336373739363131346632616639363430363634643535613032
61336362316138396364323565326137333030333332383061633662366638326662376632383466
33303338346466356263343234663834383731393839366137373337313730643330666263623137
38336239626431636133316664643963656338636633636265646130643830376566646365633637
65396134313233656463323365616365646138356535326433393335613930393165636237313366
30366165373863656661306361626236306435393862613734353534306635316436326663613465
66353836623765383136333932396633613630396633663166636531663065643234663831663434
30333230306437363063653239313034373566613837653465313035646433376663626261353537
66656266313731666334373462656533313231346338626236643766356634623762303064323362
39393736656633613035613562643765623964613439326234336234626134363135363535393965
61306264326664623830396131383462616631333133386466393466333931336265343832633663
66666363393863656562633333393934623530353032656463353062363732353430333830366633
66656364333366383333343730623264306266636636626336373130363461343632653539353762
30356338323737393235373666643261663838353765353639633230323330353430353136343939
63306331333531353531626362376138316432643938353938366665383265396530333237636438
32646332366131623934396364633339376332383037636639376434626163396537663837363431
65623831636139366338393963393564323362663661663238353263373766653136636664373965
63386161333061353130666238616330366262383130306564343431306331376431383439303532
64613366643939616633633932363536653466646466316431633337626437396634303762643136
63323338383239373433613762636664366538373734353861353936303938343434623532346639
64306561323233633732646136663831643838333834316336383261343430396130363838303838
31393230666437383630323862623935323938393637313662633437386532323764636239623339
63306135383362353533666462343961373463663839613366636265303762663664613538633031
61346665616232313734323533333865636432303061636635323735386462663636326539326430
63306539373239346564653665653539626361346164316165323134356663656339353233346266
63373831643639656333653836333033356237353464396632313637343330646338643535353234
36613838336538306534333232303563386566326463353366666336393564383064316264333962
65326232393430333662336364306266336138336635323663386331343534653564313435386336
35323362393432393862663639646333326439636530396435633764303534306535383835656331
62373164313365383133343032363938666633303064323466346565303565626134626230623933
31353463656630633637656339323339653166646262616632313737303165626138393263323635
66616434663964613838366534376566653534353032396333636363306631373363396135396635
39653833303562616233373963653339616663383732333932363764363038323432633931343537
65396561323437383435353535636135316638643930663031663762646165646136646339306264
63313136636231373234313731333732306363373836353939373730306535343933656531396139
62383739616337346361366165646265376532616130346438383434356333616235666534323161
38393735336533323263306637666131386537653835383762623632643961366638323732386563
38666435346633303532663561383661346330663463656631346439313030633363376262616331
31306165363261663739633931643338363037663037653439343831353235313062373138666261
30336464336332323762383638643834656564623935643062353465623364343536346330383561
61323332306333333664396137383030353736656537326132636562396133623265346234636535
35313239336261636635323039643933383466346135363230326538666364333164373365313462
65613364643166626464376338316432356561623662663539316638393630636564326233653965
66653933626335643031653535396363373532323933376261393861343133643533663266643735
32383931633261356465333166643266396464393233343239616430633239636634643033333066
35346266333034313332663631323537386264373562613562363732396661663938656264393863
33353763363434336561643133353439626162363431316664666465303231613461666563666632
62313565623339363231633865333761376662383637623832306236323661616663653935393564
64386134323563653634333338396635643532356466366530383831396264653239663761633531
39376163323433613731346166336535356564346266613764303262333130323162353033376532
66626462383766316638373161623633623335323166666163626162663131653262653231393964
34393937363365373162653961343234623965626539373539363634333864633735373134633564
66363066316261393138633764623036643036343632306362613835663436303533623633323635
32616336383731313830663864636431633131356635313862303134646666336135633833346634
66393630346139656539613261396335343261333530333831666635626537633230656435383432
62363763653231306630313966626665356635656461383863376562663832393535626334363062
30633337633138343365383466313561663633356532383062643038633964373765613539646237
33623530643932653735363262373862336535616534376239356566653538626438663832336137
36636464343039633732626138623734323832373631633664323337646437333363313261343733
61396538633834313262613731613734353765663732396161633161303135313964383830646130
37323163363635303162383632326537353839656236326633633766653665666439663962333762
61346433613135613265383939323332336338653430313939363736356432313636663739313437
33616336626431353635336434323363303463633036643130353531643064363639373134363462
62666662316439643631393431646430663734633762303266343138333864646666326166303434
33393535616664373561386137636366316662613162626433393036333030376535366164303664
61346133336232346534626561316663616464653961383237636331343861623864343562366663
37663235623934636665383862636230663335666262306435386264613863373033666336356237
32336665373764353966616664353432313637313832643939636164666430643734333265626564
61363736343931373431396236363830333130376663366262626235623263326632306430373266
32346130386532346334623133303362353132313938616166613866396361366335626264346461
63323137366436616265653630333265353166366534353565666533383561643565623138633463
61656536393939316630646235643338386337353639643364623766376339383234316635313330
30353864373539353133636630316165326432663763343831393237393531306438613162633366
36656130333462323932393562366133323535643633313335313266303937303437653766646337
38396264646137303266653438386364303566396363643731393533323561353138313434616330
38346463623932653332383664363235316163373237663665343737333131396137343331613330
64323061303361346464306164633031313364393534333335616461353230316536373163303866
38633336366434316363356439623761303030636432646230353065626136643936323032376162
66626661383563343932316662383865633434393538616636636233623433303164323932303164
33626430313237633565623662366535666136356536643335393038363737356264636634376263
35356333656465666630326462396337306531376463373362393338373961323164316135333935
39376366336561646562373334383430326466633235353864653033383364363662313432643235
36646632396339313136633465336366656431633264363834353964316233613232613533303965
31343837326336323437363432663635643565346530353232396166653632386534326662323530
38333363346366633665373063396362396533373963313266653935376566633139363138376639
36373236656161613939353565333430613066343038613463663432326263336333626535646466
63643335323938613836383763326261633734653164326362666162653332646531313839366131
33366238666437306362666638663433323739373635633434323538396462336133313965643330
33613132393830306436666536633163356237666338343535633232616464663435323663643238
39636464333838626366363437653232653465343065666130393339356630353032383530343162
30636230636331643961353064396635663564646562626233323965636638626135666131356263
30663830623936343263623161333432313264653037333563396666613737353565376236303934
38626638623833356238336362313465373231386233643131653461323931306137363331323834
37623637306237363561636166313839636262383530646661656131336239373031643164633536
35646162333562653336323862373963323236363932396331623734613363393532626233633865
34386637623938353937376231306237373735653236363637383938373938373434663336323937
32356632643739343730303235323832386463396134396563353637623935313935366565623830
32373936326636333133386330343433306132663437306135323964653236313631633365303965
35656161316134366566616164636238376434336534333137396231316133353438393337336261
65656661363663373434313361663062373964643131383862643430663334376535643737613737
30646632633332373665333739623766653837623835643965616339646465356365393566636237
39313862656232333666313463623139353265636162336536356563373662366430633534626362
62316431373666336235653261613538626233353230316636366363343863376539636638363436
39353530366464383831636136663937316138616639316663643066373732656139356634356131
36653066316564373531323139366164653638333530653730646634623733306133343964366133
65313637396666643338323434663532663135613865393563656561656436326134393361396332
31656465613130623435373036396461633339636130316236353236636539343861336333626632
63643134656636633035626332353234376663386162353766643964346630356538
