$ANSIBLE_VAULT;1.1;AES256
61616130656163323534613935323835343033613730343334313138373639653266343564666337
3235633832613735303539306263616134646637313965300a626435303330616565393238306631
31316534363562343538643939373933626133383465346631303032316432376137323861663838
3239376335393333380a646233643139323438366636616262353565343133646634646262386635
30353036623831383964323866636633313863623530303839666339326236643939653838303164
34613932633031383832353139366363666630316162636165656466636639316630616336336264
34316465343333653031393866636135626231633565366234323362393565656263386534353161
34663130386439396436653837313232636138383963316639383564353235613730643033616536
66396164616335623738396239363433373762653864366465333065666433663363613731653735
32373638653435376633383635393636653932336536373435613661356239643337336533356165
64643761323638356362663466646334333230646335653362306664313935363130376262383866
37323061653464313564363433646563343466343236376638303831353538356363613439333562
39623865666139323762373836393464616433343866303531643561326534366461356132646164
61306532313836666233653234356333633864356637363062643534656130303464626435623662
36653861653562623764336361303333373862386563316638383137373165613530313865663437
35623233653463656238366231376238343237663962303939366563326432353661373037383461
32646434656162393332383437383866333437386466346334386137363330353537393135613662
36346533343730666530306166343163636333336536643336656433666663653032326439316632
66633137663438643763356164323065303766373335346139363938306638366461633463663239
32356237383832396130313463623433323064396562363165336663366563613066346238356465
63336464666364626362613532396437646635643632663738373839636263643538326165303234
31356334616465396261366231653837623231313638663734636436376436643963633536316361
32633166343337373038643631363133343530303261353336373964653165636163333662386235
37636538313461393234333832663537373064333937633439326631373536396238343834636264
66633331346363323636383766653335643233323563633236353862613835666665336536303432
38313462633264386166346630336435343162313562363636316230326238353533356630393238
35343064666464383265666562653438303731623735643832663639376664353738343131666533
62303264663333656135373562363539646562336163386132376565306235643436636332643138
31353130396135643761356265313065616265353535343563393239613863346434373639343264
62353538303337366134656635323837373139376439633939636534326664643237316234353332
39323866306239326130393761303938383266633633353238336261323664353866336136333461
31633563356561343436613961343932393738633634346134623132633763393335623930313731
61386239393662346230366534663063393135653030616339346333643935343161386661323534
62343134323038303765616165343961326330636534383965383339303639626237623963646338
65636238343334386338373864353461623439373566303836323964336639663332313037396638
61376439323665623239663463663339613732343432336564623234323662343763333464356561
61626534643535653035663831303561383936306238666633316130363538363931386164346338
34346264646331303066653235316139636537386361616630333661306462363136306332326430
36383764386135366333613166386362363063306437653437663433353039323962636665336164
62613564393166396335646565366262306263653130653165613764323238363738326636623834
65393837613831343231353931626362393039373361313563376330376263316262303263396462
33613035393362303731326465376334613466333664356533373538663935366631323065386661
31306137353134316565323038303930376263346238303431616533393831353633653830653036
31336132313835393566313731383431306534623866383565616265333430366261323964333361
30663239383338616339363932613438653031636239626534646162323936303962356335633365
32363134386137363638343562303434333763623037323432373830343035383335666166366433
36653562623135663732623739326364316265656533303763336137366138333430633738653065
36323232346564626565643533656266326430376537366538333564376664636232303536626365
38303761396666343935323562316236353139653530333831613039323166383939336637356365
33316432626565383763356536323234636138396433336563306561613865303930663239616330
61323463353039326534353539393531636338643566656134373663353065363338376565333963
66306565616533373931646161343533643662636666646438303861343730366434366133353064
33373434366138363566376233633666623863393338346564636635306630663836616566626434
63666430663065363030313735303939646561303966343237313831303261643437396238663736
66313833343462386635396337393130333561343039643435643466343331363739343465313962
35626264626234653634343064636564643031383663346236333930653337636535333732353839
64656437376430383864323864333532386631623361646234653135616263613661393334386630
63323333363461376333626362333538333238373563353061623461336465643162613339616534
65373962636331666665393861633662633730383839393962343233306361623361313662636438
33323563366636363834313532633565313862396239353563326436633666366431646439623038
65386463613534613538336635353232316466616137383532386563623361653064366165666135
64383261323466353632386362393865363765323262646361363636393937356161363633643261
66316363393737323333373935646564613434356635646438376434656133366666626163363233
64333761336564383662353063656265346136326438656238373762623764363365623533326462
64613764353539336463356636653763356232613234326133376163653035313362333163373833
61643262306161353332616565626366663764633436306439633932353735323564363065633439
63336462653931333333663935363164653838343433316636363961663663353736343230613463
64653638636433336136363537376465633663383633656563363933333464366137303062633164
31313433643532303336663039356232383536636439343030333439333635336166313164616434
64643339393834623866383330326331666632383363303633396131303139363961623433646538
38326430343533386463663132656563386334346331653061326130396262313538666438346334
36653262393739666231303834643766393035613839363839633232653933313937643733633431
39353032303263306364313966343633373832643866323636363366303039653735623532636265
38633437396163643030373339343736326234373534336638356334333330353465366563373935
34636234623931366366646135656635376664666637613430386631316664303232636562353262
63663636373865353362313263653338633636653163356432383361393236363831336333323631
33346331333138323062383763386236336362393931393862393531643332373466336266366236
64363833653262396333656162316631366636336366623933343235633963373465616166663730
30666562383435343136313864303730346635666162396537666261633830613230353364646563
30323865313637633561386431623766356130323863336533613730653763383662326566323464
62343661373364373964653639636335333031336162303832663239316466616238333736313961
66383164353830376565653531393561643438633565343463383339663263613366616139626563
31643464323033353232346431336638356366316361643239633836656133336237343961356464
61633762346361343366633536613237343937386661353166613630363666656134316638343033
31326365303366383866353430346333616666396337663062663434363930363831353538376238
33613366316336333935323164373465393063666465353837376630626435636236373165663339
36343162393131386138646663643034313631363732393735663530376262343635623637363165
30326533333133363636623137313433646462326566663834333962653661303239633135383938
39646531616530636235383432363132393135373831353864366533653966636437623935643634
39663039656563393263353634373137373439646261643031306438323032633761633366363566
38363763326239373635326338636431653761613435313964366463366536356632343234343862
38643231356631323465633465326538626266343865363731616530393432386435633062633434
65376133646563396131613933353962633164393666616562653838306637386337373562636265
31323864663534373032396436626566323337653935373232333536616636366539613331333334
39623931653962336637653134656432316337376438336530623763303364376663636530376663
30346533616334333963356463633561386631386639666434616239643736366231663435633738
33386631316131323931373436633031313939393031656665643734336637623161373165313765
64643833613862333866663631616137333935326563376436363265336637326336633936643733
36393531653563376164653834666163373732616438653834336130656632336537646564383034
39323065373437393962646134336564346537633131383266646134666333666664386434373962
61313134373535393261663438333162383236313736393631613439363930313533383336623263
32616230323336333436373134303632313563346262633535363838323564306164323733316266
62383337346665333233643235346362656331613638646339653461363238393161343432376232
33376633343263366564343436386134656133613862633631343762306331393563646231373665
36343531383438323334373065313164333838393462353363616633323531343533363566306231
35666665396566316239393165663135633463623533633330363766356437343861663330643234
33356134616238363034386663343461646231383237656336323964326266646137376362353038
36363937656531653534656662323136343164653336343039303139386564333332666164396663
66326131333333663761386237396531343865336639363239643231353432623966313439666263
32303336613030616338383266616334386433653333393063396263373433396264366335666161
34353262653766373962666434623861303132353162363666653331646166393032326363363461
62636461393131396661623136656337313365343163333039383261353037613064393735633331
31386535613233383438343665656137353066353361303739653664653765386631366638383434
38356633643332333162636265336339323537393536356164353862333736656537336336623134
36633262643761666434613362633831633933666439643430663361616461383266616536346339
64373565646465306439666164643734633733653730366333303062333832623333396537663332
35323530333432386465366638353634316365323038333663616530616462636565616630663932
63666365333930313137666364366636626632613638323533656638383937396163396463623636
63353464393434666665653633376533393233336563313566653130336232613733363638323938
62393562653536653237363137373036366463336531323735656565383362613135653433656461
37313832336462336533646438363830323963333838303862313766323835623737356162363930
62636332623236666536373664393435333532386136323665343433626335623065613538326332
36363539383435383565333435623837383963343034386636303034613532303930303131623536
61306165353834646133363231363330316238386136383530623339373935373331343936383636
63623738386138326133366532643538643065616466346330333861393734616366613265366637
35363235346133383535393764346161383431626162666336383764306234643534313334653933
63356432643436336138623035663263303136336438326331363231336135623863616461346536
31326632376133663865623234353733343837336361626439633639353338613964323664313230
31323935646336336266613039333035393263326331363535656236313939343066633763653432
65656562356339323038663463646539656632613535336661356463313663363836643231363435
64303635303333373262316430343235303936643031313232656434356166663039326637613738
62656239613136356162393931346533623139373038383230346661633265643133666639383563
38323234353330393062323863386537363762323363616438663732343230306464376465393330
34613762386464623139613639333335653534353834346631653831366437343933346339323662
35316230373165363266386161313466393661646465363339313163633733376134336332333639
32346137613032333665303438633737303661393263373931386537613633383361383236386162
37383565363365653736376538636333623037333864616561336237653530633662623263346462
33383061323165663130353935363961343465373465336135396330323432613039363533653466
31316231376332316337363633383263346637383138356331646230383632666230366461316330
39623866326338663730346439666138376264346162303532313463633435356635373866306133
36376239306163363538373736623434363734643936326535313531323461373261653637653633
34343230663630383465343261356231326337333333303639623436313063363663666661396639
38643337666264636236323337383835646636626165326165356565666632336438346165393837
66333130313236613935626132646234383833633934336265363761656433376333366339386635
66383366336238653866616332656536656465316261306363396636646131643462383832653137
62323530393233353161396166656563623733323535656466376133356336643036313665653965
31383032313135663535373864633239633563323239613036303765376262326262383962386135
38373861383537313837336662643439393864643030353735646433666239643361646636316637
34323430326232313330386362326264313832653131336430633237663261343735376464313537
34366538326562616161633366336165336161336436653330343262646365343263313431363030
34333963616466333730323736306335313733306266343964633463353666373464353438633236
37616231626135643334316563653532333664353633323938313764313538373361383737636433
30303535626332373165656331353634613835393365393866613536663433376330343264636561
62663436353538663336633138643836613136633662323034336433643663616661663037656265
39383735313637303835623934356135663239373435366138336633626237633864306432613238
63633963666639633937356463306432303131393339613930316261346634376534643561613230
37643864633839663537613935313635656566613335363535656661373530333461333431306366
39346630613766363337626334653364393937666234333465353834383063333337323039343763
39336232373135316163616232333234346565373430323962393363386338303462666434626566
34336330326462363534663538356633336132383266313165633537343236323332373236363261
32656565333932623931326462623232363066383563313636393334626132663762376636366666
30376531636138313233346630366630653232356539323332616561333134643838333965663932
63363436333664343432653230383734623661663564303263363633666565363830643561626439
66303234343266616639643936396132383839373734626238323161646264613661333531323538
39373434376238396462636433656236656262323931313436646433316361313665653030326362
31343866356338313439346435373839353565613462303238383537373961353361333837613138
61396632613662333965313738383433303330306531343335376136653632653136623063653131
30393864643264393366306230363333646265393831353264333330383764373732343231343139
34616465323466343666376463316439653465373531346265326662363963306639653037323035
37306465383633333265393661306433636533333435386435643837663537356430656263313937
61356534626537663938396566376130363232356139353932383231353536393563376263356463
31353866616239656162333162663638306536633130393137386166363062623338303130373437
31333264633863333630353734393961653462303163336535636566396363666666303662346632
6432666161653062373534633236636562383637316238386665
