$ANSIBLE_VAULT;1.1;AES256
33383266306361363566393763663366336630346438326432306136376566623438363732623136
6535313362366362643631313537333666633965323864300a643066366265303339613865646234
33616330383738316632353736633266363864613732343937313039373766613331666165383838
3265326465333066620a353236656565663134393339356364316335386533363932373364333736
35343064333531633036653134616566393639393461663333626564383165343466383836653162
38306163316236363131623461306231396166383939303231373661633666393338326563383837
65383334393261643538616565356262336666643061656333363763613639383537346262613562
65356263613934313239643837303165623833633039613938396262386162393930633830343432
63343864616166323761623338316636326164376565353864366335323234373133633963343137
30613635366365663036623964376236333438666238356639653864323266323565333439383762
38373531316630333966616535346135653139356339613465623366346638666461343465656261
31376566323437326539393763656631396164396631303034643135623662303435396662613538
61663065316665303062633561666562353464613238383536396633313737613338346233616463
37376263613832356633623163633931353062383130626463656266633832343331663437613839
38363261343939353962303939336165623132373732366662643932353065633765653837346536
61346434313731383031303264326333386439383162393834363038323862363538373362363730
36316135623131313038313235373166396263313865366366643436646530636138383235616138
33336235646662303232663232343135346665356165626135316233633730633339396337663331
65313439636239653966643034373763396563383137626234386437613264383439656234616238
65633137636561643938623236336234613534343038633633643938373936303063353336376662
33633033353337303335363966303535363437616365656365316633343464346332633238333531
33353766613931383065653935613637653136373963626233633366316334303538396635633530
35373066363466633164393931333733313338373836386338336631313462313735396436333937
64656636366337656465396433316665336332643763356634363435346664643762383530316139
62663536623864376634316432383531646663383264613231383037633562356463316563313732
64623664333032376364616664343933383937313562303435306261323862323466363763396335
33346433333732303837653736316462363937643136343862353232623432343633323638373437
35623930616336323865353032623965383033366661356265326336383135623436636537616565
61333566616564613862343333323031393630333137613330383137343064643962626666326330
64313862663537393164366563376432636537323635383331393639633463326637343932383766
33323766336335383066386634393466323963383330613035313265666632363861323830626233
64646138343766343334623164336635613666373037636265356134643533623636636638613735
61316362386632346434356563643634376663336336636166383336623237306132353438616530
65316438336435643333613462383232313731306334333132343438616136336434373834386563
34363932666535633338366561353134636164663561346532353631343039616335353037316133
30366230326434356364303230656561656161366438636661626266363162393139343935326161
65623731373461383930306438626331656534636538653636386139313933336638653835316437
66393964366166316664626633326163343764343564376637636333663865636132356362636665
37623136313138663862323239656535393735396231366337616438613161613235636336326663
39376364333932353934333036383265643666386165333963303338666633363165326164313933
38316231333235366262313739333039316366316161303063626562313036623338333561343065
31616337363964363362316666613165383031356562303663323736653962646163646133306565
36306639666164663538306238303964393239383638653833323465346133323961653238326230
66306537393833633331373534653639326530333263393034373039656663336565333334376135
36306236306664346239653064633464663933316463306233346664386336313863313136333862
37643439306362303035313930386663303633636236313530663537333733383739613761663430
30613766653164643165366661356232363532633466353235326332376163666238663634386363
39316266653236396131656134333362386565373333353636626563363563373266373233646664
63386631623563633963363035353131386635373639346364366435336465663738333063396465
37643664653933666364343132333635623864333337393036623938616263313738373964306435
31346433333239386664663163333437376664613037333433623037303363346166643763613164
66653831383562653630646564383939333562356666653764383563613532376664653138353837
66623663303464636262666235313838663931633363376633303462653739313034373535323933
39636366386434333264666566396366393661333566623532323230323665633635313063616137
32373633666134623061633931386330353730373966626536613333656536336565616336613665
30663962376130313737623331343235633436656233353336383339353235376137623435626332
30643135646432386464303963306534643635643132333065643939363036613232623263613339
61386331303335383761663837623039393635313037656565656435313734323331396665643839
36333164353139636664333166393763626130383436623834326561666465646335346639363034
66333961633265613934623966366264316564363161666361653865303931363031613938653330
64383233353339313536356266613533303334313830353634323561396336373637356264366163
36383134333832626564623064303062643233376535373336646465346266666363316364386533
39306334333566643235336464323938663238653561363362353161666464656439303564633332
37333931613139353861616630383535333165376439306564666537383162353136666431653131
62633461313531666364393732633363316162313964353430333935613262333035353431396265
37626666353863613937613939323866303930643430623036353330643363623761396664333737
61353163653637613333343163636566666363373732326639373032303539363731666466333232
32366133323561666363363265396533613133633238333636376366643661336666646135313066
38326139306536373836633035346330613364316534613563373030386130343530346137303965
37396137306635323663633035306664333738386134366662363930376330386636303430373163
66383761396538366132353262373564383535313238343631346166343831323066646362333766
64313466613162393836613431333739653439656462643730396131663538383835653038613266
35353434323861313233306633353230366234333365383431326664316536643936396339343636
61326639376139376438316435666266336466613363323536313563613961653036326632306532
35313162333366343861396334623464333162343465366332306563613938303832383433323436
63303631643837316334346535616361366331653866303538616130313533316361316335636334
30656164616130623863353833383835376236386661653063306439376661363430353239313063
66333934383439376661663539383139613732376532373761313965626135636138343265363630
38653262616138376264643966623066373661303138363133663530363561386165636638303966
64653830333339313164643938653937616164366534376238373435643962646138623335623061
38626438623930636161386165353965633939313565633736313762393365633832306166393239
30316161383065653036366230616263653839343763363232303865653935613237343563306665
35363762633965306536303738383062386332346165633339646431653565363464383266353238
62653535643536623938303637396239343534343237316434373036303436623130623633376132
63343839623334386231333834346265353965643363613133636166323530616162366463303836
34376439303932323063656363386438383433336331633135366531343639623865366562643666
66393033616562353939363262396132366634656464396261633836373535343231623836636436
39306535616634636636396632306436316339616133363732323939356134383836326133633030
33626430343961643936343131373661373465313730366539653166376434393934363665653337
30353362323631356336616566633938643936626338363638386630663436633164316561316262
61353136623461623931653636663962333864383764363832643433663538353663646661646361
38353561396563616263326666663534643763393935373339643564383261643835323930663635
63633437313932346365656462636235623130633061623431633039663330656539353335633230
36653862373331623066393533656131336537383933333263343361336530613731343365613236
39336232623030663239363564303939366135333635666635613665643337646639636633666266
39396162343066346138356635366161643437356539386131356139666139393939626639666533
37313436336537623930656165636163383264313935623164326434366262376663646233373837
31353731646564373536646561666333663539316330346438623431656665336137356431343839
61636266366139666361633537303330623739666331626539336162373936356237333535333438
61633537633634343465386364633631633538636630313563396662643565343239633636363433
64626331333861613839356264303538343433363136653630626135353861656235333739363930
37346362653066353265373233633333363764643961373739653663653337373866306463376130
37643039353934303462313863646563393238646631333735343262373464663865663563316132
32336138363439303334303761653866393066616266343933333434623262356131303039383432
66323531623962353130656462616566636436613336313863656133356236626634383534313762
61356131303162363731623430653530323064623262323361356461323434366262663533613737
65383866346133333738313433303936353536376432353835333961616566386366373533303938
62666239353130313262393564376163646662626162343061623734313861646430313265393234
36633735666362363636626664353436346637643535353534663638663866383437353939663037
62626131326336316430353132393762336661653964346130643139636338616533346165343335
66633330613263306234323434393363666331663864303830613166336534616362356138646666
32343133666661323137653364393266396166356463613830633137383430326535663135626162
30633832636639623135363133383533376266626665336462346230353736323762363862333634
64343330663530373033303038336633376361653338383231363435656663616138386663613865
33353538376332333938386464323866333761643265353937393733353464613732613932326462
37666530313139363831626534346165663964393238353466346366303437643836353063386535
37616133353739386164333432613963656334393532396439343961313061353438356462313134
65363238333531363135343337333032396234326631646530666530383837383864396532613839
32653239633064306434653666613332653666383635666163373462383131343931393930343063
66346562336239306335616666363439373235636431643365633333303136343862616235653362
33306564353865373834353466346530303332323737646337323533363335633130666365353939
36356562626165613636363064386238383032376535316261373864616531396161343766303030
31626262613439316562306232633434626166633138326464623539626266303539333035663066
33306533663864313465393039366230623539653261663364656564386439373635303236336330
33333138653136303462396462383136356166636364326636663563316266323732336532366262
38623866656261353635343532336463663866346237313663393332663763323532373537656331
32636466343865633730303736313638303639633937613961373965363065366636353962616465
30643362653636386537653665623932356262353639636463316134303134643265313463323736
31616266666430626330613530363161326339653639633863343466666338333564333432613737
32363738643362333164663165663365663561663134323831666436306363613161323131313537
33383665643163396132363062393165656635333036313738316638616165333630396539303362
65343235623534346262396663383063373562343565323836326364346335363062323534613639
35326131383461633737303537363765633032306665643736623234393966383464373563313563
66306131386665316338373831396234643633343362346563383131663966653532333631663131
36356262663639396430663430626364303363636433653134386331303239616533396465393532
33326135336564646136316163386438323633353433343135623538646336303430666339656466
65343932306262626330393765306531333433633736313265326661373162383266333661626338
37613031613935353337343664326333366438383666666230663831613336386661663736336231
31393336336263386338386534623331353363393861373438316130393432613736653963646135
33663431633234383866366665633462323637373161323039393530306339393533656236613635
30343036383735396334663830386334643334323938356237303963313433333236643638316632
62353265656632356235396464303530356235653832616336336139376233663637633962623535
64363464383031336166383332333237643164316561353065333735323238363439303665663531
61643330376161343661623863326361616262303432356131623931353661353236663264316338
39336265303365353961346634303039376533626133613031633830346533393431306132353135
36346337363463356135666366363762326162316539326239646431633261353132353531313739
61663730643930346161356663313265633038646137613061643063326433646561373131323761
61333561666565306337613961633833323566656461643730346236626635376139393139353931
62383066633864353461313335363631306632333530356432626338323766363935633961396361
66326166633464396636396338326162666365373965303437643130303137353064646262313565
34626564333862646434396433333534623836336535616434303430353130663735643430306665
34626431306635336165316538393662383031666637383762393834346638643932373262343038
31373462363338616232613536386538323864376438373530623266636331623162383738643736
39353637366531393333666261666161366531646237626664633235326436623461386438376264
65363238626664366230386634303031663536376537303238383737636166336637303033306262
65376632613939313831376532396135373739343535643463636538343733623436386138336565
30656664326536313261376239366539353964336266393237643133666566346535613932343332
61396163323561373931653236396632303439316534303565626135356132316435346161393131
35363231363737633362666163623131633730383235666266633563646333326531383662326138
35386537376436383038376462616462373938303739656263346238303431626261373062366239
65323935646261646430343235303438323366636539646437623137383736313133626339333133
37663237613633623862616663636234616530396661623962363063646532383962383735623966
39666666643539373131643933376334323263633765316435353166376462383462623362613665
64616638346166303032633136656534376133616531356663646136363330303961396362313765
36616537343135366335326335346335616131383734656338663136353563643835653266343139
34316265333930313935636665313663663263633139333963373439363138616633393862383332
31383861313137363736363039663763383335303135623964666139343334613437333064663434
63626233396363346136623862636137386532633239613234623862643561303234313132303765
64346261356531613131383362343862303531356332346563616165666135393039646261303737
37313533646632616637663636393434373537323464393461356362336262383730623035353139
36653838356535366138396666326237663061633334376435623931333137353737336433303866
35366263633938316432373937663334356464323439393938306432366438343466393065363033
31343561353539653731656566326633346162613362383537653336333237313138
