$ANSIBLE_VAULT;1.1;AES256
34346463636337393664646239363333663864616166326334313032623361633334653036313565
3331313739373330663133313332613432343736616564360a646339353738626230663765343665
66393834616366323261346461393132633761666332313331303233386164643932356162666162
3436353233663061380a613436323537616330633562643565646435623564613030333630633636
35343135323366653430633061666233336664616339326665303031316661376634393738346536
33343636623132323031633133313066336166623538373166383836343034636163363332626633
39633963316339386361343439643132383361363732323466396630323137323639326634636161
33353037666666323461613235613036316136383565626462373532363737313637383137653430
31666638396264653532363636666138363432613034343563323036626263386135383439313864
33383166663833343130666535353663623835636666313731313866653531313639383338396561
39626264366633306232613132343730623666376431386562626361376232353862323731643566
35656635643161643133313333346539353034616664333339376337396634303261653066613533
37623164363631316633613730323561376162346665373430663730613733623435373863373365
62353536316262346331343263366165376234636265393333306532626166376230653363303533
61326364363961636237353062383338306362663961383734343233653532333264646364653366
39343439316331666632623265653235666138663337373434363462326165643335633130656565
65623061333134663237666361623736656531356365643864316139336234633265653964326336
38636233386231643731656262623133346465336536643139316164356131636332336665633162
38323435663931613435376334366434383737313035663830646233363434313761346266393464
36323437386161663336323237643837383833626163363439393032353132386638633765393366
37363636396261646363343033313939653937666565396666623839353439313138656535653162
65396165333734393236373266336334323739343864633333643630393639326334663736643063
34393537633465663362623237613764373838393164343939303339306530393535366266666266
37306262343466636238376438373265633936613164303233356233633836323031653262613131
62383165343232386461636466356439383931326637663666616436626339323064373931373661
38353161393863646463663432366638333834653238633635653233326435393966666633383236
35336137323766363832363666373534313431313237663735613432326136303930306230383536
66323566346236353437356335333361633031373635306465643135616163306235616130336535
62663830656338653131653966393535653539623864323561303665646332323065613331333634
66373531633562313030613737666530303562366532396666346463326662653664313130626261
33633666383438373633316564376132616362323331636232323063643838613431656563623937
63623230333937623931613636336337383366306434303432353130666265396533616630363866
35353062656432646666343437316535626465373039363663376266363730616130643833616234
65393931393234616334626461616238623935623239363335633535356661623861653862376436
65366438396335646464343766316262623161636530623063623334323162306632353632663337
66666130303761353337343832353666333537646262323662343439383733643638613037656163
34636662363265383964373766366162643635653263336162323331343731323961356131613562
65306266326233626538303464306163663433386461346132396366393332386534626563633832
63353866616464653336363535353134643331333438336263613664343534643865343566623936
66613432616632393735666662326165356531306165396432326666623838633535303866613264
33653461313663386430326336356263346135356232313938613137616539633633373538386339
35343333396365353031663562633033366238343639633236383334396133373636646139393734
31333138303230323162343932313336343963306165646361613836626437303838336362633232
65366237653638623835373262343433653565613736376166373965653661363866353165363562
38373262396461653539383436653730323835643232393963663463303638616633663165643234
39316437376561643439643439363639633266363331343535393337396464316261313937306135
32363164386636356134376665336164373038313433376334333461376365343738363865393265
66386533333934633064366337623038623639633237393632613434646233393666353636653739
64343430353266396436653162663664623966653063663463323264373330613061616638653633
38316262633136643838346436386338613166633562363433623537373065313761363138373965
30313164643465376135663937663534303136623137663365333734356431383236663534326330
64383462613239343061376330613263396361306132613931303037656435653533363261613738
32353233323666363632366236376633653237393334663539333235363865633063313339373932
35653130333262353866396363393336626564326237356534353863313633626165393036613966
61396339613735356463363738383138396236653837613463343030613932366232623636363462
37313361353130333262363035303038356332383065646639353337343665373066616262616232
63333463323338323630386235363432316464376432323033383261663662633636333333653464
32613236623261666233303435346435336438616665386335626439366665353464356330383836
35356336396333613832633431653665316266346262643537633761336130376330303134303539
64316632636665303564333238353961633739613038626631656135313633633863633532316162
65393139633136306461306163653963656166363763336230323336643539613337373234343664
33646533373461373031636231643765626431306334386665656131326262656339303762653233
30363935643237613365396538306362623331653161656231633436366633363361626235383330
62353165333066363764636135626532663339376130313736633564373530623461646637613562
37633961306539383235623364643463636430636438623039626633393861626339613061626533
66626264393763343032373830353432626338643463653066376662323263353966303535343563
61666639623032656366343161363831353533356136393832663635366638636130306461363837
36353163396234326534616266633739346565343166396634366662336238633138363361343130
35636664633439336134323930663535346437323734383132353536613734313461316366323531
30383433373562383839323334633834656264343935353063643231656564373939313235373738
61386134666637653132386631386361376563356466326234636363393462656663663430613135
34333362386535383061366362636439353832356435666334623334316565363164666566646138
33623439313537393564656131666335663561633666366430646336353463333761623861353165
63373339666536306530303164623062316339396664386236386161376237316566363761393335
65363031356561333766643161353538636431356662306265303065326637356535353233663136
61343861336437333036626565313438656533323666376466353538306330356239313461623163
34373733623930366537346665383132663733383066363861303666613062613864303665643965
66643835376638623132333133303564366464623431393561663234633662363566656131353864
32633730653063663731353964663830663139373166663936353666353438623463313465313536
36613031613237623332393937633766663562663239373165356165326261303866663165633661
39626634643635303263636331303733303834613931313235363235356130326433363734653930
35373431393465663837373337353236343161353834643364346664646562643832386661343830
65333763386434613936393132366635663665626261663266626630626665343038336263656332
30363239326438353336363233326134373933353364306366393334666366613761613730663763
39646236653634333362306631626638356234353930636438636163303163373739336531316563
38616138616334663434666638383530333033616630313966643632383735346232396561376533
35393566313333353862386538323664666565346266636265643064376237623636346535343731
36333461343437373038653934643235656231326233336232306331633630653266303532623031
61633434666637623961656436663266323263666435323135643332666465613165353862356437
65363238363931363463646131306138383434393237363165383766663862336534643639313535
63323135393862633733353235396338323238626535386235343064633031623230356130363963
37633932363562346337363666363830326136353066343466646333366462613465386231626566
36333361363264633564646563373462613039366437376433323165336332616662353830623461
37613537306535386136316666663937306263303065313031393437343766623532303332656366
66616636313337613830653865333638616638383939323666643237376365666636316531663837
35623766366563313939303664353061386533343364666638663638353030373064336265336532
30343063653364653038633538393536386461656664333539323164623263656231316661633065
62613663373365313164336237323263333932616435313262366537326236653962303961393263
39363465643232353335346561373931396335323537613366306236343239333665623264643766
31306130626639346136336631666632653437313466333635656365363066306365323634393536
33316334313163616138396565646432666362623862383565356163383061313236653965343732
36333833666638353266653964653231613739343339633632303938383131396237306464626263
38313031383764336538396331323032376530613762646466383033616366303464383734616138
35633134613165643666633836376364626663363661373339633437613833666139623865623063
62373732363438383231656261326163653464666465343662653431366330643765643664333936
63333839323962393538653435306635613131336339643335333866393438326162363162383535
31333539303630323738363062316237376231323436323365623562653565323436653736633263
35356563396137306235353237346261306461353739616261353237353366366437623164663734
65623462353633613665356336633037386334653336393730643439366664343431383130616233
62313030383830663337313361363139613833653366646166333963333737666336383430613239
34646435613332663431363731626264656230396436333135386434666339343939626362663630
33616331376436643836646136333732376366306632653135653337356239613964613033326165
65613435373662323132383861656666623834393863363362363261393532353166613730653737
36353232383530333436633535356230373630666464363462616330363866633033353764356265
63306336383936326161393162663934313435333334616430623437323331353434663533303438
31613738613535643532313635356661323030623864366132303961386364346663616635663164
34626563663138373339633933623831376135626438646366323134313539666537646161613263
36383134323831393137323036393065386136653030393861386635373130623135356464383034
39383438323561376566316463366261326462366163623264306635616363353135633662656333
39633761616362333735363132303039636434346339626230383064626130353130626565303265
37653731373664303865333439373930653132323865333761626234653262333266623032633131
66303632333161643335336562626465343665313466366235363961623136303638646535636437
38396230326238383036336539383264666136656534353132396266306539646563653935613939
38353732323434666230316335343734313261643732343132323465343939353965366162386533
35393534646562363138396438313963653765336334323730623637656365306462666137313362
32376130346465386335613131646335343362623433353833376563626437333661356365633939
61663863633737333232333239653430323864323365323137616632653366643139303666333738
39643663323664656164383430373166336231636364376438633363373733323263353038396165
31323930383732386239303463623161636136326133643334316562356263373661343733613665
36323038343937653330383139393861366263666636633531623565343535396562373733303564
32363361363732376135656366323033363131346537376136636363653562666436326239346434
37653763316634613262383563626533656262363731356338626538356666643564373937336532
33323464396437646630383538363937363536646235626363646363326534306463666532303361
62613130333935653434313638616636386237373635346265313734323764363334366431353664
30613831376166326530363361306139353931346664383361663362313131353037613231636436
33333664613365623034366439396664633631373761376162353966633038346234653032303930
65303163343563346366393130666632306365666635333466326132376333323034376336356439
30643130366631663638323965616338396264633266336164383063303434383264353264306663
65643831666239396566343432343739393663663837303466663835316234663566336564616537
31646139366636626538646235383834353237626539386637376562643265336136633338633565
37636233623932303461303334393730656339396564386337666131623130393361636635666336
63663436636461636135323239316165643031666564646565366337656338323261333039653732
62343166616239343330306436376461626235633931383263363134653735656232653230326164
64316432333638363737363730396435396337333464633837633038623434626239386338373866
33356637663139653162396462333561616466616139346163613232336466303064303639323235
34616632313338653331336336303766393332643364393331616534356439343565313439366538
32613836336231386664393734333238316536333234636537316132366632613233613335663332
37393733313337356535313133376265656462353333363964393066366630646133656137643638
35356566643334353039373961346661643261373439643564303866366632663736666163366130
32643132626465623366373235393032666232366165646464646636373063323236346165336365
63333337656639373332363535353266626463636330656430343932646566396564356433663865
63616537343837323337626165643930353430313930326136323164353233636162353539333534
30353536643163383738353562333938656465633561303633633636366561393636663566633735
39386335356365353066366438633766666430613762623336656538323335663464356265393766
35383561666362353434303365326135623030343363333961346331393932633266336161333839
63323836653435333631383662363666626465313534306663363239613232303336386631653538
39313232366161363638666134633537316635396637306635393066303236643439373132343565
63323032333030393530333762666639336431643135336164633134313637613933383231663761
31383165613862383030363038326336336461666336363063333564373335333832363265393666
38376233623336383430333633623833616436363464383034383538623834353038636434623731
64373064356633373032643361616533663635386161653763386461663038666233646364303861
37396238633634396365653038336137366364353966306666336536383936386339356638326563
61346331653938373734653830363030623632333762346238643630636434626563303364613036
37653738316263626162333336323837353264623066303461626232393662636231373239376139
34613238323437343137393761333030663130616432653364336139313963353436623261616337
31323737343930346533393364623533613662306637323630613465653561373861616665373432
36346363666631323266636339316138383738643237623033663130663233643737656538623365
36343436663030663839363566623462343966613962626434303339633465363362303034343232
64343935633662656136383334333130643134323534306236333566366266366437646239636363
30623031333365313961323262363638343966303366333833353236333663323664356135616531
39626533646365666137393330396266306136646433326438653332623633646238343064613565
36633563666433323265666366613634373037646130666361373038333539326237613061353831
66303861323238643364306631383234353833343266343239653662343366373439
