$ANSIBLE_VAULT;1.1;AES256
64326364383932363430633462316430316533323333613438356665326466643635613838613538
3735333266346532383165343233633338353234353564390a656338373139613064396466326538
30346637643664353030643233306536373231666439373464346466333064386665393437326333
6662356138326633630a626337363834633338356432383434353136643662616239303830353231
66303830646333326335666333663466323133366433383535373861396334336634613036386639
37303338643039303764383933626430383463643563303664623865323066616332343731323138
30396166393731383966313664656239623630333735336136353132646334393566646534366130
38376635383436353636363936336266363161373536653932353165363434366563393966326332
35396334653132353236353764353639313366623162646535383964656666643531666166336262
34353733303736646162336434633763656564636162313864623638356361316164316435333733
30616564343136356265653630626235626466663032346365336162643239376263346264383837
63393538363938626365393133636561623833343335356165656263393665646663313932666334
32346332663139363564373334623233626432316261353034303661373961626365623461643839
33383237363036386563313030363764653362343862396263343365356137653032623634633335
36353863633536343731663638626265333030303037343833613735343362626536346164383636
32383232393533346165326530646466353036626465336562366461326533343731376431636233
35376264343366636263646438313532306538336462663636663031633062643664613765353232
30353239353633626336623334313463353865356336663464363036333732336537306233353966
37393131633335323538343238613637346337663363346432613530333462323733613838666139
65326532373862376337626162656236646234343235613265303263636461633937616461393765
39313736346436666436363335323632653937356632356565353063646365363564626233333438
63373338643031363266343931323461356235626461353031373032306265313166353133663136
66623266373564643366643438396665366630656233353466313366353831623262663132363237
35303430396661323239303631616538383661323865303361613537646165363131333838376637
63376435346233653766656631616566323865386531316532343732306662613338313435633136
35383961303763623130383761643638633437626164626366383938653139376137373136373062
32373363386661386365656333313863303363303235333164343233393638333339613230326437
31326530663831353465633437316234363133333562313638323063376630313061623261373062
65373636626138653038636636373737646362636134613764623235656338303966363733636334
39343838303430343339313665306232313032643165346662633362623039383262346362656332
62336461633161366232396136633436653935666532626238623732303530656563643132383135
31613434626233366265376365616333303831313530653233363362373633393130646562613762
37623936313834653836613239393531633066363137303430383532366437366636623032633032
64376633373733636635353138623763666332356639623337323965366339386361306634656263
66353037333066323735663637616364326630316364373032363832333635623264663961613739
35613464613531643237316438633666383064393366306665613065393539373366383939376236
64333963303335396536316366363033393264623939616439656233646339356131343032376336
62343164666161643436396466663532326235363835333562383136393035616233353936333231
35323732393061376439363032313265303137313331376566613435393761656664326236663862
39383966613565323730663632653062663033303063393936613331663036316366316439303864
37656336646232313438353366323062336365336332313066636539623465333435643533353733
37633534303564633838393861313763313862323337393932613965393764386239363565326236
64626561306134356665633361666331326536373236313935383732316262326134333236313162
66303461633565393631663163643966613338623463656132363034666664613430376639336565
32646533656361616564646232303735376534306637653735316133336364393633653233303032
39396136613266383134343833313531353164636430396166383533626130346131393731363735
37366432396539343865343232393532663962393561616232613534323430363562643664373334
35653864633965346630373834333266373738366635353730643662343433306638636137633337
34346439356139313831323534343965313338393138323533653263363535626632336434363961
66616666323039303263646661393964616537653530613739636563623133663637646536316530
62306261343138656464333263383135313462353165633039613965343036636231643262303533
65326432333762336634323734633563326331613765336264336338386239313233373462386530
33386364636463313835353935336466303262356663636438363135386339613561343061313162
39323261303333373337323762633531323535393539643266336563343462323361656634636537
36386163393833343631373365383763363238393434373034396239643032613332353530353935
32363438366465306439633062366361623461636366643530393861623736626166356162653862
66623263353034636131363634303534653230323039643831646333326631626164646339633562
36626432393236386364656639363130666164353066373035353464393065343461666236663163
36626165653062633866396436613066343061303530383638303835626663346430653832333563
62383064323432663031373665613234316237333662393333313364393437323334393466633266
31383032623037376333663837376438663035656533623962373736323631646537626562616337
64366332663866633464643866636231313666643031623730343632623531336363323130323134
39363335313464613530663336653161383462626335643533316631393962616336616330613639
62653465326335313939306539383965363562373233663963653163396138353831386664373561
61386235316662646439643261623762623265326361323864356166353730333934323937633330
32396362626635616666383630303235303530333438616232663930356339333136363933383131
62393037626331356431393438396336623133653331393864343138336130633365623566366437
31393965623330356638646165646463643563663733613561373134646435643434366539303636
39313464343734363836363334393465613137613061386563636637636233646637363966396639
36313638396432373236353564646639353937653539633533353833656631373533643631656465
36373937636266613839396134376231616534323561366664353434336132326136646530333065
65663464616236333465643035373530303966633461323764646365326265346364666663386662
33643433663136363765336639393034316634616634363264356530373164653830313462303638
34643030383233616433383537346332626237316363636330306266636461633164313831376561
37396639333863373962646265663533323861366332393063353666633632303637343537326635
31393663653739383233363136636463333962313261616561363739353362336261313639393132
61316536353931356233343361303933346232386637326239366666616366323930373765393334
33303635303632663033353936373333306262353431643366353066376135613663363965666466
62333532323339616538616336386431303532313532616166666432663138653638306561656132
37383035663033643434643033323461623262326136663931646266393464323863323730346263
36636239386563383332646261633239646565613337353639643662336661386165393137663565
32386630373238383161346334323063326135626561636232623464653538353736623532366362
32393638343437633265383462366366356239303836303937343036376135646432366263616632
36633433353339373039333663346663626434363239313331656437333237383239353433363735
31666437343238613238313430353963616439393561663638303031636636633935303739326662
32383137666434313362653266363835393533616465303037353866393235376366306331323636
30613534646137663332336531656562393236313666326263366530356565623463373534626539
37326663333535613962653737346531313634633762393138663761323234376437643537363065
30666261653134616439343664646432303935383736636264626264366131386630353238653762
39383163653134396432626437373832326633623762663335613864616635353335623134373330
62303337386236353262383662373635376433326333643966383763306234373530373530313833
39616437333631353732333230366563303965623535313965353365656135626435626166613237
38323565616362346462333831346361626163663134633530356564313135383739613663373136
65633266626534643631333366333366303466643765353035656636333939656530613139306133
66646131323331613165666634373734366366386137613466356639623065386565623339646639
61633266316637363465613139393331656431616266393833343232336631373433656539643066
38663838643833636337343065613761323435323266316264303330663034316133383434346263
66643036643563613765393138343066656236306362336439623731613164346266636431623365
35356630373936303035333161323761643165626666613539363364376437383063376331346166
35613862366566663665366562393864396665656337306634356236613332623636383939353632
62626666373265613065303862313064326537653639326532333333656333323666616539396362
66613264633534636263623063653934633332633238353966663031346564656161633434373538
35323762643134383565303932323135376336633031653264653231343135343731323835633766
35633338613932636166396637323866636130306163323762353739633461346430363065646131
31636533323134393566316130316334336638643536633337333930363766363863366162306361
61643337623230643432333035393338366363356633396534373632333237306165616364373465
61613336303037646337653135343165346365363536313261386637653435656538323365316431
64646334656336396330656434323261326162613132353439336163333762316261373566386134
30636465336533613936353234656261623265663363356131323464326265386462393233303030
64353131366635393361323230373862366330326163346437316237616237656334366264613737
65306366376265306262346264306237623637346265393863633864386437656430323466623136
30626166363866646430363864376132306635616432333238353834643330383738633936353732
32326438393034356462626138643231383531643464366262666664323833373131316666666266
39373037393736373630323837326635616638666362616234306537313635643163613463653336
65646235323736303937396565616238303561336266626132343730303963616632396364666561
33383837343733346336326630373833616661313761343330356232393936326437623734373064
33326332333435346433613861306232373661323463333537633963313736323466326435613738
64623938616562356662393134343632626661613439653834616432613664663034643238633761
30386334333463343035306461393866636364643933636335326236656130383436646662303433
32613437626434646631313265393336393632616561623831636437393934643239626335633338
35353364626666643032383762643262303030643765663361386662663563393730333433636235
66303836623239663763623430386533643365626231346666613662646435643665326634343737
66376565366163363934633636653866316631623135396664356166636237656236363864326631
61663831623333393963373133663335303561623937313439393433376438366639353435366532
65373336313939306631376532386135396366313932643832326532623662393637323165303065
36653965346636646133376234626333346639373964626530316336343963633637616332336334
35623662636537616330626239356562306666366262366233393135306433663239323437633833
36653832313632306261373030343766363631633134356434306533636131623262643964306562
66663839303635663231646235323762663865646130353731393065623730373831363465333131
35356338343039363734393464666138323536363066616330333062663936333866643533326639
33386636393161373732333630363031353333363162643938313462366235636361626535323362
64353865633066666335343039353939336165316561343638343634353633643439393739646333
35323861373336306439383466346431363263393833663938396461633433666665356166306565
36653962333363373235353061343766316636303061643231303233396133613535353836383964
62613539303366323332316464373036633339333034316137656661656530326234393635363036
38393339306534666331613861633638366636313232303737313934316666373936323938353934
38393266323463306665666632636137633738616362363738306262356134623733363737343339
33383037356565356662346561643163323234306535346339643534366135393731343665393264
37633937636462323737393961643036646565306639356163333931633536373164346433663038
34386435366563306337383231316563333335623939353435666630653733303937616538353663
66386239363731373636383262623763663532383035643538306633623434646630313330666537
64616231316165616130643163653935333362663964653566373539383461333031393066313036
62643063383765653565626362646335326661306464663339313130313662633765643264663764
39313936316366303434616338653731656339313730306363396666653166366438643133393665
37373735353336306537313830396464343562646164363264333938333137326334376265646161
37343532353563346135363761333831346631326462623766626335313463396135646464333461
36393466313631396330333662396631663062643837643737393536323761346434636638376437
65323131383433376634666433643533393762323231323933626162343637336237343662366233
63376266353438633666353861633065373532616237366664363231363230633733666432386163
64313662323664636166663035326262316632346265666437376466343066363265373534313039
30376466623132663839313031313263393561346431333433383437643363383532656330333130
62306538353833316464636336323231346465336462363933363234666234663036663631653530
66383234636364333064663637383034653362396162366339393263666238373630383839313931
66323733643631613462313738393364306362666330373930393333383238666233346538326666
35623264643736353466356231623037333133336466336239626438336366356636643132643436
62343339373836313539623136323166323032613561323935626532366438663965656163346663
33383131396434303236363538366636643365326132366538346563373039333933653363633966
65326631336539393239636564356339613661623937383465333737643964346234306361643331
65346631663836646265343165316333643065303661353561353436353365323933623633313061
63656230663166623361663061323033396561633161656565356436663162366131663732346632
62653566653562326239313464623934353261643565386438663564633234306466393038343738
39316133303131303366303432343965303937633538346561376231323164313131343262333735
34383235656237616136626236336365393432346465353838663032626465376562653939613730
38323061363661306263616161343763336435306637323935323837396262373636316535323937
38663232313339343537333461393135646562306430393539663338636564363333656531373363
35613762396535363665353036653864396431666436303861623331653465336233663663313061
39353439356566336132623837346134393163626263373961666335343062303134616464303466
61303035356361616637363038353434663939303136356164666333636236316330333033616534
37393362663831373037306633303237633734393232613463663735353639663664376132656330
38303234336436393563353165643635613038386661663838323336613464303064303663656435
33663033393562633632346330373462373931356633393165376561613437613732373037616139
64666639613164653034363230326137613836363465326262663634366261346564623062353934
36643864343433613730633361356135313233343266643361393733343236653333
