$ANSIBLE_VAULT;1.1;AES256
31653664663036373735393035336534646238383638373133366431343839333835633361356263
3764613361336332663831646463323136333639303833370a633631343161643639663765306134
63626363373337373134313462373735383631373834383733373935663437393432353835376161
6130326363396635630a346138636638343433363936303038626531356465356230393732633532
32333231636564346161316536653835626238633936653636343662333763626135363064363062
35326431373861326261613832393330373164613764316136333531643433633038316364313336
33353263333432636662303236623934346434303665353935333265336363303663643737643364
66623631313064323331373165383032653830396430346364333364333635616236306239623262
65376333623261343430333832333231343363376366303236633036646463386138326166663834
39346635313231666530613534356636616661313366616130366564643532336334376165353834
65356534393335666330363334383861376238623033646538383637303336396664656230303132
34623764653434303466633236323033636161393262343232353136633262316239356561363534
61613132303531633564636239306339613364343263613330383335323861396336353939316230
38383930316533323339306237346634366133363537393130356236306664613062386131353036
30383663626337396330656639663832653465323334366635656265643031323132333332653633
32396234356562393835373133376239313535376239313361663636343939656538346632326530
31353965343933656163393263616137626639363933616433623432323633366636383962356561
62323938386664386630363137393033356262343664663935633132373438613266616438383134
37306236656331343434323135373933356335333236383561663231633739366365313961346338
65303231656632623862373633323539376338616364646137376137303634386363373036656439
32343138343734623465666163343439356431316238383736656133383432383538376465316539
66393633613865643639333332386366623037636565373965656361373732616532653130643362
39353736643666623130663763643761656535333862336437646363363231343263646665396534
37373566393437363536383665323036376234356234613839656562336364366539386539363164
34356663323863356434626636383630633361303737343631623231653766346461356462323738
61306131356233343763353239363162663763633062363762353539633730376236383366363461
30363334636131653434333466313565343435623238636537653136313030663834633132346630
37366331393964396439663135326565316364356161323263653635626235313663313962643366
38303461356435643533356465643062306338356330653363313130306165643534613264316530
37333563653033333165396535333135396637643033313334653234643761656563613866393534
64613938303635633535336530393236316331366637376132383335366536343935363336333137
66353330663135303262353338633833663031636664316662373639363731633533323938323839
64636339383764353966666231633031316430343164313234366166303765323135646332616333
30363136303739396364613962656462663762633964613966396338626266343338396234373264
66323732633436373533623863366533383566343630393936666636303761616165656332653261
30313538643161333938373761373561303432326161663834343330343466646466663533613661
31646331646339643734386136666535383634663263613663303165336462623761303039303561
31393265336238306633393030646662376331633130326334336533646239663361353762656236
65663064303337653736663835666238653238613738613664653061663633346239633164623138
39373962653964663533623833643665643533343138333738363461393236373231376263376161
39386130386239626338363038646531313130313031313630616261333432383861636464343331
30363463393233353031653530616366636234313062363331313630306339386330326366366264
35383265613365386161346535376130303764336234313632303839313963323737353162326266
32356435333137663339303239636665333136323735333736363935653364353032623032316339
66333063383562363034626232303761663337373433653039323938653237353461313162326531
64656133313565363632353539666331343963326434643265333438323734326139333431373930
37303764386239616162333631653634323061613232356635626666383962373432343238376639
36613262326132343763643734356362376132366237313537666361636437306137633437376562
36663233636636646237363565656133616661383133353132383733323934393965636364336265
64626131663263633137333664336662346166356465303638636537663234363037623661663431
39386239393135376133643036653163313838333565633539386438633835623862613535373263
32333836323831363564653836356534373661623563646262633834323332373132306134343966
34343838623662616339633736376465323662326363663838663365323737386361633337356430
66373966646661396566376531303231363064643035393430616439666632376331643631316562
33343166663936336233623232353635636466383835653237333037616365643762616562343464
39393930396432666633636464363466303334336534376134386464613137353362613338623032
61383236663565346338313866396365643231333036363135643936373266653866633834666436
65353538626231623538633233636639366532356537386661336130336161316436396537376637
61663534646463366535396335656536626132336564346464656430336462366664343662376430
62306537393239353733613431396135326230323838313232316531336436313461376336623236
62623932353366626238343437316163336164303339333533616133306532616339316161393831
36313833396130643033333535396663383938343837343633643937653430663763633133326463
36353565616564323836626466623465323231333631303861636437616634356138663866363964
37376239663664653037636233363264386639616532306632396663666635373466353630613061
37623762623436653432383835653438386339633432373661306661346436393733663730653564
37343535313535636235626639626661336134313039613966353237656638383166366136376531
61316130386237336366356633643238333735333030343135663232303639373637633865363236
33633733353165336561346430383264666264353662383833653863666132383833616436636366
62356339333330323038633535346334396265653734393963333466633562313534363261316461
36306137326439626665366165303963393763653864646333376333373564343139613536393638
63363932353064623235376464353736346238363836313030646366383866626534326263666630
61306362663363373638383534356339323831626232663736346435646463373263653534336265
34306464346161326630356238623836666262626565356233663164376461323266376562323631
30616364656463373933633364303434316465663035356539613462626637343261633836326532
62616336613734306433313765616130353235373436656439313561383963623737313261353932
36356363326536613337383964653433373163336638643961623233393361383735306634323636
65383638323633303263633635336661323233313830633162353731383266303461633737353362
62396661666166623839323632633036666438663465393535623165653838363034333466346262
32663362333764393866343338613030313931646331343763666335306662383331643664626132
66393962363134666138613035313863383163326332333436616339373035633966613864616266
37333462303532643762383531326138353933623338313632363961303164336638343533656238
31623535366664363436613530323362336139336163663363313166363333393833336537343730
33346234323736623832343763383961626139373230353533353239656163393232633064396365
34636230306239323264656663336639643565366632323964396161306335303232333938636530
64353665306366353731653439653430646234346663383734396438306539323035376137643333
37306231346331623962383433316365333039303136323336383862656331343330383161656134
63643139663164633831653532613337333134623364623235323333613461306333613338366534
33386333383933326466646335383439653139373732363730656264323466323338386564353062
65623464376639653762386435636437396532336437646239353831366666636632366162396237
33656133326336323438613739656662646230653134366666363166363130356430306663316339
65313666333635383432616435336237373665383163653039326562613765386532623033333838
63316233666361613838396333336238303330616664383464346235646562383265353839626162
65383331663239336361653961646262616337613666636364653135343730376237623361373931
63616639623861633937316333396461306233373433333433326638346333393862633531393231
36633332626334356431623738643339663330323461346531643530343530663639346563313431
65376539366563663166323738646664393132336332666633373333326566363939663431643161
34356262303361373730383764616465316533306463613537353437303336626338343534646433
65306235323966393665663038303164383631366636626561383332366361353031666131666534
37396333653564353264376636326139326663306233303438653462313930323262373533396335
35396465303664633732313335396636386561336533663134363436613636323931353263386164
36346435613136353862386539303331393162386665343132376433356237346432313937643936
35313431653730376131343630376665656430626462363165653462393462383334666563363735
39386432313933333436666664653432326263323638343234303262376432626130313236366239
39336133326138323930363734656434633137303032363833626263313062373266643536653636
37343066353134663762623163373731313630353666626138303264376432393566353739653638
33383638616566326131383566383639313562656531313934363532613038623731343734623938
30666638373830363631313839303261336634306166636663393566653637383461656231363039
30353465613966386533663366666437313238643431646166643361633837316164303035656264
37313933383066656661376437343434303136313339643463303962633664663131653463366464
31396234663438303731343133326661623635393065326234386265656532376137336264353334
36303933636135343236356437373930656661343464653634613435653338613961306633386264
35306630636631353564633134643362353962643963333561313434373765373462323263353861
30383930313265396365303661323165306465366163626339653361636538386531646337333930
32363930343735333038643137393235623761306137356339633030616337623635366132663833
32666133636539376338636639616365343663336262343665356532323465396535646465313636
64386136363761383432663331326161343034353261373931643432626265313634396537393837
65373463616632626333366234356430356664343262333531353835666432306164656261613237
39303261633337333831396634663235313038326462353233366230663761316362353762653865
36663535333966356336643137613732346638386439396466656265396661633931383430326363
30383764646363623039353465333431316538613534666635323165363138393162393564326330
33363937373635666161326336373633643038336130616433363762313162333935393337326365
37636164636233363963656231653438383533383435373934633030333666646431373630373835
33643338366637643463386132656131663736613766623539346531363461383535613465313735
64303533323266643139656666663930636236616462666237663731626566366362656430373461
34393030393463323030653563303431653563366338376162633334653966646631383536643331
61643034666536383235343465663932333637343732376431323064393837653963346537353533
36313565316331663637643961353733306232626439343533363330646662333562653934346461
65303138356564313561366531336465626465343632633032333537383934393164386566343839
64356634373539643033333432396162613136663334316238626463353938346335356137356363
65316466643534396131643535386338656535633236346230613430666434313165616666646438
34383261343563356539306231343130663938363066663336653433356637306331643831383032
35643837643130353664393531383836636633363537386539326537613633633037313235353865
66343962363838666538333330663761373535316135326532383362343233336233316335633038
62373434313065663434636661616337636664636630303730373533353263663766653930353737
31313135643033333435316438363431663533376139373334376435623038643035373764663064
65376166353134303436356331633062393634353037356561636637396431623166366639353962
65373830636330643134396435323765643365356166636638636263343830386465316261383866
32313565346637346565393161373966393036323763613561393638373739346666656338643466
64356464646639633038303764323632326437363562306363353932616638383836383163663461
62333933663838626464303061353865393636363961366639336237663863376461663932343636
34376636323635313732316231386634343361313733383931616632353461646133616265653066
33613535623430666434616535653537613239376263353437623436636463333937663264323237
38366566653639353036666262643930393266316238363766326461643734386661626631303236
37653333326265373836393236653565303634353735393530623766653464396233346262343131
35393639656436323966306365653537623162366233656266636465343166666338383665363736
65613031323432633463613362616237636633346338643232313337396632336637653435373564
66656561373035396436666131363734383333393734353866333434323262323631343230333534
37636564343633613361613366393330303136363838353233343236336235313333356532346139
38373739643062316632656565366230666539646164336433363639376666373831376262613133
63376664393831626238323134613236616431666636613235363562363233366365356238643566
63323135316136313935386339303033633235363139353064653665346135363730303937373934
63643135343931636134356536306635633933356465373238646638386532313064336434666239
63343536366137316432313433373064363238316338623662383238626561303430616530613334
30623361363137383538303761396533663165303335376338333036343461363166303230653136
63626530656233343035306661303965663166343965336439666465663738366263353638396666
64316532323166633538663062316336383836356361386236366539333464376331333164323564
37373562663364373961393430616436393535396537363635336330386365373934636465303665
39656362303835333338393833653836626535653232666132396539313162653637626466663663
38326366376433623463616562346262646466303234643232386166343934393762363338666531
35316234386465333038353661333730346533303037353331633738623738306166346463356134
62396161323262396634386339326666653864373931363861646661666538333066376538316532
31643333323137346430376436393361336564313763313961316364313838313265666266613933
38616638626337353430333734356663363234393132336466326439373630346535333761393639
31376137636630613338306462393366653631303632363931353861333338356466633937323361
64313838366433636332663937653433313565346662633461393138363764333061636463623135
33363839383862656161656435663662336162613264336161356331626637393838643937303332
63393964323031636333313161643961383263346462303366323439386139366265633338376238
31353864633366373937666261353431336166313637353665303937643731366133323732636434
62616538643532343033653932626632623635653239366265626435636364393334353935373736
33326163313266393665346165386364356562373231396536303164323963383866386631643838
61396362623435616463376436343464343631346332623233636138336631303439306330373837
31616533353461316366626133323563663365313136306134323930646166653631616430353034
33346265643166653935373134636664353838393764316337616439373031626162
