$ANSIBLE_VAULT;1.1;AES256
31336237613166346361343461636537333664326564333132303730363662613334313063623966
3933646236353562666166386336643331353932666431660a363536373138303163333536653639
62613362643337346332336332643966376230303561366437393638643862393231326437396534
6464663730643135340a653762366362363361363638346530653566663866333331396230323232
61303630383333353137363166306461613065663335316337383066386634666661396166306135
65623764646365373232396363363563346162303235383931363963643639343130626635343934
61323531336338373031383838643434613732666138353664363465643836363034643665646430
33346561393465353831633865343366346662323131653565653733363432623262646663323064
32383234666561383434393034346338383632396165633366643838663533636635653937623064
63336534623638623635323538616235656535376636633062343234376261643935646131323337
31313835633036353464386139343665326164373464396165633561336130373765343563616138
34613535363333636662376661336461333939356436646130313235313033383062363532623164
66633635393331663564356264343365653030336365333162623564313338663537373565643863
62393633623534313837383737373065643334383335393765343564333961616265353566623364
30333933303334333463393564663539643133636634376138613232313739326637333935356130
31636161616631613737646365316436343733353434333032643436393035306333366565663065
65656262333063633063656136656233313662373739316434653232346130376361383135313135
39666666353764643063363037623431376131613362346262666362316362353936393862356464
37643232316639373161313338613534316438346534383734346539333132313336303430646361
61333061306133313664653765376136383734373130626530313561656134343732336639343962
37663738346334616530643830363737653130383766376632616634333963633636356539626534
36613865323233643861303134656134343464353837336266303961316131336435343263383163
33316330353033363663353938663334656631336465373633646366393034373031626135333764
34356239373465313363636138613262306561373035386564353038356263633738393836656532
63396134613332643332393634613265613030383965303334373863343031393535383035333933
36323939366635343830623434396463336661356436363634323237363163336431306137356137
36326435663764616535363839623436343333316166343538333434306331396539663461633036
39623062643432366266663631393433366438356163323365333065353866393265333236313262
36656130633134343166663666643262393437323064613061633030636635613731383264633938
34323961656336353439663736666136356338386637666630613265376332383639653936656461
62323865333661356530383761333935396162383165363966323731363062333636373435393336
36333432326361633934613364623433616561326537326435626365363431376133656166346464
36623066353565353539643336306137613361653339336164613436346463326539343662316635
61386533353038396462373961613737666461396632386163343636383766663037396632383835
64313263653934396538306665313033656637353265633863323832323461646331303938643635
66356634386635623838303964643761346530326266666135353637396438616639663631666338
35633865643432303864383632363331663333616631643137383233353432623231313733363737
37643036393938613362303434356364376138616436356165326138346435383838623763373463
63653365323334663661623734333531303738626639323933663161306437646562336562363138
63323339373765383961613737643863303731396564623530373531616135653138313334376166
37663132656338343932656230303233616163363037636264383764663030636136663163636232
34336566633666346338616439663637393866393831306263663435393731356534643266343433
36633862616531383138303165343337326131666461343030346664323164313565383663303033
33303532643065363137303835313563646563613133353737316133666337333965323239656565
36663137363836353130373631373031653638343539386332646662333035346435373432613135
66316337393130653764393639383635373732646161396135643436656431316432313334396365
35376136353164313936323533313035393538396238366565393366383261636366616236343162
39666235353665383738613161656636373966626361346133636138626562613838316331613866
35656234623963613761323164373437656233306131346437633665616163363335613130366163
33343264663733633234636133333338396465623535623737663666353864633766396632383431
64303063623965623062613862363935663261663737356364366433346132306238363462343339
30393239336134303862303335646635303662643539656139663062303431363839626434323661
65373136306335383563393830633462303462336134363933316330653530356238313836666461
30356435383931636436343436393435306435383936333164623639326465666339393632633934
36373234346239336530653666616363643133316138306336356331393336323861356534663634
64656463366635363733356439623138396363366534303766653766323263663137376235623065
31373362653338323965376437393762633931396661303131303030623564623531643030316237
39383935393063303831313639636564626632633431653362353035373362373538316538373138
34346332373162613166656534653535356166386266316135643439663361396430666534356630
65366233643564383631623830633663613166383662336335343061336666323333636435343061
39326464383038643239306164643137373737613036306137333565646463386166383064323633
36346234643838623231616330383435356633313933626138633661326239313539383736666465
33316438623330336333616335646162373166386166613331363561353436333462643439626462
63616636343764363530343537663163313538336562326461353363393535343331613037313634
31366236326166623932386438313235353730646430636532663631303732343739663735643862
64653633323833363733346131326131623833303731616638656433323865623264626331386262
66343836626662306434616330363338323233396233636230656232666236643539333162663164
32616532306439643535336134643736313731396135386338656166366463643536313962623034
31303364656130396561626436663230383464363632663731373162333235336564653236656137
30376361623139316437353135633831643539353034613036396538633132333037303634346433
39383430643530626239613031666336653862646633396634343138633334313061383561323561
35363133376436643566666466613530666364616365666136313538306566663733356436376564
36333464663734343361643232386330366338623237656439626334633338313438393061313734
39386265633666376135373138386335616437643436663962316565336663323964386634326565
66386536623565616138323932383565333563336638393962356465396261613139663562616339
39373265393032623232333536356162373062653838383363343932663535653263386234613639
63353239646166646566366335346335663439316364653239356338333531363464383932343961
66393234303436313731336362363262656263373330643364353261646264376261393533623730
66646539623061333766333965633633623365663961336261636532366630346234613733346663
32643665633132366662363239396636613663616463623763303363396533336564636235636566
30613935343735356637366161316231356536386134323530633539353664643238653239663336
33323233376564303134383633333539313263633433316463626130386234663661343365373539
37313432646365656234656635663330353663626137376438393162646466346330656132376533
66666531356637623638316230313264386433393566633234653966396536363036613437643162
38633039613132376165323561646233343031383361376662353462636133353463623763323631
36366665633937653132383166396531646562303931636563346561656533316433656563303633
34653561353135373763636532356262623330643836666232393161613530656161633365353339
37616638313563343231346238653735316535343839383231343037373236633435396136623237
62306638363439623661646433323231366433363333376666393038313665333432343964643236
36323164326238383334623365346134613362333666303663393561383466613533393438396664
37633532303061393865656131343436336333366561376261643935663439613932643137383330
65303738656564306339363233346539613839366138316232333166343366363336613731643236
64373634346265653163643965613830356564303138643530386239616435346361306431303334
30383334653132626334393663356163393463653733656537363034366265353763626562613633
36313338666466623631656538326161326337353634396330333364383431623836656438633832
61613934326534613835623033336535343966643063396238303861663165653631333635336466
38363065623032323936313037623931613932313431356366363938336231663432333366343966
38386433393334323034353465396663636465313233336433383230653564316463613431306234
63386461336361633661633761303861656132633365626432393936323361363736383531626637
63613064633731346161633430313035336435313364616333633831393733666237323230373437
30323230663438306334343938636564303663323030613435386230373465663936343062366633
36616139396134666530613766356165393566383734643666363735616462306536343332633934
31383630663334356338396131343262613339333934383565346138383962376165663231356266
66333032363339366230313534646337623439336536353636353939663034313532333763316566
37333936323033386239373235356264313261353062313033306137383532393531313964353066
64306330323532613565366162373134356332383034376162636634326366383362666330373739
66376236366434313130366131633338643064643534396333613931383435613165313561363832
61386233346136336436663864366339663438376135333039343961613363373165333936626630
65656132626131336163363137636565636266353163653965346130383133323632333538343330
66323935643762633234633364366466306565376363343032316631346130666231653532626532
34616130353838313665363331343765633539633932353933316136623166393665383331353235
38373265633637383861373034353931653562623232386634373631356431353261383937383262
64356235326334636438626361613133636632313135346536343038303331333031623933323164
64643238316435666562326231333237363565656661636165336665353762633665346530383936
38313466663330333530333366306133386336643135396165366333313166396437626338313034
63646539326331653038633130366130376239333837383031393836336265373636336363616236
64323066373831393166643732643339326130646265626631616637383661383036646163373937
33353665393464663436616130613966396435636638306130623066323562313231303062333437
38663835616230326536373765336433316433326430663139343833336333363939386434376266
63663765316333306466646137346632616161346238613265633762666236363132336330366666
62346463303639613633633234313336313339623138363234613966346565646333326335316662
35343266646161366132636538393762333337626662373738653939656361633861393637373332
30393537333433353236373161363230343539613732646434376437646666306561616361316333
66386138363166653665653931663563333937393832356566643563306638613937396166313731
32323234343835633433623233313135323139613535646639666565356632373138643630326263
39373662646634616632643563663864306436343033636564343064646166633464333965346638
63333335633231646262643030623339633031663732326130383762366233376337326634323962
66666433366538396462636435323738343537323363623131633931343736356532663837396136
34323032643164393436623232613362613532376433326130346464626534303131366636333434
62663938633832353662613934393739303063356232396535613434346333633436396336333630
62626464373035303139373466336665306230303738326263653637363430313739336436373931
37333637366234376438313035386338353438333930633831663835363735623338376439643436
31323632356235353938383431623466313039626661656463663764336633373930323663623766
65346662323037333964653834643339333731636436346661613534356339343465643661393465
34366639623134333937303465353135333438373663316335316665343433383333623537313931
37393661356237366433646138303761616161383937336136653639626530663037383462356535
66636566666462316636313562646235636565383537383262346334396366346230616264353463
61636261613136343130643632663439306335323366636639663165313035373963376165336264
36636538663235343139353765333863396434356661356461313138396562343338643732636463
37646531613139323633303963623863303338393461643164666534303039626637626534373130
61386333386561313266383635353637353435333231656430343437373863383935633236383739
32353839326665366631383433313561303339363032373665323364386661353633636637326639
63396635653331646238303139636335306365373434326433323263666161663136666364643332
30366233393063353361333439356162376538326230333964366436663562366365373835646161
30323331316266656138633363316138356433383638666532396538356262326530626564366233
31336635643330616665396332643131643162376637643261613733393534646166323466313738
37633432623261326661656436613432653137353630643130336266386532363732616463313530
32306633316362366231663762373432363337393537383038343830316265633764303836616538
35626165373536306234353435363637663131613565363133353833306134306561303339643832
37323631353664333065303432373832626231313633623063383464643335333534356137633333
65393066386230336132636661373763643732626538633833336531636438623363306332333035
66323437303631356163656336383839656563326164653965346134313431656537326464623734
33613762666463623664663237383334643338666566613530663861323035623236353432363866
33656331646331386334326264343638343036316134356539323738336137303933616362393937
36323262623861356631623232633665366331346136383566356161363066363430666336353264
34643134306662316666313261613135646261313635323664646431633963386630636465333932
64343261636637346437356366356565333763313431323037353065636530343366363338666261
31633632643563643733316462656537333338373539366239353966303537653665636236626536
63343766303262623362323866643437613235303232666531353836616534613061393163653866
64333664363134346138663134333464313061383030373164613431383466663661353036376432
35383234333236653330343131333438306535613737366365353665636566363134316234636233
61303561353131353361383461363038316137633931633163363535323938396236613663363433
62303137363637353363383539316565653164623561343935646531386263343034336561306262
34633530376536643430373330393938373334616132363734643563363031353132646530353235
38616564356336623435646563326331303664393633643438326663623165623161343065353433
34616363326564616531613531393334303864623532346633323331353431666364663939373130
38373433353465323561616331303761613565643464326139323132343132346230633666646632
39626530653534303262376238666237323834346165326262343364643637336236623337373861
35356364653766363865306338643438616462396439626265376562656361623237376361303561
39363463333531316662643737626538323061626638646133326534363730653633623366663663
37396331366435356664303433356139303266646533336338313834373933646332643964306331
61333862643031396433643339336361303062653330313238366163316530626532356532323632
32616638393263613262383536353962393232386137303336643534356564396262
