$ANSIBLE_VAULT;1.1;AES256
34643961623538316338393162323732303530366230663834363062353539613665656465393835
3932323266363666663133333665333964353132323439320a373135616337663439653061613637
34646635336234616337323663346338616337393962626635353030666565633564353631333365
3066393736363038320a383233663766363564663765646663366334343964323236313333633361
61396562343330356663643065393531326433666633303861386138323264633834333736313466
61353531343438303932633534366461303635363264376266633438343966303964626535393965
64306630626535633939306163646632663736643833663465313834643838316637663936623537
32623936303965396261363038366665653031656536313831623564356534333066366132613464
62376136336431326262326465656638336235636561613365333035363836376333363237333539
62316463363164633666356238373731343861373162353835626631613333323535643238363765
30343035353038626337376230306365386437346363323262366533643635373465623639333133
33346538336162343963336662623230323832633533616662636566333933616130656636666561
64393736616435343936393237316235623730346338343638396439333366313563323039353530
36633463613830653735306134613431643662383565633232303835356161396533636534363863
33383330633437613064343661653034383265316433623663636665343231613361333862323932
61666664336139323537303734323966643938633330363662633832306563346635376262373436
34386636653931623132616231653634356337633732316366363137643730333537326235643361
34636461303963323132336339366134646230346537303931626631663939346337613837306236
33656236326335646262626435336637326361353366386663383462393463316561613161656133
31613430643966366435393732616663623031336661666230373864383537643766323136373365
33353161613532643139356333326336363935333433313034346362636535646430363665363932
36653338333865626664393665326365386630343739666661323437306661323863656461666335
63353534613839306666363866663766303062636438653434373465386633373633386265326438
34663164616538666463313836383463363466333234353135653561396134333539613265316662
32633862383931643665343232356362323232326231663033633765363363303461363036646539
63343266346663393766306439396332356536346531363837393161626535376365363231346438
38613966636532363265313233666162383432613837393261363133373966643139356666663634
64633564343761656466316635616133643665623335373232383236643663343861623434646132
61646435386539303838626264666661373366343262636630306439373132366430356233323033
35303130383132646139333830383361363736366231366461633534323964633464346439386632
38623666316133623431386137623731303866356636626136646565633832393566373936396263
34373930303532333836386566626662346163306135386363366464313638656235333839383365
30353766366635653635643830326434643034636461323038373831366465383764663362623065
35353334363230313062363230323837633937623361366465316538643766653533396637336532
62393438333563303333663230376436376366653736356430343533613136323638653864653238
35653030346439363165623431303133363131636533323133383733633936313339626230613433
62636262363062343633333238356562343732373863643961613265383230306336636232643635
66323536393830346437633464666132333635616464653865353066366537373263393934306335
31666165663638336161323061383263366435333332653935643232616563626532386162353463
66323037346564306232626438386139313266656562643834383830343531326365396439643633
37613761353235343737613065306231633831336539643539656239656230303235356565323266
37613362363563323537363735653661333230383031646132316336393432376531396131326332
39353730643633333163366166303739316363643861613834353536333338373764363433613265
61383235376138646131373036316533343736376337326262393963313830653962343663366432
38373133663937333134326134323166313435353736626264326438363166636538366136643666
64303661386333356663353665623736383537613761666532346266333537316162373937356435
33373233656534353831363934633935356131303638653639326665376531613931643465623137
37323531373338613262633966363162376636623934333464393332376537316537343031356332
32356663323132633638333866626537366233646363316562633735333834386562333437303337
39353431336637626138323732353332303566613132336437343531306463353166633261383436
38303637333830633564376562353365313135383164343938373632646165653362393862616134
66363331316664386435363339303632333662653963623838323730373730306663313331383131
61613430636533326661393231663566393930303535356261626564306439316130643061303564
31393763623531623966363038633734393833343739623064343063633866333731353939303932
64653637623265646230653337613234313934666535396366373034336662613333636266396163
34386636333936623833333733353039386663383261383466383961633635393731666263333339
31316234633637393036303037323336353331656333353739383630653465373131306138666236
63376431356264643130396430366237653761316633613730386266393239616261366530613963
65613939363633363239666536323230346162626639343661653763383630666261373961306239
33633538626265313766336534613563613037393235376634646565353862636566386532653666
62373534323936373739346630346564346230323034316662313039323137383463663131343862
39616636666662613366643332663665336338393130386561323365316135353963383639383165
63373736376437343139616239623035396430316666386231396466323433353534653939636464
33636130313266653136326235343461336431363834643430353363313965333833363334363835
61343535366463303136643336663937326466616339306564636636313539643939333030633232
30386336616263633330353235366566613635666632636138356631343433633930653861346135
64613234643834373137656630343861313764636564656366336536636330316533366466363063
61663130396136363030386633643234316231346139346432383436636337613339303732356439
31643066633161333133643664633861363561396430626264646333643935316338363131663533
65323234353864626261396130663765356630396239633337386338653265333631326236383430
66323130613538356162393633313764643736653734386336303636376233353339643366663533
62343334663763386338666230396165633663366264343636376633316631303261383530323364
36333031323463613635346265373466623432643530393938363137343435333463333962343062
31313736326664353764376264383534373133333538613937393537303139323032346162333436
39313936653563653432346462616237326630326634643366356538653631353162383565383331
35396135396436636534356564356637353063663465393166663233383838313734336264666437
36663466663234623265343231346466353534313232643533393135626361363035346263663034
34653165646437633136653235663431383838323865646533383139353334356134383935333462
61316263656536306632633261306632313133383763363661653333346361313732316432363963
38336662643139643132643832663633636631643762623035656364383562333138636631336363
31316433653939626666656562306265393665393539356661333833613639656563323530393662
38363135383664303936653264353563343837303030376436313466356662313136393936653632
30663062396635346466646364383661303964666234373539356630326638316562373964386562
65363234346131363363333532633037613037653965393032653661643033346234393466616164
65653162323165366339363837316264343334653966363338616430633830623934393639313165
37616633613932376436643132383733303637343631633831376461396435633531663730343733
30386533356664326662346666386537653863363431303533376437316333643233666366346332
62306562653136303534656563363164383035323832333830616433636239363862656530336138
66323062323261373761636430653633616161383037616564313831376232633439323436366236
65393034646566393833393631373037616436356464316132663462326335393635386365653631
37316433633431653934343232396566313033643433643962346130656334353734623535313737
35316565346438323737393764343430636538353265636430663562376665316632393133346131
33353362303964613738363738333436383932303430623438643737306235396139643162383664
32646661346435393866323730663566613839333066386330393939623332363031653931633338
61623064396666623733646563366562376239316463323134633338316137363861303137653264
31323436336463346264383833623562626336613335633563656665336361373939366436326237
66313833643330393664373734396236326637393736353032333363643462303339306435386434
65323230366631363666333535643836653737316261383665353238616561306631393164363631
63373862343366653465666531326236613234353466383637373730343933363732326536316564
33313035373736316264633237363664373236356261336438383439363034656532643336316337
34303437333161373666626333353238383263336430663761313431343161393632323231383935
66343637663432366336393232363862616137666532383239333730303235393131643362306137
38646436396263396466326539383039646535386537303932366537383034616436663634653030
64396364666364353534633063303830626336326330323637336535633965316430373137643564
33393634643035313837316639313337613461376135653864343338316363323065623761613334
31376434376331396337343338343361383737313233663432303636373737303365666164663336
31383237333931323030306231616361336463663239653633616466626532373534613631636438
34333766643162306633393166373535303663353732343262376234653166633930396639666566
64313437343363353131636232663533323164336534663666633062626532306333353433343939
65363035316536386339626265333366323131613166343830633037633161633763303230643035
62613831663262613238343935323661366338393537656239346636636566376162363032643263
39343938396332623937396438356536353266366632623138613864333130343135656437643265
31353262363437366566613132323563613731303236633639663737306162653266343066313464
66376465636633323661646339363364383136346630653431626565626438663933303561663062
33643031336333643664613564613638633364613366373662376462656330303830323330343734
62326666323934323464353635613863383339333136306262616161353634663739326636633532
30373636343833326333336562386230636466326338313836363633616564356434633735353730
34653036663934313961313032623564616338386635303238396663346430633266333631643237
63383933363032363937373666393462333433323731626433323638303831323461646534333731
34313161633731613032313164663132656637623666393532633261653661633330613666663634
32653465376331663137333036306163633666393434363934626435666230326530353163333637
64613234383765383561613336373561356262653936643438346235383332633433666238373666
66373438333063633564366632396530353938383930663766343936643336666264386465343065
66376133666236623161643239353838636631646535363733653265336137386561353635303363
64616665656138633233636335316331633263633437396362363732313735626563666661363262
61326664646465366465313463663736326566353938646136663831643832306462656239613465
64623065333537653337353064366539386139353039336163336637646236646638373132313335
32616238343937386464656635336432653463643333636661373038633031386663353061306566
33303538653038333065613036323739343933303135383832626139336330303463326361313064
33316130373966313735343536396436373461363730393736366334666130613866333864623662
61396166363537613239663063323234356562356236653264326538353034363031366464306661
39313562616134333165663237353161646637393738393636353162636633626164383433313533
64306134666131346630323739643734326531333161306435316164356463343761646637316363
63656333333737613362333265323636633765656636633235383431303938356631333130313839
39363337353934626233656633386530396361363766366636333563316439666234643436653731
66633536346463663637373864393737643936336233373666656132646231383338396634313465
30383766653863613834383336373530663334623261336335656433333363353335383865623735
36646338363964306132623734646165646633646566363933313136376632653430613231653639
31333732656133643531623232353932633832646136336134363038356264393764326332323637
63393534353434626563353363326233643338653362386662626335393162383238306139353836
65363036623035383763383733663865316137333431306536393632343839666366303036323235
38636439303330653339303166646265396333643631366665353731383264373636353265653532
64363637393766653231393538303034323561623039313061623439323262623362363833383564
35653566643562323230303832383132306435386137633661353438326634646636633132313236
36363764653537333131356665353339396665346466366231653133326535613036393735653830
38636335356633323662636630653832653730383839353030373037396138356165393138316163
63643830346135393438666434336638626264626632636366353164383131643138623931656432
36353731383137316435356534393731353165363737336339646565373330343839373661336266
37333838323339643061623035613933396638383764323136613234633830643032383662616438
39386230663836626533613865316131393661613630643366386335336438373638323163323363
31363662333839326630376634653234303263343761343932373433323132393737376539356663
38646239393834383862666534333364373065646461346334393530303034333763356437633639
36316663666662333532366365353236613266656233343564333432353837663561336463653830
39326234366439333139663634666433636436323131336465353165333134666339343031316639
32383963356161636234653065393632346635613962323563363532313330643533626362383834
37373335623561653531613939613061383662653437353262323137353837313861653331373335
61656435383264643130653133383238636535666633646464386437343932343463663139613761
31396133336562303134396266666535646362393431356632386363613432303362653431373935
32366531316138393536353661613630663532623563383164383333643861366563323731623332
34383765313237303062626533393737343563373830393632616462363739303236663135353362
39613734663630363561343035303166623936333863666362356461643938653463313136373936
30313136323639336461336365386664366162343264383063663231346664663465613536323733
34666334323166373965646462646436353932343736316366643739383663376164336665353332
35626264623566613137313464373639303863343463366665383464393961333536353561623333
65333835363863333165663631303037653266653332386263646464623065376366656631643438
33643163646235333965643936613332343431613031386334613366643635366339373531373866
31613039613462303664386332383735626132323066373461333234663438363835653864616430
63376532653961643132343966356165313561636332306133653837313061366534333766346162
31663733373437393164373632363165363737636638343934393466366630343063303231383135
34353439633465646634663130386462346236386530343931643230353163303962663366646535
65626437376661343663653363623830323131666130336236663439333963643934656236643438
34323533646562356431623332356532626661393937313633643232363238626564366466346135
35363433326363646462663133313165666335643236393465303234303534636364
