$ANSIBLE_VAULT;1.1;AES256
31383866353935393463623566613664323637653463333363366363663561386661623239643834
3364663363366635383838363461383133336663626433330a613137343363666231393532653161
36663136393238643266626161633064633063343132366266346531333963313661363366343637
6261656133643666620a386534653061633963643333653963666331653165303563303330366439
39356635376339396336343035623465373865366632646236376361333563623637656164303239
37386434633235306433366439333461303861383662303530366265656465656232623637346132
32323635643837633237363832653939613466656566386464303333653631316231376362356236
37613665626462646666363638636535656637626138383635373863393766313338353662326166
36663861356139303039376335333430343561623236333039346564323763653635633931373538
62633037366164373564636263363266333830353235653732373633643362333962306433343039
35376164316266373432653738356332656266656434613365623039313236653263663765376139
66313963643730373535366431616634646132353336653866393133656663613231363661613533
62653835363035326333316133393031393962366163326161373736346538653266306664313834
35323339616637326130396366653235643435633764643465646534393238636339343534636530
65636461316134633666306537323331373335626237356433663961653631356166303633643834
36656663356566396662663532636466356464313035316237323234356436396464363234613332
36636238373461393034393439383338623861623736636561393636376431653135326562306634
32363762316235613534643539323037636435373938633033613634393464336462653061373734
32356238386537363465656662656239376134373337626334306232636463373236636435376631
64343663333536653936366333353536383563303530306239353564333961383833653066653365
64356265623165303936626136346233313835623135396635613234646661323864633734636264
63373661653538393062636439386131613366343261363161373730636161326533303739623962
35306636373931333737626337313733363866353437353663333664653964613530613832663931
31376235396334343231646436353364383034656531636535393836346336653333336266363364
38616236376337303333633965363437343036326462613064623363663336386563636262373765
61336332316138383965343766303939393934363934653761373930646666653731653565643037
32623235656330636435363666633837633563613432313066666338303063323936316339653963
34363631383162663064343231363866623830326439636335626463663363356165323661656133
61313738313964373465363733393064393331623762336130393965323436326365613862326436
35633765316334656265646262663664316264386265376432396632623663626664636333643538
62353235373635306635633331343732613237616462396566396336393965373365333866636635
38303939323465333963316232333564383164646432363862316235393037366264653161373332
30313833663665616636353439323964346366353434373030356635663363633138616139373935
31633732343238306132333237343865663130313765346235353935323232316465653438636131
64643435326531383433666535613061306633613063396136366261386230653432393061623339
63326564656262623637343063663532393338306666653531313736313132383438363239343162
39316363373539393833636663346634626332346564363930663130663334376532346432613535
31363736393230386262656434336365666665666237376530373538396535346266643238393862
34663536383333396230663235313565616235643961626463306538656534643232333732393634
62303764303139653935623236393730393163313063663162346431396662666334653762613863
32643439376331343230653934666565366235623730636638643437616662356162353330306265
36636165333662376236386231383331303638343236636362326437636230303739626132663031
64643563326631643732393032353639643063663733343161333839336536373039356139323834
65626532643965363861636437343039636139356332366131323265613232383366373333343062
38653730366364653466383732316262353533636264666464616338323264626535383166393366
31306535643764653563363335383134316365396166366465653035303735646562656361616434
64393234613366636464343739653630353835303634626339336132303538653134383031623164
35366663333030643931303864353139646439396362666566383333343634363863336138353964
32326131393833303835666139653230393139643631386335313433353239373036353736623161
39633664633064636365323434313631363561393531393061386236653361323433373534363661
32316363613037656631356533346134343230656261616236653264643465623663656135333437
39323537653732376265646261616537383439623961303062306332393939393432303633643063
39303461333062323763396136396532356565643339326533626637633134376334396536653536
36666131613237663165646165633637396233303462363064613434633036376235353463393039
37363937653262363462646566336138336264343232323163333539653031343634636433323161
34303537306164323536656163623864663334653431613934333031633461663632313763616237
65323330356232613663353839666236366166663231633435613364343865623562646330613936
34623934316336356433366234356666383665353034316139633031353139363437316266346130
65383238313935663132363038303063313435336465343734613631336130326361616139646163
66333661633065313433323666373938303836343363613236353538613731393966633138613861
61646633323036363663383062653564623864386266343139303734343862376435643032383164
38356631623038376566386465326563323763656664333165633031626565336165353938626237
38373465373330643865313131303664666331623661633334316661383337396562333430623132
62626334636162353833356432326164656365643866636162306461323236306137323936626538
38396639333864636633323931353130333731623033653435346164323137353964666266653832
35323538643735653937323734343636613236346338323365316664666335363536303330346439
64653164636230633136643939356531383336393931393031346161373337383963616261356434
39303862663565613163666662636238366530663535366166623765393461643438626131346233
66663435626439656532353766303162623164643366306439373834306265623034316461333865
63623463336234383639313365396432393663653336323035356537336630643933386664376435
31323337383236353635353538303265383738633061663962383639303038326233396432386565
30383763323663363034306530373933323034323562303166326634303534626539396231623237
38653039353433653765623663386539623232363261336661343735646637326439613234323136
63386235626336306132646231313930616135666536313637663034663332353762316161646332
36306232633366613038303035343362396339363561393930363738323933346430633262343164
62353265333036613864313663356536396438303535656133316239323266396134386636363465
61663161303833636135626134356633363730666539313435343735613434303737343534363032
66373230333936616562383930346130633066316235663532376136393033386638383231323035
31656130306535303632373238323235636233373036303933323737626231386135393461313831
30663965656462633562353363326264613564303631376636633635303733613634346638643962
38326630343665313161316366353461363330356265343062663266353834336665663733636230
63623838306464636439386436316362313738646337613834373065373462663636663433326664
62366465303762613738343666376339356534376535616231643662343633363137383437653361
39366230636236613038666435666130313962363764663333623765646539306539653639383265
34323230353137383430306139373333396134303430323234653236616635343030353936623036
32666232643834646434373230376339383361346162623736633964636166663032626432643631
62316162643731663863656634393331343936613930313264353362346139626238383331373665
34323337313064643266633832356538363161343664373762373662336135656466306565623731
36643966616232623737383437353363653462323065373137303239363765663264356630303763
64643438393338623738303033373031633531333565333137656262626438633833346561383765
66633063343633306262363734323132313930623433626235313666653236386632623434323234
64376134363332653564643035346531363532636636666461383663646137396433356430303433
37633063363835613866326531623161343165626537366239396331303735633936623266346630
39633532333939353639313539323064313666333762623738656161376133626365393531373836
66633035363832313335383133376361303235363665623264626239396235363666386238623038
30626464616632323738343364343561363764323535633737636361613539653637633835386636
31353037663031343064393132643366373833613565393137343837346361636363356434613139
34363964616661373330613765303564646537323561613837623939393364623866373061343365
37623338336464366566356639333438383165666365623164316362633839393435326232623962
65656634616536323963623037346439623962383965303535316639633334383437646361323761
64326231633763373731623765643463343033303636613732643566356539626633346331333936
31303465656263346663376534613861666333313039396438323361636164396235343239363138
62633333303530346463383332343134393635653139383738306139643334363162303965663534
36386362343061333836393132383636323266636162383335356566613130306365353830623131
32306237326134326431343335616266666536613563396339386436386564336531366266656134
35366330376565633737373830396463646339353165373062386533336362623930303161316335
61616139343364306234323133313737336332353432333039373061323832613136363235336433
39326630663635313136663932306536306466616635663961633235333765333762336164666464
39333562356363343935323639396434366564316335353464343333323036663964363732373933
31623761313334303234633132316265333734623539326266363164373731653264393634363331
33376263303632343130636337343935343735653664623934663530396134313034646564663538
38393230643137303366363332613463653961663366363832363861356530353431616165336266
32366262653931623362663030306464646535383234633136373433343765376631646536323831
66356563326635643365633530363261373163613530623536653630376638613838376366316134
62653931363536666330386430613439393638646139373537623737623962393738646664623730
39633739306663636563343438373438383930633261343264626231343438393830646135343266
31393132383730333137393237636666356630303962656237373461623437626565366130333461
34616161343161666261303538613633633735326334613539393034353638623961633065633231
33343737363663373235656265366363356431343134363431316261313632366563663130666536
30356262366433313735303630633264663332323866646130386533373632656364386564306338
64356334653164383933646266326639616634306463316663303738323461643561663039333566
30326362663431363161613030666531363630363435663961333236326139313939366536626637
65333734343537646266613965666231663831343539373262373637656533633061656636623364
65306139366363356435376433613436323237353062643262333863623130313634373962373138
64643937303137343239373165383930393339313164636331353661626433663939373333303234
65393166383437613136356531346164633430353664336663366232643138313864323663663366
37663332393866623332373836396134343534636132333866386166383831636136373738653861
37353732643738336239326162626634386334386264353735356233396533663538373735613062
37353132356566333839613163626334323965666566383230373931346437636235666330366461
64343734313462303539386238653366613335373630323536623164633838343061393933353732
65633338356432396430366163343966313738396236616435636537613531346338343434656537
63393137376266366264376430666434343864646534373932356236363364306536326162333863
31316461336564643034363036323536376530366638363238346166646336363438323533663631
31376364316132333135666165626234666335636363326439393631653439336433653233356237
30353438636566346530666261646133316665663936366630386534326435626632643565653132
61613966613238643165376661313235633139376639653362363832333237326337613037323132
36623139306138396466323236323664386435633265626262366639313966313438326338663564
37396235396632653635333031336166613464363565666463326633343732336263303864623262
62396264333730363864393433653835303131316562303962316334376566633461366234313738
35616364363964323034366131383132633830653262663931383961333135396664326130376465
33343834313738636536666337313565363935646530613561393061336433393163646661613837
38323464386437313065323966613832363835343138623564363330366665313263613238633335
32636332336565363430333863376132383266663639636362646236623335613063666365333061
66626263346562353630646331313337656562633335313737306563333465616237383463626335
64633439626135656232363165613034613639353135343763636164386634653839383736643932
31343932386234616261656566346632306663373865653332646663653164306164656537333738
64626266323861373139616631313262356432343936383833323462653261346532386236376462
65656435353563356130396236303130623539663635636662313732663835376330303061633735
65376663326262306634363966376437353931323930623262306234366661343361376462323038
61613539303862626237376263303930353332613138373762396566643064376139646533366534
37326364333835323237346234346531646538346137333534336232376139626665306638643138
63626162383038666236633463336132653936363436363165646539626435316433343234623165
66666363663765366666653339636338396336336238333965316433623137643839626539376663
32383736373031393738616136653364326331636166633433326664366662623033326238313437
38666163376139616532386234313866333737626366353262376637346235343966356262653539
38376535326466393164336133303466373264323433363661356166323562323462636462336131
63333964316631646166613333343364663033353233613436646161393434373434373166643463
35336633306461656536656663666561636431366533393364396130323434643737353736373165
30303864366232353935623963303430333163663833623761373634646534613839636165366432
61356562643232316462343663373234616631633963663263623665326261666465323036653938
36623337303263316236393031313637363836343632613863663930343566633165663632373261
31663236346633383463393034653565373835333864396633373835323730623833353634363561
62636630323262323962643938393261646532663639376632326331656263393863353339626431
62353635643237356637316132613965663539396365316638323830353737363339356266373231
37646431616130636536326461393935393237326630326239333839353233653930623538633438
36326364643363326230616134343661663566613761363666326138393537386662633834343038
62366139356137343131613461633834666436626434336664363535623962323731623131383534
32316433353838323336303138363734343836356438623036363437353432323534393830653264
66356134336435303135336363333131613664376538656633656339323532396264373338383038
61313162303634336662626663313633326132313836313535356638343337636266636263653162
30333530666535656233323530346466613662666335313566323631616164333637326364343466
63383632313239653963613739306264323463653665646362646430383062633230396236363533
63323162323163326335383564306230613865353331623561313931326462306465
