$ANSIBLE_VAULT;1.1;AES256
65336261653963643731383134656464613136656565643965656364636235643836343235616263
3535636336373937326566623166346263383533363935360a633364353461363230613631353530
38383037616232373839306433666139656564656235383730616565666562353532656462393863
6266633633336638630a353365643736613536666431653732353066343636336230666434623561
33663539353762363164626364633364313834373538646337373538613064623233393766366134
39366632323532313766323835383834626662396631303932373932613036666132363166613932
34353731373862393634306230306432316463343862326461613463323031313537323539656463
30393438343633326432613937646237386332363139643837316561396235616662306231306166
33303235626530343462323564343331336530623535646235333230663662366563343533643734
33376631333430373533306332663739366261316238346234393961306361643162363361363361
38373837663865623765373230383337613839393939376164313464386633623135666163653161
30666565363533666239323963373638366439313530313937616365386637376266333863326363
32353666383036353662353539326364306638623334313264633131636361633539383865376634
37353737663562353838343133626239393966346463396532623737333135326533396661613265
32353339613035386361333161613037663162323161353530623934333864393431646333336432
65306538333165366337633239626232666465386538306630313136323534626432376137633765
65653737336565336163626535363563353562616461366337623762313062623232666439316433
66636662333032323864626630663062386437653437303762326235313532353261366561643665
38386336613530633363666530336136633664346237323337646139306532616230393462633036
34623736363066643232646266656339633834663330383939336633353963343835383364333462
61386334666638313238633661613466383433376439323034393338323461653230666462393063
38623736623362613733616633353865323765336236663964633632653035653830306534643963
32636334656264316266343064623537666466316438383339646137363366306131363332366266
63643766383465303964343033663438356530383339386137383733343431373530666664323566
63643066613134656635343765313764343836656537626636323939386436626361363731666564
65616461383835353737623338396435613364666431623732383530616636646635313263616138
62663133313631616263653738396662363435616462343733626236303234313238333065633739
33343066363336306135343464313437343263316134323765643563333233316565643238643033
36663937643062346636663038366331306335393339323861613731626331373335336133333230
33613066336464326431393335316133643639326234656366333532623433333835313232366535
30303164366234626263666363353131326461313339653130376132303638643532353232393135
33383035613161346239636561396430306162323639356161623433353664306433666130363561
36373861336366326236656330316230636531313333616132613631343535666235343266623065
36633138393463333038343263383935353735333537346230666438623463656365613063613636
33396166666462363737636636313530663536663963616665363736663932626262366361333734
31363636313134363064653466303732623835326432386430373535623234323432353565323865
65346136353363386438386266363233333739353365356663663066643033303366303739323733
38336166386132626134323137656366653363623732353833306137326164346431646431313336
35386434346339356163383033633938613864313463363637616466346466646437646164393834
30353632363131373537653832626137393932646261353066303766313066613631386431323661
33373662663263306266306464306232363966306535623664343335656132393135626463313463
65653161366135356238363139333832633261376634316632633763396161383533333232303661
34366534316234363131303438313562666337336635356164383762343463313462643634383962
34346338323036316332643933396232663834333632363961383437363030616336643033643533
32656634633965663866333232343262366338633164656433653865326161643136323965386532
36313064383363623630663666323666633561336663656131383363383037616631393463373638
31643735393461653138613166643665323637633964313064623836626537633439343765333362
31326338303866646532623165663738323163383537373761383935646139393235366263663633
37343435623461396631626461303736313338653739626631353065303036356363353339383231
62393066353134346163646336343134376538626632366337366237333937616630373833376463
33373636623064326233353236356531323632346165383132643337633063393466663037623361
30666639613561306138373637383338373137376164626230626366373531366661643666616439
64353162633365353733653237363933396163333864393230643135633966393832636632656265
39663763646238393134306430376336326132323634626635316565383331303930643739623161
36653934373233616463313632326131353866396232643264656330666561333566303132353063
39323233663838353631333433393063393236363138323462336164353838313935623938313435
30643766396162646331343432643335303230656264306466376230343762326263343066323166
39633835643335656332313434336461343461326234663136626266623738623438353236376130
31343365626131363339333433646138366461666166386635636663313933636564363538333664
32376465376234613838616539386630633835376430653864326361343166663733666630323766
34363465363463306261306663336236623966346538303465306134646263396231643531373964
65336166393734303733623531336430633638363935376262636336323135643766666538633131
63383936393633626161343932313634326364306666366566663737636563396636356433386264
33613265623937396661323136373465626666393038353861353531396130633763646134633530
38613633343332316639373266333034326234376565316565383631396131663861373464373132
39373433343139336135376464643636633632636435616138663963303866613165636461313463
36396263393933303961366331666139363031626433313465393761383138613166643439326138
35386661643662353761633962343562353463303062386539306439666162333435313431663932
31336666343065326639643632633964376231613162623065376564376334656536363732646231
30613765393061613961336162346665613432656131653531623436333936653864363735653932
32396235353561366330623739346238383633323932623538333636326331383364643935613932
39303132353732396337383730303864633433333064363934306530303834366662376331613038
38636539363538333164663032663532336332643164626630336361653261343061343533313562
33663730386130313330383431653065616231396566643365393837663438346130666665663162
61336365613561623830393333323736303938626436366266613261343133653631333538396330
31356131323633333435656535643166613337353234653366353738656136626266323631633163
37653037373566666431646231623734303866616135336537633365383564616638666566383064
39636538653537386662626565373436636636646464633861343136366136633535626231366534
32633339376231333136646633613265633762343232373164353036633762363263333533653734
66636532623634303439323932633237303737376635643632326437666531393839386238633837
65316565303039656437613862613135336161646261336463363562613536643237336631663938
66393031333432393138353866383232386664383630316630316535643361633534613738376364
37336161623635376633313733643862623362316564346666396430373336323632656565613463
34373333633462373532656238366135353162333432623832666532366263383863373436316434
37313330336261623666366365353137656562346566333833666666656165346463613865346461
33316661373438353035323633306261343838656435383038343238326137616639386130343134
34343138646436323363613664616162393631343062633131316133353030613563646532323532
32613561646664316132363863316161303935653531323463666264656663663336616437393539
65633339353539663664353036383664633861626232373831323662316164336235346436633237
36383137303363373038323532313863633738313930626438646139373030393532393733633339
32303865616635316466326562376166323136343163376638333636393535653034623930383161
39383536363632653432323838303763613036376630396436353836333463303834663531343466
37393463366532336464396264396534323630303436303865373433636434373262343934623365
38663132373433663565333039643632383462366166306130363066303235373235613438653634
37646663336537363034303630346439393863666162323832333534613062383630656433396163
38343838323138663163373030313936633138343930396562326233663163656532393439663432
30363138656639623766323166333436646639366562363363346536356561366130303634356161
32646666646466616161396463383738616234643533383064653337393665306437623330383362
37643365343165616564656161626233363630633130333837356164356266346536616664306534
39303463353433613139356264623034663337633530626532656265346636636131336237373934
38646565663361303162623138623031386263623230363733383266313462643161653731363361
62393334333265313536306265623434346634626338333166326663616131353533396132623035
64623931346636663137336535336636373333636264623238333530313635373264313535326465
37353834323233613334313062396661353061303230643738343130633336396365623964303337
38343435396464663966333538313834363965616436303433613964313465616133363731323535
66626461613365393165333164306134656530666263663931383837333030343763343563396364
39346261323539636636643533636166353663623066393937343730663965656566396565383735
32346266396439616661333164626137653431663239386333353436373066643964656632393433
30333733656131386337633331613538336335626235666361373539643034386237306631613338
32613866376634663338366431623633343164653731633337333261653838656634363163653665
33663535613935613132613361306635663963316433653165353532653232643833653538656232
65393635326434323430383732393361386563363335343763306330656561306539313065643736
37333338363138383439316336376466616466373866323761326263343035653462306263656232
31643933323465393435323334386562313034343539393433306635616433353437626464623835
39323465306439346238336434653163303638633465373261633831623334363239316535333063
33373938306435616666346236303139626330376338636138303930313130373065363235646164
36383162363232656130363063323135643835323933636437343263303837333733663736626634
37613562333639636663633162393231613762356439653065653662653766656232303736333337
33636638373237393066336632373661373431613637383463656235343937346661316634663030
61316237653835613037666134326163633338636632653035333438373066306439366266353462
38356239343462366439393864663134393033656661373462306161393437366361663136306363
38643537316237623233616137663531393036636563306563633232323863663761376162313534
30353735323437646138616139366163303362636663323561363631346639393033643134616133
63346432316465313838323264623365663833346132396237613530313636303737323338323335
63373365623433373663316666373532393035373863646262326333393138353465633836353638
33376163633933313538613137653432306563353632656366306435633830663533643461643432
66613737373166393338393231623266656239356437323636623635623162633362393439383038
38303434636332363335643561653663386533623836386132653563363034346630363933663536
66623830363432663765393562636661363761376337373434383064393334356261623166313761
66336165306535626135383039396330303563383137303261366165343261613832366333653234
38616532346633373664613332343631623132386238386461353835346461616331323432666638
61383563616534666138343933323638613165383738623637366530343334376136396531333835
32393638303164363638393338376232383565613733386663666661303364383665666535333665
62623765623132643331323634393461313934623237306666643137303833363766376639373663
38373235643639613464363839663435373862323239633234636463316465373337326135356164
37333464383865626566373034353439666162356435383333316232666536646462646432373836
31666431646134396536346164636535626465336464323335336230666137386165306265383361
30396165386265326661663765336634396161656533343135643163383633376130663565613965
65323262643339313066666530333863303066343363343635333637636438386331313561313563
32383638343764396639353162633837636133333034333738353830653135313938303535316161
33343264643062376531646263366264303835646163336164656462373239306634353230346134
65383263643466363866626435643736636561373265396532346138626637386636616232373662
34323737386639636538383631643736353338313562336339633164313633633163386562346638
65396239623565646566653835613830313938343765653637663935633262323933626666303733
32353938383866643534303132393731393732366435363863376436626538306265656433376336
39663764343430396634363061363636663630336265323034653334633031623331396130663738
65323939393433393865306361333237333932306162363364613161383032323263646562653136
33333035333438623337656431666132373731376238643362623061323662646366663634633562
35633231336466663966343564323035323532666439613139323664666564393138313133373438
39383536613934386165383964616438336165663235396437363238353137326635666664396233
61323464613031393263313766643733323036303936343835643939386234376234353231613064
36373630646531643966333930383132663263313036646566633361643063393738633235343161
39613138626332323436623830626230363033396466616137313265303538316537643366316138
65666332663536313333396232356261663461653066363635333136626262386263633937326262
34393233306166376138306364383936383235333033616662623539343963383566323834643063
33613630353263633265646564666131313532326632326133386465323463623932643063643933
65346433643764636436613961633339653632623664623038313031363263613837656634646163
64636562326239336362326233316533623133363735336137663938653232333866636564613434
38346162363631613966663233646664393862666562393931306334646637643231616334656163
39326137383864326365313333363333656261366264343766323237316265383964386135653439
31626435373161373864323731376165306262663633323666333632313236373566653762366561
62356466656261643865373865316662396164373739346561346463656331633636643636316532
34356565373035363935336530366637303431633539326665663833326336393761376134653965
31343331393039653661323930393961626364633265313133613037313834373332393162376330
33643432623037613535653161393662623039643331383534343631626464313238373637366364
33313338323665366466663734333139353665636239626664393632643435353032316264393066
35653138656137323633376566323635333239343836643437393765663535346636373461363765
36393935373462643233663662663330356463316231623936663336343837646330313339303736
66633036613365383630376264326532633735656463316338376161303233333764633861373331
37386565306334363730313630333434353863363830346339333530623764353063313030316132
31313366653564623335666363336438343834316237333837376363643433373833633364326662
64623466316461393265343966336338643630313937356135653766336538393332306637343430
31363830346263333939303261636264316231656636333161356538633761353364
