$ANSIBLE_VAULT;1.1;AES256
64636539333863616236623037613466633233663233663963313762303462623761316561313636
3336643335323837303162363865373239393135656236330a333839656532636531616235353564
64646630616663313333373636393533323733663532633838313266626663383436626137356562
6263383362643635390a643636376661633834396664313061633132366465373933393762373265
63623837373264366464623336623737343938326430633539643366336166303865376139396639
33376634616437363365613566303466336232346336333361626333396533376639666262383365
66383435353832326132653936393038616663666630316165373835316136343431613762646630
33366337616436386538663736626139663361656130636565383865613932336165653838663036
65653264613631376637633633333432326532613265613261643066333962666335363735643037
64383135356666373865393232633462626562626365313431346364646565366363333230616430
35653732393638303139656537386631323161306434353166353564306134323338353538633933
36383762633437356134316532373033396636326563356633366634323030616465323161623935
34383933316365326563646335343938373336373139616264383463633937383231363435613335
61663834333636303932656362623936323365386236653466666337346139653136653334393662
66353238353839323134613061656362643762666662353030366266613832336339666463653134
64363330366438666264363837663937393063386634363065373537666262346265353564303936
39623562623235313836613936396666646630633739356532333839633332353634316638346361
36353236653334393665363963336364633866353738386462336539383363616534333738326631
33393765313264386464626437363461343963343036393033346636353935373866343137396235
33393135623538343033376338366132396333653136656237306333633966363361343132613862
32316562313036346138666539613034643633623535303431353035646262656233636263373936
32336130663132323961303264366631356636353230313137303932393933373965653634393739
39636361656238343765376634646137313663646533376136626432343736373162633662343962
33613232653966623831303937366537313737376366366562343233316332626263633837646364
32623563303634613033323638653935613861373965346131626636633135353932356662343937
35393830303335646134323536303461343931636430363938396534643964363932653863363137
31383861333364336561333232383433626231386433613735303239613762356163303333666232
32396163363537613137373838363138326466333262316465373532336136623434626338633665
37623966313130353430353230326233383964666435633232643830346565373833386232373566
39346166383764653637383036636466333430623734343536636565346164346162366364313135
61623162363631386666313739393862653264356461306336336338353839613034643462666230
34346631386334633366633636663863616337333763613632356330316262393334393262626365
66383835333763346163346134643336356530393130363533376339633361313364346465633437
38666137616639623162396466656434633531363332323132633235346131626132333766353237
66623063636631373838366537306562613964323563306332626364633864656565613665626263
63613135666234613938393463353938383235363766336130343439353730366631663636366433
38376664666165346331363862626462323934353330623361643232323666326661623138613733
31623738623436306537343434653133386266613836373030643335346633303533343033656261
38393065656364646530623064656433666463663764303332653939303338303139643031653333
62346131316138323936616562313765613638636366643332643037623037303062633436356431
66643730323832613939386637363161353666613963333161353539663030393764323866363462
33393863316631313464626361656436386134356133613665393936373539616331326236623537
32383937633530336331373337323461663332656334333964623731363161623363643039366162
33303436323863356230393965666530653564666466633235663661626461363336373936323930
63663537613534363631656131336131366664653934356236666636633964373735376666643134
39666663396433323236313465396662313266336630333436363038373233396663333939656465
38373062623962343039323664383434303866393262636638623831376636616231643764343332
35316234326135663336316532633164356532313366383335643762656666343464326663376665
63613136396535383738616664663964303261663934636637386136636439623461646161366562
61356339386636313738613230323138613933313338653037383836343736386363336631383461
34383661316162373936623566373932623939376335633831313831653935336465306634383565
34353930373333336534336632643666386537643530663639633434653962333934313165306138
61626437353234646337343033316664343566356135643662333130613762643030343864386635
64616236326438303365373733613838393836633261356432316434616263313539666136663235
30663834343235383565386337663666643266333938373166356664656163623335336135386537
39326662613136656533393966663361373764306139333163643933666166613033393238336431
31393334346264316331643366336562396262333464303036656336623631396464353331333431
39636563313864323539646635363961323661353536653630626662306239343866383564373030
65616365346135376436386432626432346262666562336434616264323163396534343937333664
36316533633864633263386666666565363930666234346162343038373638353532316132633638
39373466646531313831663465383566303430653930363536333733656163653531666138616437
65636233636130383833613534663064653638373334316436643231346266616262383266623634
62386532663934633534303661666163633831333232333236303930316338626331613739306639
32353766306533356530383563383265616430303439373466366637666531373737633837383864
61613164393364613263303330636334633238316335393937366564626533613136353830316337
31613337656364343665313735633565303135646565616632633938653266343862636365396534
64643331356432623462343032356631363133363364363165636439373235373363356231666338
34373439346632343964373437303261643161316561343034323531616462353136353637303263
66633131643261396130333063303630323732386463313837626262346638313431386665633035
30373336656361383966636233363835633566396432373134356438343534663436303262363932
33633132363162393766353132363066303764353935656665386131636335326538343339333233
62393463663664633439613631323335393065646432666230333566633461633263616661393638
36323339653230323934386466303138616531333035663139353737383834346439393833376431
64616339633032663261653730333035373237356231316263303963353363616636646236316166
37646663326133666338383931643763626339343062356131336231656237383566663162666262
61323265626166656666633938396135303431316466306439346339303131356336363631616437
30613232363964356162346133646361613430646634323232343539643033373364323834623633
63623331313937616363356663613337363030323661386636656638396432316338326233383364
61306130373461303635643639373132653638346461383533346534323132646333393065636166
63363737633332613138363565623735353161656666346436646639353933346331623162333534
39373832613934356564353639333430623861623264653039346530616665663763636330316566
30363465656133333462643362376363346439353239306333363439343631316331343466363963
32366232373933303935383636666366656639623861353165383139633734366231653938393031
33363938656238373362303863656565323765613664383839333039383236636638363631363139
30623662316566366138383532333634613165663464393435363334623932633361343964663361
36633231343931636365623634383666356366303264343030356139643234643836343734356234
62303864373938626139656338363335663539333731616464663937656132633162393832343736
33336366323566383735376564313834633962626334383139636364373239623331383461616436
39353666616134336162653530396662623264353464656565666630363639656634346361353935
30613137653331633634646162343934363139383164663137636364323966336261366361383965
34333532356163336235383763383730626364366437633265653736633063373134333835656634
33373232626538366134343565333934376439386137643436663766376161323738386464336664
65626464613365613666613135333464303939353530623838643439306236376436316662323239
36326161656438646565636236626365663534386236376331633763343233663130636439643830
32336134643630393965633738383931333036326339343131303439363931313238646330393238
33643263303431626337613736376234646536356438646363333831643364633966326262306632
62353133643564613063303564366231613839666237626534613030613836313936346134623135
38303837643266383737613266303039313562643962323738663039313766386237303366306338
37303037333462383936313163663735643666373436333638336334663337316132383132326638
35326638653264356365666364353933343666383639393839643135323265343366386532323339
62663765623338386166373264653361353363333831653130333134323332356636343563333835
39303539653939343865306637353763333134326161636234613663643735396236616233366439
37316632633237313431343735323262633862653661643437396437306563343932336432346166
33623638633639646362316432656230386237656263663739393162636430303131613037613632
65356662626432643366613739343035353332653834396633613236396263373263353864383634
62383731316236616562386139333634666564386336303262366431396233633333643135313863
37323132343231656233643130613632303563303365336232323735383433343961383762656434
64323131326461393064616132373739373933376332663030663034323331333632383266613463
38383132343432646666393336323535613363366630653537346666333230336338353439653961
38376330373131616566623831393432643461353238626136626434316236376537323261656236
63643531623363343961383636373761366639306437656537623962613836396566376237656439
37306538376363653231393764626630663632393632636136353737383463663664646564393536
39346666663237326639396630626330646661626234393236626265613634353031353334363631
66636635646230333638623964613830373930313034623865613135383034343635616439613232
62396632626562623066313839333562623661613264323931393535333466373766633238356666
38613062333166316631323633396539383539336639653831396531396266373961363964333736
65633830323265393533623461633930303265656636303933353038363736363638633731663664
33653234303331333961626331306261323130326562633935646331333461316338363632623230
64336135343866306338336632383131333031663431623266386534643133316266393830623663
64343035623664336664376431353534386564373132633566376131336134663831313239393763
30383136333831653135623033313933613436306666306335343739643836613463313035663831
38343832633964303566303233633666346138363439616634396264623065376637663564386531
34383862613563323535636263303038623434383436313566373764316639323362333665643663
34313634393832303161653338663936633834343038653536336565393539356261373236613535
39316361613834393666343065656233633334666662396162626630376437306163393664626365
30653732303661663561346531656638323165393633626362306562623561306131383566316539
64313363613165653836353965303530666632343464653938383034376661646533633564653964
64396565373132373837333762316662613363343736313334613139356465383138613161643238
63663533376166383862393066303266646162633432373665626566333564313839643964626638
35656636626565313265636436336634383561663738353662616364376231616230316632663464
65656234343830316463346663336539393733333138393430313434326533643239333433656134
35363330303565383430336566303063646461333464303932343865353233663234303631356437
33646437663262623230633735646132363661393661366664386331363462326539643337636530
39666533633664633234343864623637663866613333326237343735393132343335366536333665
33393763343537373032613265396634343036353062663861316534326636623731626462393936
32353061373661363536613865376438366133326631303365633062343737396136303661623337
30666263393766613835633537326632316439613730636637326136343535393138326430616532
32613138336230393638336163656163313162393931363665383132353536356364633165313536
37366433626333343939643236343464346238313334626138376232623932303838323736323931
39363464333365616362396361623366316432366136373032373438613334643834653466666663
32396137393134343934633764646465626632653138643061333731636465656130303937636666
35373834613039653835343264306365376261336437343934326139626235646265396634663364
33346231363237333234646131646261626661383662313937636235663864626436343861356131
62393932633739346238383331613861303365373234343333646364376564613165353565326139
38346132666364656666633464616535366531383136363133313538613837303234363362356462
63366661613238303266313835376465623565306630396431343137643265633862633334356261
65663632303366616635623034633032353639616533663765316164383961663463633537373535
63396464323136613731653662303864623461363339346463346138633266353336636434623433
31343036613934336338333434633133393431376562616139316363356234643462663465653139
38363635356163663963336631323733306464393361376430643736326334336462666136333533
33333663653030323530616262366564343030323836663134383565646632636266363831323736
66613434643964326266383937303232663434383265353834363466653539336466663363646531
33313534636434353961343130616433323334383236623837643934333162386136333065346164
66363665373564356535653437346137623564376666396336656431323261323466323138643338
35373334306461643365393632633638343631353436646530313539376437613064663863346264
65373564643532323236353438323766656432396637663966663839643862376663306466356463
32393632643264656132656639316165383537613134326539366639386639353334326365373866
32316637373463376564663837333439616465306536393233653738386636616134373563653263
65656239613832373664386364346538383965363338616465386235396330613437326538663733
31306361383730396534663262306435396562353663306534623061623831383930313965656662
65656638653765333238353162373137346432333233316538386530653437313766646134313861
31636666306133626662326230336631333761623532653039333232336637393162346135363934
31343132343664313631636330623161663236366233393461303333393938386362393835313764
33616335643064383933663632653331306434303933333637663035363634383765353462366436
30663861383431656164633134653930633938613136333366663164663036373932333635363533
64383666386564623461383263666430313639626131653531626664396562353962653863666339
35333531643239613039363639373861383630386539376537333736383862363732636337313263
65343265373363393938323737653832326636366564353163396364393235356535363136653633
33333137613131353737356639353035393835613330346532663961373662396432333563313661
61623963626264333933643662623163333738643932653539306232363637626436613735373739
37663238316235316434623766386435373031396664383764653336636537383433303036393564
33666134623533376465623164336663346665646462393565626135383666636562353636666133
65626638303461336337633265623861313366303238653665383762333831663733323361663366
3037353037393534326565636137393664373137613162313964
