$ANSIBLE_VAULT;1.1;AES256
30383462306535643235636165643166363434346334343962393331333966383437356436363436
6165373936663464333465386165363061666435663866370a646339623131643837346430333436
36666339316236376262353634386264663066323862316234623638333931643937336530356238
3865613230333731350a386365393464663266643535323034303130633035316663303430313838
32643165363964653133386636303962363738636563356134353265383536343665643534626333
32316337643266313938646330376338383432336433396233396365393465363264306138613634
30613263346130303236386461366335393334383865323332343562336134333965333439643866
64303633313066396233376437623666643631653738336365613733343734636464366561346531
61386535626265353937373639616562346236623730326666636333346533343839356565666561
38346532636639613963626233313833343535373633646632303239336237656437306364323930
65613639653135353066366365653763393631643362656131306638656662663539623466643532
65666565393730316161383261656462633630336339643632623134666331356631663962356466
65626564626336633764376665346636343934313037613866393237393434376438623237316232
64343638643562633565323339313036653161343463383862373737336130626436626232303039
64656436633338633938386661326364656661643562626265626438626533636662316264633135
39383966376535643664393662343132303266613264336537666466633466323737313630303563
36366330353666656566363666343966383030373563623736396630393838653262356435656231
38643866353335626339386531343261393634663630366236343065363633663637656139646634
34643735353033396331646363666130343130623766633534396366616635373738636630316364
39356634323061333437666561353862373138313331303163343630333063353364643532643539
35323462383038303433386139396166366238643137623865643736353237353339353436363165
63313539646534616365656134363439646333663662323465313236363165653831666237366262
38383638303961383362313632636532306435613464343030353334306639366366326535313430
36613330646331646237333634316439333066383264336461353734666366643336363964616363
34353865386138646333633162373061666362646138633633326638393732396366363533323862
36663934626262613338353261363566643730313337646631623839333731656631623066346137
63653134653632343132363035306561316265333632653966313831636537316462613962653437
64336436373964343635666239626437323265373234343032653034653936393531643936306234
37643933373635366232313234653139626636393537663336613138336639636430643565656339
35623837326166306631356536383932353663373239383961656537356435626632343532366332
37666339636138636535353336383937616635626564333861656562303165646230383336333437
63666439366537383636356361393336373063366534653638646366393235313339306435363531
38373935366531613965626135383930303763383364653539636538633336653866373439623731
37653337663434343561663031353366323064613066623031343062626465303962623666623831
34396332376639616336373037643061356431623735313236363232336366653136643931643737
35363764313865653461303561363365323339313665663364343932646334396232656333666266
35643266303735386330373339313938323935663237663835393764623466613564636262323230
61343238613261323163373330636533366264326438633035336632653537386363343339653561
31643161366336356166323032353230393565333236336233613264633335663161313537386430
31363031663864653762323735396336313735346566636238613261353562323132613536373831
35613337656363383962336436393339363438373533356239643331356365343933656465623961
64343062373761383932373738376337353134353132393339393036396662313230653265623833
65666465316239343538616439616236343666633866303138323433326430313463383864313837
31636132373332623935656365376163656464663330623765333637393137326637336465666432
36366636353636313637633461623438306161303461656137623336326361643939393334303161
35616334356262613835396534353966326537663234313536353165323262616133346536393835
34316430633430336633333938653735666561386534323733373334633261643164393331366335
33666663373534633730643739623438613630646434393036633730633761646539616234626162
31646135346261366636323733313039373037343437396631613236323565343236633138616162
35346638656262626562363733376537656465333439396138383231656232393533656237396163
35333830336236616562393031303264383365333335383761623262323161313939343364656331
64656165653361353834373131386562313264393131326630376566356563323832643766336366
36316339376430643132323736613433633765383039626637383765646339646132323839393730
61353139653938643363646663353831336566343861633663363138333232376434326632613836
66363538373538303032626538366131313539383635363037396337623165356663653330373134
65643563343339373133303663636135613935373065656366626238323339343831653964383865
35376233306534636662666464316535366264653861333438323633626363386263373333346138
34623433656466623737653261343939363766303366643666633036346336323363636631326163
39346436363066646131363933613733663739376164336530333831623139393865643632316162
66383138623436373939633563303032316239663464663631613238356632333065383833363333
32373139383333666239363663356265343030333130633437623333653164376332616662383666
65373963373031323035656136663463363436313566653134316231636264633630303632653161
36623831383930366162383264653238346638366430666531323562383466393531653731393336
66373838353838333765343133393933306531373132383436306436356366343831373865386263
63373234616130616538353630356339613430316362646332313564653939303064306137323334
65316230636233636334643734353338363530386635633263373235343666316364656564393837
63373765663361373866653865313934366264623438313134616562653963643466386532323239
36623331666438323763653530643966386463366133656636386265653164663833633662626165
39333834333733633531653963353762643237353661386139663738383231646135373135623263
38353437333961613838353363343136313565376363303739323863363136663765303331616563
38343662633363333237383633306436343863336361643263303565356637353632313166653661
31303033333934623537333665316333353535666162633635356238323233616339653761656236
36393638396238653264653238636432363239386234643633666437663538623565613039366232
39383032306161306430363962653562316334373663333635393731333430373237633962613764
35626663643138366564396238313864336234306333616363623666376436306161616633376333
39393530613766653135393131643335306237363733303338653738343665306266373233373436
66626235303938383961633565386530643665663030306463363533393938393234346330633066
32353336636130333834623130386464343736346631383731636337616662633663326465326230
36373732656538346432313538323065646439363132306137363362313134306162616266353865
66646239306164313736623239336337376232333236313966616632336534346661313834313132
34643734616466613131306366376363333234353666323635613533356632323063373532616431
64353730353038363863653335616465343263356166616537353935393136636236633933303233
63396639636531366435333032626233633130383432623239323437336530346538636330396664
34383465613236303935613062656232326438383130613333636532306536623630633531613564
64336130346361323361386338636231313465613537363637363330643435383461393661613265
33306664393436356134353934646161633163363431353438663038366234323738303733346339
39313630343662393937323832323562623864613764383833643537333462616565353132303537
32383939653564643631346638316265313963303330643861333833323432356337663637333039
37613365346464343538633266386438343261616130336232376139656334666164356232623165
39393736363266386537666162656637356332633564666434323662376164346134306336653862
65386333306263373666666361653130636665353837663539316133323438306631666530336337
34346634313139383437623265333332626166363566633030376232306532376638323766653665
37643938663463306234393435356161303838333664366461666537333635636165313465653730
32346135636563613366663637643933353761333937656363666338383932623539643164323462
35656334656365333439363235623036656163316461363939666564343966383835366239613238
31313962346237336339343565353237303139316637663832626238316230316435656536303932
64386236323935316366343865663234616162356264303237376431626561636631396164323062
34633639383937356339656666623339643739313238313161366239656536353239303236633337
64303939313339343661393066306533623134306665626639653365623836356161643734313733
65646635376630356163373631626638303337396534633038623233333963376335363764656637
62366132303065313061383334343832633661366139646463386531653337623066386366386535
63656561316264366234663839306561313939303161316163656161633838316464376363666665
61393634306666303063363237373265336563326633313932326534326333336234633136336332
33373864366236343861346437343435326664653135656639323134313736633635333534356334
39393462643331656234373564333133333361343533333464626432326566613261306639383635
33353062626236623834323766356134343139393535646462373662633032653035303536663739
61643234376332633837616335666636633666653262643538313534383436336665303330646633
30363966373636643838393463303237333734646132643731633139383766353866663233663364
39613537353632376662326231373034303566373263396636663530643563383666636265623565
35613530323962663336373335623239643562613431306435356630313063633334323032306562
33346235623330636430613865656366316630346439303465356335643962336262376264623839
36363238386261323461343232303333306431386236616631613665383630313765613766316237
63396534306334316233613463626136346463633130613339623461623636336663323736613861
62303066313064616237313465336431363732343764316566393135356465303462626562656662
65336438343663626236663735363261653463653638653238363531353135376338636266333935
39336262383362336137326161373830613738663937306462663934346238336462643432313665
62383531646531306262616337353161386238636564353738303638363864626436333537333936
30643533613363353333363731353939643061623530653934633535366635343130636439313830
62666565323062393132343238343938303236366331333365313061643431303635323036363463
64366532383532353638333235623834303137623534663562306339646430313531343338336663
36376565616239373237633734363130656637343139613361323837633162656332663933663066
32363965656635393437396433363636363636376462616133623263653632646231386537303736
64386137376664636563303362353637626230646366343165623035346132623263376537313961
39303033623735616333353235646665383937623038303862306565616361373534376237323630
32303061643135623363383836336634623836303066306465623963626230306361333633303835
33323931353135376534613465376436643939353831666665646534303263306265356437356662
62343032663862383234623230343932336233643563343061656132633462613736663432643331
62353864313837313561356462346365373164336334626363316636613165616636613939316266
36313631613435306466653034626236343636323532356532656332393664373935353832373866
62623964306265633334336330353333316437633366656633326631353834306561643834353761
33383965663461353165333165633031383961313734666433303462643038323961663830346435
33333532646533373339323365663437663335313937383136323231326233393033326566653734
31376665393266646361343233336166613066383034363562383062373934306235663438313439
36346638363735613561646631343738323538613765323538343139343261623565386139666665
31313930336366633566636639653763393233666562643831306432336135633866333037376537
38343337613863373131663635613663373136666435363635373136303634366234623938313431
39353733613339313963386362666462646230646363333433393334313139656134313563636563
33333637396134356339633762616130383966396163356437326562343034376262343961333135
66633264306236646338343761343532623062396537326434336465343335613238386463373939
31636433376534633139336131383263326637303561623631613632646537386339333563306666
39313066623431616237643965343561363430623439353861623338303264383235356362363234
39643266316330353238663465376539396663326263616631323238303766663737353533656230
65356361316364656334353061333362366535376535643164336164363565646235643365663138
34633835613930353430663363343537303562383935386633336161323932343833303062666562
66613634646461656664663332643930323137333730663066303136353739373632363966333139
64336462656237393531383964656666353031653937663663636439356564613931376161636165
36333237363536396465326534326335366566363838333839363464313533343435383937656633
33316137313633326537366664376630326436343735646662643462653935343566333831366333
36653831323538633166636439363535613530393863613030306165346537356236626361323061
65656465623761313235373265363335346263316361393932346164623939636265363333633534
64626463623466363430613233626235383034303735656438373732306238303930363436316363
64316466316531646239373662363130343663656231643631346436663830393461373562643036
39326439663263366237363265656133383466396137646630393862346139636365323261656131
36393930333338316462643834373461363137306630373462356432393363386164623138313963
66356566356463653938633033633464386534343634303861336235336630623438386430343062
36343137646261643436393461656633663037643465663031356461376165316163316231363431
36396132396339313834663761613333383462373239386435396562353366373539383435333838
61393037313431616633386663666330626566643336326139653235623632633064653362663433
32396465373035343838666362613662356435356161323532616432373038393536663065343836
63383136343731393634303631666130613136303366653032656131306338376236663866613230
32663763326336643936333437613130363137383437356130343839326561343938663035313235
64313736393830346638663063643839373035303638316633306530326565376566663831663436
33646330343738643762316636623962626465383462366238323135636336663561313936316564
31663661366238333038323038656263653062323635323865383536383131396638363062313837
31393738613338316230346564616264323063353935623134323032633637666136333037393635
35343663303435393533356236313337653936383030363137316238303861366436353938373962
62663539616235373332393338373162363332383637616134333462656362353030333261326465
61353134306238396364323864623665303135333261623063353965323536666464633031643230
65326636633234316561313165303131663233323963303939653561363131346665326438373663
38653666376330386537623434613234626539373233383832336433616133373736393930306265
64373961666162613666623562343364643730353465363565396230663062373138336466633337
62313432613963653334343965626536646262326163343231316264333132393639383662333864
37343764343337373833653764393031363031343534363164663233313264663136
