$ANSIBLE_VAULT;1.1;AES256
37383933376364346635613032383639626365663632633933313630396662373461306237336330
3835303462633066656632643362623661356431663931320a353032613435653032336666356263
66626334393133663630383666636666613265326330623539373136626133343930623036323832
3338663233393231630a653366313237646536623335386566613238353462376466343433616235
38313537393436353839633332646662636232343165323361616535656633363138623133623636
33306362336266383036303961396262633863366363656332343035633664653165653338303939
63633632383565306330353633316266653630636634373238393638393865363637363034306562
33653534323866333364393063363237396330333839623236376566316235623232623565626336
66653761313066636365643232393634353635333164653835333634333164383738633865323061
32316533333434356563626439303534636135376262383736333663633666396232343032663236
65653932313136373062363335616265386237613961373465333134356633626338373165316137
39386339623764383366363934326364613761343035626439363435333934626466303238613737
32363963396131393461373934666432613161646630323731623037356234643531646561656233
65646436376264303137626361376463386461666139393838653735376232386635306664366132
39643866393161656363323234396133663939373836633863356231663839653165333464653533
31343262623363306136656334343566306166616164343531393339366434346330373836306430
34666232623234376163393135333538343135333861613637343235373165383335313662343731
39623733653033376339326532643930333862343466656233363237636162336230623435616561
62366430633134366263653535383936373538613130376334376238633564623931373833363133
38666333383836316534373339313135343737623135353961393833646436633665373532646663
30363262623861313364353862396232373938653839306536373032666334666163336630663134
37373036626266643637326237393539333263303839353536353939613965373865663264333535
35633734393532313263396231616165626239393263306334313437383533336439663966333432
37653137393562363934646237373162653266376166316563333061373265653537366135303639
33623737646666376161393731336263656136663236626165363464623164383436343932343162
31343035656434326632643361353438323132363332353733613830663431613139306434353736
63313061663138343565653161383061363439343663356362666562393963316432396535633438
38356665633030663762393564366237663963646565336637343031653764633335336561346261
37626262333566373966383134393930653838356637386636356566363532333563306531346665
61306631623766636364383334373135383834366635336665363566626563356339343862663831
30393262653935373930373337656631643733343562636565396638356335663461656565353636
34306561313661616663353436356465636135376232313765623766343361353164656163313030
39616535306138663765373065383638646133356633376263646431656337646262373538393762
62393637356366636532353331346465373664363962613163363230343566393931353635393032
31393962663833383733383665316663336631303163323530663762393633343538643432643366
37653137663662353332383731306666393865633062656161646332323936616436616361363764
64656164306466643033663631653933306438653630343837633066323665373736383736343139
66353331663435303066373965353066616461633335333337373362643261356162316361316630
64303730373063653035613339373866653031623638636563333064383564306166346137663738
30633535343339376435323337663130303233663436653633326663383133666331626363386664
37613132636535383462396638663639303761396663653062626132643631323731366230316664
31336431303366636263303262313232313937336430346338373735346466626432363238626662
31366162616364666439336534663039633065346365386466323739646232613237316466313165
32303661353039366161626334306439333363313438616536656436363039333435656565383465
38663938323665336266623635326531353130653139633862643839366261336235653365303534
38643864353736353665363366636466346238396333383233366266383533356162376636646535
30373430396135393736646336643531386133353165313265323336393535313261303464383563
33623838353666366236653066656438373934383738363562666363326432656330636665356232
33353030336336323866386463646262643064663137353637666361366365623430626130343635
35326337393337393234383139396365356162636666323764643630316530313539663833613037
31623336373664613731343365396430366332333964663035366563353637333432666234366137
30663765346631306537376234363539646131666466353939393635363431633132373462396139
61336362623362386133656133653139363037373264353330643136306361303134643831393466
36363833383662656234613364643363656366646136643033333536356535363132326566633461
37343130346538626264376164346337366537646166336561376466376431373734373335333131
31653938383561343666623030616330616330353735386362316437323661623038663034623561
61376630616638303864346335613431646233386636623561386635313037326463363938636364
37376631333864366633343835633566666461653339343731636362663137363863326234313962
37373433623730383637336262393337303730393964633739356362633264643238653334386464
30353936396561336530396237323438613563616565363239326339616362373332383964313362
30346232373234656165373766306437353164313337316231383130643866396362643333363865
38356332323364666163646135323663306639376532363864343338353430333438626634646135
64333665343064626262363832333530623962353935386130383232613538623031653536376261
35633337313139383134353136656538306435366437623761373139363266363932376439653362
65393465643564303266636632663536376365356661393337373834356539383563363762656131
63666236613138626462383962316233663337333665333233313261316531306637646132313335
34626565656365633032326433656532333962323765336364313962343666343665326238376362
65316364373533623166306362306666623961363832373434656332633165343439396164303863
35363465643634336233646339323336383762666461623863616534616366373932623962303237
30373238373161626436663033356139616361656566663333633531643832663831383139336636
36336334653865386466336532316263626262333332616133653036373632366432666139316563
63366535313332343162326337316562616363363563366262643664356431353138343164383236
36383666663937383738363536373037623331663738616462653966336162316662376539636332
32323832333266643032656166343431323138636632343338663034303766623331303935343839
65636631333132626539356362393730343333333665373633613763336264386533666436343465
39643164626562333565613062343363626663643632333533633435383465346336303134343466
64613936623963356639363536353565343137373031373630653839653132313964356631346436
65396436393465613634656131336330306131363435323863663433663535313239626362383830
65323831363030316630626531323163373837343338306536636137326130376333343061333966
64643662656264383232663936393761643866343865326430656164613334636231613862616137
63343235333234616532383761353739653364656363633263633263356233636437376666353436
30316530326138303062353431393166356336393866336165663939306264656234323031353264
64353338613834323938656436386564363562306438353866613233353336643561343135646438
38376565616230323061393865656533313062393461353735366533343965616435633238623862
39373462636463336136366463376463393262323334653265386339376233316365376138343762
65353764333764316130376339623364383461353461343134356463386236303431326233663234
31653662336461613835373533633032646433643330316561353562336536386636396162666638
32303332306235646237346337343434623136646630303637613138353362663038373164323464
33616666376236376166633933303138626132616132656238613863633461313861306664306636
37653531666539346235303865303435363634306230343162666664393433316366396536353234
34306138616161323836353930653062613864623534633562656362656433643061373137636338
37616537356264376236333339396465303963343835313666303465356662356636643235656164
37393362306139343631343433623338373138376235386438306366653565636666373037326266
31653938653265656664333935383239613265613239343230626639323266303036313634326166
30653432323162333039353736386433346237306138363161633831623336613662343435333832
30326230663332313939636131656634626439313262306436303666633835356435323330336236
36393233383038626133383333326164636639376139343563613034393363343636613630326632
65636561343035303465336564633738666235613563363266656266663330613363323561393134
31313230616139616337653561386264653164663833323637363538653032333534643662366264
31306338656664346263333965373936653739613364353536366435336636383561646234633635
37616338383932393038313463326632366663383166643261393966383235356563623664393438
61303836616636656132306436633338623066623461336438643265316637363735633966616165
31663736636637623365643865366437396265333032336233373735313865633964323433656163
34616130646330336239383162623861386630383638393433386263383864386166643930366637
38656562393037313331653361313735643039373837356439623035373635663434643634653763
64386330303866336466643264633465613035623938666536343865633437393536346361636434
62383333613334626539666632356538306166653438323863616134643632633935306564343037
37353665633761623566383736363563373235363235356663323030366336316564393232636164
63653865616534636462313463306665376362373864636239313461313035656261646234646435
66306533373339373062336530343661646366343434623236626436613235643132666335373134
62316231373364386365303133376332323034336564346263326565653235356230333031306632
35353466633263663234366264343538346264383435373334333530613537373363336439313539
35663664396335363363616133306134636538653965383963643561646136353233656165393866
66636161646561363036636437633132353738636431616132333333663735626539316533333939
31356433353139336332386232663164393336383230353230326635386236353631303562626436
31346232643033336462613931623035616263633731393332646132336133366632623739323737
37303036666365373964383863303335643065396433353335343563613439316639393236336331
36656634353464373032356436626631323833316237666464356430643965373663656665336137
38663466323136666464316235343661373661386162643830626166346438653937316533666334
63363366653362316639653863343332333338366666383533376339333238656635613534623832
36623239646265333031383363373765626533663062373930373661616666373733653233616366
39623237376535643437396231656334386134636137336239353965643665363565646636636233
35656662633537343539643834633435336232626663333361326436313263363332303932316363
35386331386232656130613131643832323462643537643235323531623339303636363232623638
30666264376630386331663536326439663831373132643561366562323561363731383865363836
37316134333130343037323365383066366632633563643734653238393031663661626661383862
63323636613838396536646333643036333931666561386261363961626233333063636364346264
30356635613466383538393730653639656163376230623233636564376633313964356165633030
37663635383261396665373463633730653137613239653238323338353639663331313066343133
62393463316566616661663832663132323332336230313266623636313563326436666538666130
34353261643438633437613232626238656235393364646435363435396338383133643838383133
62333738633366353130376630633535376635363865663130623234626466333831316365373539
33323636663565383834646264306132646530313933653133343033393262363239396333613537
62323961643837326337646335323365353563623934313430663932646165356239333039306230
32396532356462643735333437346366633637343165643234333635336464613034363534663239
30623830356161373030323931343665616332383838393237373537316534613738323662633834
39666334313537373266373330353133386466393164383730626536356365623439646438363639
64343238633337313661613063626137643637633330653762373933303333633538306432313337
36373965633766643836343566306235306639653232393235353932386337613230396261303836
34663066336364666665373261306430653862363836333930666662306439346465656633326462
39626133303638613234393839393338656163633064373338323532613762613238303265653532
38633735666430373337656265643265333937316365663530366637313636393565613165613962
62636330356137633239643830383331356233626634613161303161373038323234633766663262
37386663386435393731356664316635313436663761373337356364313031323436353366396134
63316438656565313164333330383366656338343864646664633232626639393238313937333264
39616661633133663365663930343639393831633632376239626666383161303763626537363866
65636238323864636335383232393233643039663331643763383366363533326339653037353863
37313835383566653232656661306665646263316131356662316236366164373165633335653035
63363738623165326238316633366539643933646164303233373938353933656238363563356562
65636234363962613132376234653936313139323264343364636633616664373636316233616561
32336131663663633136616463363164316164323032393730383338393065643539366263633436
63323061393934323734376435396464373037306330373734356537393932666665653838363862
65636333396666376364636564613661363733353331303337363735323362333134316665666638
36663665353030386538613832646339663236303238623161666536643162326335393161656434
30373435326430353262343236306133393363343038613363663433393232613933656635396161
34356334396261316365643832616564616634623364386164313132346464313831313033613234
31383330326533343934656532666238303036666561626134636365356530303162306536313063
61623333386633366232323761373665323738326564346433656332663037306233303831393836
39313961643764333564316638383435373634363737396533396334373836393466316234316437
39343838313138393464386639653461396239646562353632333966353938613130303537336237
39373335646261323961326161313666336639316438663232326638633134343039303932646639
38373030353365333564366232643835383232616466666135336636613539323931353161643637
63396538656430373332303438393966336266333431626630313263353934643032303332326137
37376330643161353233306230303630313964333336373039326463376533373534333363366439
39393935666234373366346438313231643732333161316338383265383037313465303532616463
62393036636433373434323635343934643633313437643339353566643163383031316336633834
35626630313935326133313534633933356564613733613662653135653533373161326261643636
33303538363566626238613164333466343837616238616431393361613738643133613230663663
31316232323635363739633163326130306561363039653734626435383464666330323735376536
61303839306239336662393763363535663863316534303465383637636634616130373935643263
31373264326164333864396536316437643862383838646630303365373036643163343265353061
32393632313662336637313365353463623337326336313439376363643566393338303933636333
36333062623762646463613863313430623131366165636233333435633462643331
