$ANSIBLE_VAULT;1.1;AES256
30356362643433623565393630336635666635363933376238663031626632653563306430373762
3863623339663762396363326164626361366638616165370a636565633766346535326664303239
65396464323932333432343134333166366630346166356337383566393162643233393262646661
6436346162313939330a653863313433393731356339303765656361363365343163333933353464
35343566383133643238656161303638353161346630363236636230326435613364613235626266
39633936346466633462386138616433633835633034326333303332663063613562663736643338
64653464353036396162626632333531353062643265346238653465626363643131353631613364
31363764616330353133376331343566336266303931313536363630396235306330303237663138
30343733356539366337646363653638643864666536646330646664306163363933333037636436
33343531636261356535666464326135356533366664313430643433316333343933323464393033
63353265393161643939653936653532333131353463383831663466373166643862386235316634
65306638366564376261316563663034316663346532326532343439653632623763323763396162
62393065333838363037626334653262373837366562316134333333643138363431663564623738
63633432313462663230636534653064663330626339613761353864343565663136333535366431
37623338353139323037646234303838306161323931363163393062616564636534613437386562
36366632616662616665656330393437663062323933336466633538316465373039363835393432
33383065643061373830653830626566623362323365613862653434646234383938656363323966
39663538393932653765613665663039313830393662333839353435393030316332656634616262
32643231373061323030313136333964633938646564336630383630323363326332373530386566
35653865363834616531643563663364326564303266306466656366356666363331346234323236
64656132626438373235636363636562623963323062643962343738373439326430356562653931
66623665333630666530303165663035616564346537626631366131353433373339653539613865
66653735326339306464356261363064653936643536373336376330336361626364393463326462
62363863313765666439386438653462393064373236366237336563383033373562346231633333
36316430623465663964343939636434303830653531613535636236653665653336363533623134
32613436333031313462303537616135396534396666633865393037333331636435616135336664
61356237646232663363353464313734626633613964396164303638346462383836313362643137
33643864363332663839313261383931663762386562616338653630613262346136633065373830
64656336393934383064376264373665313630373462353036373933306161316133323063656633
66643033666130616436313935623763353732646233343362653033383738303030643138666131
61633635383938386265666239376162626564313965663534616336663034623931333731656563
36643730303236353933373632373161393138303638656134353161633962636361373030376266
32643234663632643336396238633132626235343938303139366130336162376564386261326262
36303234653938396535303062636535336631323839326464303961363366643162376330366439
38346235303265376166393230393735656438363831303961303031633338386265613561373234
31656531393431303064313938366166353862356662643565313766326162373339396438643962
33363262306132336661643162626265323433646337373464643566346635616538653533326637
34366634363737323662656161383539363666643639323430663761666338306634353961376462
62613162343064386331373638386637353730663066663631366631373566393830656162323935
35303335353661343038316261396537633338393566356636303861356138373538646566323335
31613666333465373961303262623165323761663033316133623766326238313338303165666662
36326332313137636562396538306563663464376437343735363639363566633364366136306361
35353638366434303863653434333139626462653661613337613233336431613032303863373539
63363737386430656562386532326432366336656235396462613331643462326666333539343038
31656461663966616339303134616562353735633235663465313965623635346637356466306132
63343432356630353731343130623764303637636564333533373936616239353661326630306334
39663937623464333837363431303966633133313864383462653562656562646632356435653864
34646534613734343230633064386363633235306666313838323639383632353565343735613733
34313736383736613033303633303139613833316531326466316631393432623238333961356137
38346330393330633534376337323262633739396133646537316636343233323839303139333735
35333063643365656235643564333437386263363732313036336631353835623265376235396132
63316630386633323636666435303539353034386634366463386262306461656332356630346330
39653139363665633133376231396364663233623431396166366638316431656633643033653663
31323036356130613465313363303238653131306433373730663838313765393737376536633163
31386138336565356630373263653738356263346438313437313061633364306539393039313463
37653939623866613963663762306233613863653163626237343230303639616635663265623335
62613134646566633664363835306337663930393766646235613665313133646365616430623364
33393363306436386166383262643966383032626137356434336236393262396164366238356261
35343132653539356538393263333961376363346666346235666437613932333631393333396231
34623964373463323464336537396234306533306134343438666434346262396631613034653539
39383831653138666263633036383533383830313066376137313063363665356437646662323065
32383234343537333736326432663331666265353230343730343562373437363464366166343763
32353637346364623137633430303262633131393130663630626166393531366137316235393335
64356262613436393234653934356634396535313538306439633233363861373337626632306232
63336261616638653065353531643436666334336530313832393363626564653334373261303465
31626635356636353534306335366332663035613835393435666238656465353334333734333965
61356265616532306636393439663932383333633735343564636539656133346365663564333534
33373632346635343364336339316338383438643166316461363435346239343034613335313336
39323235386534396432353564313636626530653265363536633733613065323633363164653765
64333463346165303766653964383362343930643862663930306336663263336338623136666232
35613434643332333962386333396339383062393536653132393136363265616662653632323037
61653838666363326165323662343735343835366635663839353331393666326536326539633432
61353066303436386436643763383738363565313632393864326634626462333761313330616434
37613566613237393663653262386662323432393232623563346136376164363962663632323136
32356238333761613366366332353337346564396631386663373132396135356533633766393232
62643237306161636334313464376437653237363361616132303064363764316538363239663561
61376539323831656236663564643135396565623365666364323232656138306534623532633635
39316533383538303936333861393866346138626139356239333961633339613262616363343638
35353336626634383962356538333565396230656330663062313164383662643930626562366334
63616436346262363239653166386266356437363661393030663733313065376131633435346139
61386631346637303032373166343136303035333962333139333538623931343030656636373462
66346438376366336130626666653866326261613165373339353135313134303735623236353831
61313437636233333465386165373138323432326238353936396362376130646539666434303766
37626130363532353964643039636666396361373361363434613137633662303832653263373835
64663437346662343563383166353236323334643631663065343265373331663666343630313931
39646337633632343035623065663335386330383163633139613065623435373537646639333033
36303030386636323332616561633034626639383036303739326438333762386662636531663663
63646339383738626132623433326439653335333662643230646237663161323063643538323439
30383231633132396136313435366363373534626635396363323562383765616438646265356163
63333735323364386661386334386539373266653738326437383662386161313463313163656332
31333639306161336130656466353961356633393434313134373836353034666437393634656439
39326666613066363161306563323032653332343239643030343234353332623666303364323039
63653162383137343062343566393461376330393662333765336263653233643934646538323634
62353735303734383030316134326362343363663737613934303130666130663937336137306330
65343438323231303834623066633037633062393736316462623338346465323334666561333465
61633863636265666133313335386435353534353964646365646563303138616566393566313838
62363734326362343531633134313830343638613036376332633136633464393835326234336339
66346163373465373334636438303038316135383335353265393764393034646264326564653964
65643061336361393034376361656638313331396631646165656532313032383763316532316564
64306665333035306231343732643430616437326538656165343535333263396139336362343832
35356534366531336362623639353238343038343337653230346664323362393563383866663832
33353962353731306266646336366433643333373133663933353866666265323462376563633631
37376664643533656532313732636131366131373734333661656632376465646162303735656536
32306632333862333461616164353236393138343535333136333334316431666234333461343234
37653434646534643766653134396663353163613862663833666661373963336365376232383061
34363532343866643637356635653233363531343962393032393463363937343963336231656337
63343264383431613766633735646430343634383930373538626638303433643865336261353465
64343630633536386530656335353864303030346130613861343933333864353463313131633063
34343364396335306462646530386663336539656232373838353431366165386130396432353038
65396538303761646631396533333030643938643933323632613334363837643065363634623335
63383430613132333166323631333962396439393765633461656136643162303330303139383134
34363764636666633566636663623131343432353032363465323764343134623463613634336233
63316236366633616564663030373736616439303339373031636264363164326434343134373733
31643134313864343061646132616434303862326432303832356266373436646166613536333365
30633233386538366666373261666461393761386133333631633233613533373835353064316335
32643737383833313530366137643865636535353463396433333735613931366461636537633939
35346530373166356633396134323737643833666632626330613837633132383133396632393736
35336563653336333562663636366632633836303139353632643937626238363265633466383838
61626236656462363135316438623464323261373336383536303339303166616432396266626333
66363766623331663731636330343662643464313937613465663439366263333834343336383866
35653661333138633538623663666436313535386563386235336562353161336339623265643361
38326162366463376662373133376661356563326232636136366135646264353431353032636534
39333065633933326665613831633765346262383465373861323162326139313938313362393365
64333331386134323864323838663033383637343233373965653031366138386261343863633730
64353934336233346430636362343938306236373937663562623936666438366330313036316337
63383537393735363230353535636634616236393436643334346161346334643434323537633636
36353466653637316166346166653963353332616163383238303234366438623932306531626665
38316236373536633461643766636463626536613733613863386337363265653566643463313632
65646534333961393161643361363363663831616337356630636366323933376363393336613837
61333061613133373264656266323332346433303165393435613639663937373436336132366562
38343664396238363637353633333461393939353237336665653161386462306139356663373263
65623237366361343730333934386431666136393532373930633864306561653634343438383336
36393366653966636134643939383365356365323536383465333539633864626134323565653734
37623534333434356334303066376239653835393630613635646561353132623964393466343934
39346434386262633035303762653130643662336364393732376632383361393735336432373262
37613862666130363634393235316430373532363134623833636534303966663435343738343531
63336463613437616235643766343839363036656665636265316662623035316235646233323765
34653735396234366463663665326261313631353461663631626232313937303838616139663137
30623863313761623636386535666661663636396266313130626261636562353265363637663033
35303935643336616231366162336531313632343463633361323564393538616533383334663962
63383835373237333534613738393537663330353837336164386461356132613135323764643237
35333866613730663766303533376631626535646364303033303435336561313339666330666362
32633430363731616434363965363339633939666330656634646337383261343833376263303461
35633139393133373462326461653037323631356234386431363465623966383161643030323366
39343535326635363335356639313530373335633566623330343661623266326666623766393633
64363935346535363165343366356664616633376139333939333439646135636638643731396561
30383430626531386464643639313034653132613836663833356163383336376361633533633837
30396230656461633534366262646433323538623135366631666666323266323632646237623962
30386436376330626637643731376263346235376134643762373739626466343634333130303732
32396133313235346432383739353231373465663533306633373461656130313634313866366530
37643562316533376439336336313735613431323734366230666633613562393765393833316364
37326237633536656533626230333265343034643037643931313231656136356338643666613233
30656430313264373439323433663665313338323037616334323563333736643531393037326436
64613432363431613466373561663033613232333934633736316136386134396564633632393265
61393735313563316130323038646336376664626536613239383361396237613734613132646164
61663036323632383764656133303834616166643765316466633862373535353232633835363833
37616265613934326539613637366466343934316365373164326265656137313238613661643363
61363835393830363139313865646332306237396239373133353866363264376163386336653236
32383763376165623232633366383066396233643566386163323834326666626330316238376262
65323964333335653931313666396639653131346635306539666166313231366166386363386233
66353136333235623934373232373233336230633030623263303461356362353766336235623437
62396262626164336665616265643033623531646564666566623463646166393066343030356664
35313762643232643662383632643332306165383235393066633762643264376135613232626365
32353438643561356638613033326139303864623163663937353535386461376234653533316436
34303034613433646534643761643938306630656431613236643535323834303361666430333030
37383336656565336333633334393665623836623864313361303663353563633134646638303539
30326538356238363137343064623632303264633138656533323630376461623639306263383738
33346330383139643034653366303637333862333438346564613432353332353565656630386339
32663266313262663930633061343737623630353564613962343332623234643537646238663564
33363964376362633335633432373763666230353932353563323866623965623236616531353364
35353365633831333962313839336135356164623463373265623834313965656635303366633430
34333437313839303536626166343138343666336131376432643562303762323436633032316137
64316464373438393133333230333231356434396464313265666138343763333239
