$ANSIBLE_VAULT;1.1;AES256
63323566383563623137383737663863666331383331663638333737613261396338653234363339
3736663633653831636432616166613539653634306161320a373132303439316539366234336661
39616135663362623334343664333936646161633465393137383463653531646236653462343462
6536666432353961620a653663323339623939633331326362313133316561356135393462323330
37323638326530386361383436303035313463396235643966353930313431626466613065316136
32643639666463323364653939656134346565613262396664313330336561346261363735353435
37633931633062356436333935653036336366643862613330643163356461353334663138326639
66373931303635346364376330623837346433356338303336366461613264323032633631633764
61636464666163316662313230633863383031663161323336393963303838366130313762306262
39383937313534323132653737643233366366303632646438323130353534666432343239303463
63333438393834643765643937636139366666356563663063386335623637363432336333303139
66623965653931343038326664356561333965306530383365366662313138653361356538373332
65616535663262656531356331343836613036653061353032616634343465626233323261323564
36636264316165613336313865306137393862336363323338333665343439616363306261396137
37663930346639653463306530643033313433383864663461626530353037336639303535613462
39616166353734373062326138356533653165346566346163383161656161663166383037313338
38303061343661326465643535613935636364343862656431663632383866346235373035396238
66646461616161336534626537313339613130376632373364633935356436633736393238343763
31373533393562333466353765626638626434626536636635383963306463393437373935653563
38336230303133613031333937383237633565636161623835313731393963346434386563356234
63316463646234663165633563666131373932316131623365343136653261373862343663646165
31356365363730656463336433666565333366363839346537373361623566623164373936666361
37343863626230313533653730613530383166656330663538396163333466313636313062313735
33316661343039363138623338393730343234653634343636633135356231373463643435323336
38373035323363303837656536353933646464663966626263336432323438396331656138326665
62653334316161663938393436353464396436643265386161626264346236393062613032313430
32633433613135346537343038393861323136636164396431323539626262356539373964376465
36333162633134643333623231323137356166326234363038363032623361356661323863303533
35633064656465336532353262343132303837366438306130353965633237343138396161383939
66396131643438623535323766326535363938363035623430363631396566646630663865336563
34323236633464663937333066306136343939663461323462623233396636343631623961383061
61636234373130616433623666343439326165383136373330663436623264613161376632306130
63393932316665636263333734313561323862626137336432623866616632626132623333646466
61393633366663363635373638666161383231363539396330656537616530333562323330313539
37666433616364383031646465386533333338353734623232343566303866626364626464306336
36616235363433306432396161353933653334656133303731393235613532633030616135366261
62386361646530636635383761323838316230623961646536343039653965616131666138633336
38343264663365626662666130386332643033376139643866346663353531366233356461393630
61373430616435343062653166366161366437316531666437626131653562383665376438383237
63393366333864613363656431636637346238343932356539646363373438653036336632303362
37663162663034376631363130333462303161386338616263643535393763653762623933353439
33336565336530636431393038356435386266613264326433356535396333323438336361623063
35323337663365613336343934663337323864343235333139353631366634316536633530346462
64306465386466343431616163356230613337336634666133313333356361613766646132666331
35663334626263333436613033613834636465333064313464313233643466646635353661323034
34623566393939353236363462636633313261366438663339663461353735353662646637316233
63656264303761666566653361336137366232346633373738643963323731363661636132366435
63383739623864396363343638393837313765373438386566616233363061613334616632616230
37633763396536633734323263303865326432396635626339336539616132633261383330303234
61623538356366363266356132323836633939323431336531383532333162313066386266373966
30663761653531626539663233363830323962313437323930633634623136626233346565353531
30363337636362666430663562323639643131326233633964346335613532323132646135323833
31386638386633346666316162643962346665613666626661646331653031396662306465653463
31363632326539336333636436653864616533666465383037613665316239376232636639343165
63386634373162356633633438373832326338306435323839626631663237316562333361303836
34643934353731303535613562653233343934373766663830646639313765366331353362313530
37313531613863613264363464396338643263646263393436383831373663336230616134663139
37313831333463646234383737313565653031653264393231313166653331653336313463363236
32356430626331383166353735303262623233316138633337626335633337636162383361613834
33663333656166383565633763383136306364626237656633323332643736333435653736326435
37303936313264613838356464363432613938663439363939373463636131613461316263366665
31616164366164343836663161323164656434316535396263343736313337663065393731373862
34306164386366363666316135656337663536633339303238366265623032373835353362626366
37643663666237346536333233633339393337636566336234633039383465393133316630646132
33306162303936353332376666313330386262393961356261343465336166393265393062373837
34356433303430663933326637663964313362373731646539383165356562326631353463373563
62623161643536313332633664333231313735356363366261383130313465356335643466346538
34623062393339333339663664316131333630623930356662323464623861633538616636333362
63623731366335613836653234373737666435646562633530323933386662653134383162376164
63616463356332373232336638393064616133383531376538366237633334393430613765386534
64353961656465313265316136623362616663363131653462373832346562353263333061636263
37373964626666636535626232373233643934353865636532323866666464343131373139353966
36626236643739623830633532336266633961393436646134333366386435306536306435656235
65393535356334323265656330643634613739373330623665613334373765316633666465366332
62613765333431373238363561303731616131376433633030353137616362613530666661643232
63326533373733613034623864383762323939313161323139326131313036383438396636623433
62373234623932336264636464303436303630653863613664646433306638336336303939633461
37313165373233303565623463333839336561616265373066363061653330646532666134393531
66373233646133393535373036663037636466383330313836333261333531626637633838393365
66303862323933343634326635366530303535313336663062623132646532363635363535623762
34393637306461323163663666653733346435363966633130613166623534353364666637363935
65626133356131376663316566353464663239366631626532383738663763323239383638333566
38633962323335613935643664663939653333613837353763353032623961363231643430346535
64373661343530623664373538356531623839663030363764653464393763356661386666326161
39633465656534343237383430343234303937343434383435366231633235633337393861626335
61613730646661386164643737356134373135613934383966646661636561616131343833313864
64323536393233666534393764323561306462633637323234376134353634613638303561623438
30623866623164376630616135613138623138623932333637646664316261373039323937396435
34653432653439376364396466383133306537663936616230626661383963633965623936366665
61393765616337613533653836636136626631623662653336383836313431636334393462336233
39333834633066303235396539643863393738336336633262336564386631356237653133616534
33316130373337306433376134653537303131316161666139363935353232646135643534643335
39333338656534383535313062323862376635376462653561313532353432333930373433313532
38643239643263343934636630303030623137356135386362666566343061653639616235346666
35383235353632326331613231353037313666616331336438393136323236393330633932366530
33303630356335313834623963396239656638323735343134666265373563383438393265616261
36393366386133336166363961613935623364323833396439653964366266646239303632633530
35623065613834346639363835343639646235666638363832633065346465313730666331363034
62366334636464623762323434333065373536363366303163376363616638646237626638393661
64353733356366343837393136313064643963376538653531363562326536323661623761363736
66343665663961346632383762396237313063303030323436313739666263663564623831376266
37303032373465373137393836316130636239393565306535653965626337343133663062353431
65663637306439356535313131363464303038636533626639616336353132383234366661646130
35363066306234646431383566383535393864623537346638646336306135313937326533396661
39613265303531653239663834646433376639376363353434356431633966343733663464616439
34646133663834313838386332353138333034343430323739663065346632323733363263636432
63636635323533663535653033363062333236356461376239623163653935333431633264343334
34633462393462386363393736326535353665636631336263623362666634363864333031373736
38656339386536633337626466653965373536616236373765663339306631346166393162636666
65636463373434653665383339643162313433653337356636343332383862393133393830336132
30393235323137356565663565643734663862363632323137316562363031643931653630333865
36366662396164616437343966376665363266356663656163663134313366616233636533333666
62363330383939306162393165373437396665613166393964343865376333333065303637393163
33336266336337346433666333323533653332363033383039613336666331373535666332633561
30323739636664316638396333326334356661386363653366323765376130313761626131303461
39366639306563356637663333363836346566393232666638386138373834366234303334356466
39613966303537323731343330333965316633666266356438356364366436383731346538626132
38323539353334393136633033393961393236663230333065616331643933646264343865346564
34653364373366656330646330316134313932663239323439623366346235643630306638626439
66323436353862663730333033663533396432306236333463306430386466336231356665363336
36323933326332623665663137383537333661353462663263323937363165343637623230633136
39653565616661336336326538303334633131363632346436363135336463376563623030613236
37653366343035653963633139353062383036363533306562383138333030353933626438386333
61353036636562363664333736373232363861626366663564316135653363333339663232356261
61376532363761373638666366393836653938666332616463633166393432663235303434656632
38313835383230393630616364396238656232333833306561396561393131343561386635323066
62666634656366366631336239643731313430663132633365653564323663663131643037666630
63646231373161373631623462666562613732373733656532313833386666313061306235656439
66666532366162393139663138653335646631366364646263663562303630323536646662383131
39383263616432623565326365626332316565323530306161373264376533643737353830356236
34303166323232636432376561663732646338656565376366306166303833316238613762306239
35336465366263626434613964303139373436343239316534323466323838653634653565363932
32353431653937336266663330653633376539633535333261633034396338333965313039336164
36353130383131343433653139643738343936373162656462636130666236383265633832326665
35373634373733393938323636383235336537386137333539383066326632303539353239386137
36663635383661343633306366303635326630343035383235613238353737636463633937666162
36336234326335653965386637376565306631313734336335383239653435346462343566656333
39303137343761323539306165313362633037396131343237633233653063383032373337363739
34313938356535326266323930633132343566326234353664336462663936386434316336346633
36383864653137343432396166333930646539356637313431646239623639646464656163396339
65666232383765386536623564633934306466323637373637646662663830383439616564343231
33373264376638616534303039336232643733323833646464353636626431336364303764346238
30376564376162363063373864343937383335663761356432363134633832343939636233373361
61633338613439326430663061613162326232303038636538323333626563633835616431363935
62393461366632346533326263663931653631373635303366613461656666653463316134393264
39383031383132303439656261613534656666633730643134393432346165323866383036343831
34653838333962306432313565363266643066326330313339653839303265323331373938663631
62663234366636633132313636393036663438313630343864613262656437323966323135613636
64623461396163383664393261623336663934626338306330666362633661353164333939643233
33303139333762383030623332353533663736366438623930623931626661366461353461616534
66363631366534646532323334343334633465663837393932326363343561343236623234303632
37656166653030646439626230626166383738633436323537333038366165393530623365353633
38313536623734376265653461383634643135343930333463376435633064386133306133373734
39633038343830383966373537376363356232366632393631376531653735313534363233353265
64376632363564323765353564646563383966636361326532623731663133383739323031663465
61326166313338353634636633316335393038346231396561313836303935653033333063303461
35333336336462663130653738663835376236373239636132323565646566376335656136666337
30316139313865633961663330323835663763353737653965303731633334373062613565313765
65623465643862643165616136653335313864653732643039346131336132366162326135643165
32633765343132666237616537346136376138353261346366303336626432636435636135386630
63646362313064313134653866333234663062336366616237653263663130383933636532313739
64306166666436643861336536613336373363333965386161373332313232643039393964663765
38663366336637353261383562313931663938333032333265383833306265373739643865663064
66346133613366373464653261376532643931356166396135346566333065376537343430383464
36613962663232363464663037313737373839393336613333303064383637616436313731613932
61313030366330633961346437636230346331333662376465626466323762623138636136323833
65356533633866353563373362376263333330623563316338663361356466383236633535333566
62633661333530363834623166393361373666323934623461353666323830363736613133653830
36666565313736363131316432663435346163366339656462356634373965366663333030613561
36656439353738306165643331306334343037393162663533393537316163323063313035633363
38666361313730666533323663303665666138383264653036333462383839306230646262343939
34363961323830333333353932336230363930653861393166343765633434653565366230646532
34313663343837353165346331393965313931396336333362623734343839633438646664383034
3635313332363238326239366438383634316134333764653161
