$ANSIBLE_VAULT;1.1;AES256
35366432393962333461623131633461666635633566336136366336633963303937383033363132
6163343066623432343462633035396539616361303564370a303038333533653334313535343434
66303938666661666437396231633566616463633166336566666337653633636237383965326666
3935316532306561630a643263626533666133643163643034366465666365623336356430346437
34376433633063636564633535333630343262313363343665383439323336343639646638323434
39373035393962633264363136653163346534326539613235303139633531663838623364373037
35663666646639386338613463373134333664626566393162623234316535653761363638393935
36616339383035626133336366333864626665653565386139363133653662323434383834306336
63643362633430316434666566643237363534373636326664656632663962333731313964346439
65386136343537666131636138343132336238663134353233353264656266303363313433313266
61646530393462613638653634393839386331333766666231386366323364613063323038326536
63363933373664623465393530663130386335393130306264656335323930393533626632323561
31663934613738383037363861383938636639366633323431333634323934366534343864346632
65643464393432346337333461366464383239336130636638373361313263623436643332343339
34353339636332663762336334393338303630363338346534663634623035353262613733613032
38396534346565616664646538633339366534643535663464343130326338653734303331303739
34363936666365636131336162663339643365666530326661373031396331633037333934323666
30393532313466623239303132313262383330353664396637353834643932373539643237393663
63636630393661633966613464323266383863616663653164383462666630626137366337383931
66353665653063326531396537376131626330393061323464326631363036386431353165323365
65653462306666393365646234373131613533363532663736373663386635333130346632613534
32366436376566303365376132303538343764383730616465653064383431393962323965633239
30326364383365326662646166303436663436396134633463333839356634663265626365313835
63303966636130396237666664666437343061363237393539653430396133333665626265643433
62636437323561323134396264313633653661356236663231663031646165663930636331316662
64373432636636313132386234623234313264633064356435333534356166376661396538643031
38623331363563623365613537373231653066633462313161343735653836353864626161643062
30653565363564623531303537316332306432393066663233313233636435383835393333386462
66353336373638623832656433326538333332613365386162666139653966303630326534343336
31643464323730323666353162616334623030353564623563373166373633383565616134363636
63656430326536336436373038383464323639663862373839653762386439393030326463336237
39366566626464366536623832353133626265353030383833326561313433623139333337386137
65653665653065366437303033613739636461366162666234383036363139343562643435313061
63333961316530636165366237393334666539353361353131333637383633656465663538373562
31343331366563646139636464346466643739313139326664313538633261613361306336333937
39666431343564303835363634633731396337353533636438656465383134316163616136383430
66393261653561366537383735313165333330336337343538396365366664666262376534346239
37313137303865636663313130616563613662623432306632306139326532363061313938326238
35663433313364383137383538333037333336633066333631643036623833623166633635636364
38623732373032323662323664393961353335356439626261633036613938373332396230333938
65663737383065633833616633333138393537653165663434323863656134626163323732613164
39363366613866323439356133663930306664333862666565383338333235653831313731393065
37366261643166316565643138373964613437623231316533363333363264656131633964383763
34383061343235633231316233313934666538376632393533383161333665356461393135316338
63613465343239663166373766323831633232303231633730653533643234303431646232333537
39316233633332396636396138333664306261653030303232633633366438353131666664386364
65393961626166373734343965343664326165633263356138396362323238306166313165383863
66633138656661346361646565373665393662643933663861353437343730366665616434353438
34623636393466373265356462383865373537633437626661336430656639363434633265383332
64616262623063373533323932333836643737363866623131303332643366363139643637663235
66303162633332653132356338383463386335373866613237356632326563306231366439316131
63353934666365323937633764306531616566393732323763613263326266623063616633643535
35386539643237666565336631663534646332333833623235303066326137333630613764323261
31306563633037366464656261366132613930303633636463646635636362336439656464656432
37396431353563316230303661613161653966353564386435373031306663353037623533336131
30616632303231336439363434646465366137376363333136303665633039393534393866663133
34343161393936306261303134653262346439633732393761393431396637613465373465383335
61643035633238373230633537303464353236376665356234626662383039663433636664303562
61376563363635643863323132373639633233316232303965326535303363623066333966623263
66386431353232306436626134343066663132643366653333653366643034336164373635623964
38613736393230633031353162393731303834353339363265613634346531376139393161666661
31333665626166383437316330653637383830343765663965306562623030626238663763623536
31613539323332383433633766656464373432303762306234633939666431663936356463326165
33633039343666616632373331336136363439663932626438346163346265373532643833333739
63383737326661326164346166333639333430646633313931313934313262373435393832336534
37383137636561386235336263356134636561656338653165303831643262326436343564383562
35393531316233333962633762633530633938653139326562626262313534616266653633653333
36323535646438383438353730306438646534333263363635346162383532636539663165366362
32396466666666373366313831363335616361343337373936376439373534626236396332643731
31623266623036316561623839396635663933343464643436353564313965376464396561346235
39623161623637636164633034616538666164656461316637326362383935353430653338636134
63623161633136323233326137383065383366306333356139653536616235323635666266383438
33333837383666643961613639636663653733646434393939366434623962633666343233633235
31353462316535366234306235353664363065306533386463343164313965383730633564393230
66393035313766653264613033353538393131393433316131303030386435393334323735303563
33303064346331653834386366356330383163373661623731316530353662633535343466356231
36323532343763343363343563323365326335396133343661356133363031353036386365393561
61333535616163396236343335343665393163623465366265363263666338393833353433613265
61396533336561323036343239306132333539653431646263383234363932346433623836623937
39333665333064353364313164373436616531373535613330373036343563343863653163363732
34326639316235636237303364353665376337386537653162316464303533346231656263353138
39626264366463316166333939363930613533353262336231653434666331373064333233646564
34656433336534613762616161656536616535636338656435343766616435323764313034386166
31623130613632663835613363613464343031326435383036613137643835653230646465343132
65636132316461313566653635306638656136386566643930383461356532376639613230643233
34326239336664386638636166616336333430643639616535333132336430323731646133633563
35333230613239613765623234366165666632623333613734366232353937623437313938333563
37396366303534643566313533383235393735366434383937336636373034656336626130343062
38323463346465363532336262643533623639316236346639663564346166353732373039306333
65386563626365646534376434326536656262376639323335373239386130313232303331383735
39376236346261626235366365373635636532313863343163396461313236303530656437633566
39333933343835343266376137376330653536633438346263326136643866383662653833313865
35366632373765363331366538353134336363326465313638393231393738396561376361653730
65313639656434353838636636646333343232313938336636363231376138356432373138303631
30363633316130333235663862336134313030626634346438633933373561633730616632323332
62356531373866353463623465613530393532613238383839643839303332303461613331626536
63613565393630336536363638396535643064303238373736373261633264653161393263623032
30386137376236613766646465313166393230353830333137366339303564313832616638313062
65333662313363353535343937333866303736323666373830666531336464393939326131343838
64313961646636356237366565366430346639623238396332386233306333626165366432616234
39643862616638633430323536386237303339396165373166643637303937623534646164643562
63663166623231373636386335663239303631343562653038303862653939653635373733346637
31393063383164616137353566333238356239333064373335646231363530623737303131373635
36646430633335646465636235663135316362376536363062643233373034376536306663306131
31313637353138363432306135663962663230333362643332663334383463386563633634373137
38666265353362653732326639643638613561303936396332383534663133386164353132353862
66316663373331363539623636326531343263363365646566626437306566376334366135623938
65396566643833303364383836396630366364343839613139376231356635333636363234343930
30316661326530396565333463633563636333323734313530666332383036343864646431303636
66366161353561643331396365313264323234353637666432326334313965393764396166663034
36366532633062623932336233353037633530656438346561643764653836386235306163386263
65656465373666363061363231633162333632306161343939336537363865653634666164663633
32636361396639636363366137323639386337323163343933616136636532613336643166666536
30333038363563383664326666653035333735353262633732306639653830323132353639653235
35306566333535626663353564343161366561386361343938303464623863333037356135623035
62636536653832613438643639336234386237303030613763633930383437393563646335366466
31306538396534646162323966303534393331306162656137633239363864363262373363333838
33653535616633623833303632633463656332623061343866396530383032343331306561333862
32396230373030306336653466653365613466376563323237656266363566663865393135303732
31363637623634313732386331303835663837336537633962383361396333356638383833363166
37663666306339653633373966363933656232623633393337393664643263616139393539336262
31386236306362306633633832326139303063366162353865666332643639393666633935616539
65326332366464383763313631666434633231613465363330663735653032336231376162353965
63653836613632303264643039333830336463336665386132313237383738646532373163393739
32613434613237356531303430396161616335393434396566643964383536343462386538306331
34656463386239333536646364333437626566323139383032316366373334303930623235353933
65383435626234633439363933396463386263313136323463656339646236343761616530623962
34346562633535313831353264666238386538663535663835333837653261663531613162303166
65663737643935353230646132636530646665366532333134336537653335323530323935383234
34623435663336343962656463613838663465346566396439636162346137383133373562333735
37356661646231363436626137626463346261653362663538646333663862306335343636313632
63643961396236383738653334646461656533316237346262626366393766373663393030323036
64326639646639613165653036663837346564636462626235363261393231653665333937383038
65356538353666636530313938383933333537623435626336656237653132613831303233616531
61663635306431633435306561353465303236353061353633626333373930323361306631333233
64653862663164626634383334343139333130363832316337336436396462343637333332626338
30366563393832343463333630373938333736323839303135613163623237396233353238383365
36333333663665616238343537356639316136326539313035313435373932336539666261653139
66316566326163636465306333646335363638643932656635326530633435366437376562303030
32373133336266363366636362656337313665643166343734353137393934616633633663626333
36653837306132373764323332663335633562646365356130326438346664316465353633303562
36363763626637643263663930393733396461393930353665643763376462613965633236373337
64323266616666333537653561336632313930393735323862653733386562323266353533393530
38663761326437363832303630633633653936633135643935376363343161643332393832623263
61313634363331373732393637663033336431393135393263373635663038393765366631633432
66363836653364356663623734643162313138633865366539663761343564323437323162336335
35313531333762663938663066363831386131373635613661383062336437636533313863633237
33663233613166313462643661343464616132366263653931313434653437663435633339303364
32323531656133326335353435326664386231386133623233316531633136306566643432613437
34303032333438303661353537643435653736376536346534656135333236386530636138353666
37313566386135633662346337333239366164653831386363343634646264393464313261303565
63303936333933633337313232366562653464663634363263313735363132353266666332383831
32656634666464383662356438616531303132666233656237393662356363356330306664323034
39643663326136353531633935323763326562396664393931336434666563616134353762623830
32666361386634303961376333343736653633343136643734396531356433636338643664333639
35643466376562333036313565636463303563313464333730613432323437383539666231623938
30386637656239343639353830363333386262626238303634303466643966303034613434313763
64386635363539323537333330346538623936633439626461663135356436666661396232666638
39633162363461393337366365343930326534336436333336313462373566323462373836326433
65336337663638396563373739323861623230316461656637666166643262623133313931613764
64343464376234646265333934386233653438393262376539653232363438326163343333313264
39323137633935353638313438653163316137353331653265303337383736303035373537613636
32633862646466393338343431633930323966653763623536616563333530373137646631623032
62656338353537333865323033666463306238346666323530346333303865323761316532626461
38373335326237353738666530386537626235383063363333353730623033373230666636356365
34653032383930376436396235323236343130316131623737636661366463303064346135626433
65366331373163343361343631386564336231633638303639636266633530613762643262653732
38623032383463303565323939626137306130333430386162623835626638346232353636313738
36663430616534393438343232326230396566666262313465376232646665653966643239393739
61363131636338353139366432613739333866393535313933363333373862343836663533386235
34366463363865653661636563636135633330363534666266656332656133663631323932323835
66326665663232393737643066343734613835366662313563383835343833316562376463326435
32323632386661323837323363336564333634363535383636616461373039323232
