$ANSIBLE_VAULT;1.1;AES256
63343062666661633630343636656666386462363939366262326464326330313236343932656334
6561636432616266366636346337613463356636623333360a343932336534313364363336386437
36343262363734326632303761363535316434333233316564343333333461373366346461653665
3734396230333335340a626537343539643231643262626135313463323239353166613237386464
32393331613432313565343834633938636639643431336266346263373161653961636631643065
31323463383362313765333531346265616131613966336532616537353266303666646465666631
63656432646164356438663664353730333735633165336331626435313465383762366166383435
37656262313465656461656661363632363766313262306339383963303936326239616136653230
30306335646639353534316139613937393432323062623938656164633438393266613933346135
64646166306438373164323362303334306630386333383033346162376261643136616439373966
66313333656463333630656434383230383162306137643134643731376235623735313362383963
65306431303039613535373466613237313538626239633861313132323365633437663662366461
30613161653230396332363537303235353737623734613735633863396236326534666437313262
64656463376437613730633639373239616461636332366461623537353030643833343964393963
39646262633831623566333437383638313037633632393536623539383562386363323664383338
64626132373763373962383462333130353031363234353461313132393163396630306165353934
64313664333534323132633234616138336530653131313965373365653430306539373564316530
61613964343061366439383165353431623936643139346335343033376561626133633530616266
32616233626636306162393063323534613063383165383761316630626238613165383339303166
64373264343536613161353332613931386130393164613837656464363335336261333939363063
36643563336665383430643536306661343062363239343133373838366662363565636432656232
63646166396364616332353032646264376166663535373733366462303935353537666364336562
35616134353737313737383461393262333837643862366436303363623764333534313265343666
37623134646365623830656336623535323262356331656234643163643231306133373039306331
35323938373336373438656563316265363230306138653037383234626438626563363436636539
35356663663730663737623065396532396666663761316638623031326136663238303830646136
61366366633631323635326536366330333032333033363139363461626163306638303231643263
38306235663564313332313363393339316464383662643635323734386631306136363332613634
62366535346634613261663065383837623138333362353736643066333834346364313630333563
30613232343438346565363339643764373338326133623666653166666463353232656534636230
30626134333162363436663735383164343565303864663334663166366636396434303863613462
33623036653032616238396539663531386632646264653266363262306534373566643236316262
66383538363539303063306234373032633530303562353961656363303265316462376133363664
35323866346437313563343933633538653261376135386432333232363237636533633565316235
39333130353837623537356633653137343531656566353964393961623138663264343237376364
66383962336661626534343963383536383034653632636234623535333064643361303233616634
32313835353237663938306465653461623231393861353962396562613831343365643464613564
36616665376163313836663132306630376466656530646236666462633665653934343735346363
63353934613130336233613239363562396364663432656232373134316466656364313066366538
66353535363930326634343036303938646365336462353061613065663730353236646262363539
63613065633865313363386162323962663363363061313465666266383766386435663139383135
64633936623962323234306532353765353063636635383262646437363133376438316532313065
32643730386636356537623962353133386666373836393762386434363438306563636466343038
35386537353563376332303664336563646265323638333766306536323532313934653131343230
35383534613864633766366665666533633063303966343764303439343033383835356532346363
36323966373662303439313036353330356438313233663639303931636365366431616531393864
36323661333734343232616432613730386433363364346531643863326466323961386539376535
30663937316165363063313532363036616364313966343931306539643032643238303361636463
32666436666362663331346465356333363464303366313933373061663338393864373030626663
31666338666566313532363330646465663832623064333834336238633339303938616564396233
37383465333566306665306562376631653965346131303261346166383739613935353436656439
34363361313132626534636264613264396464323437393734623765333233343137306363643865
36343539636433643163363932613666376531393331386461353439656564623436383430393962
36323634343966626435323865393664633630643138303930623965366665666539316538643534
39646636326335626436626266313266643633633031623366336131613634626465366430656532
64383731663431396237633762323366393266353563383163396230346364356638396435393033
32353736356662306663316261656361623732383736646636363364333766373431626165343839
33326236663330636564316331616663343961383337656261346565323936303835363534366536
61306432663763353033616636386536376566303938303838346331356133323264353837363863
33303437663662343730343939636632393432653865613836626239623733643233666665373662
62383831656239323738383334356332386638323066626136343063623231343162656264353838
31386437323161323639353935656633333764393839376338326564346265663332353163363865
64366165663634353663346635306234323465336336343636643266346239323161633435323437
31353032353736393762383835326335323561626634303030643333353338393135333335666664
33396630396237323136383361393164306461636434303664366637386532343634623337383863
64613037626361653533386434633536663766376233343964353233633464393238396230393765
35353330353937613261643164346161386535363536656464663536383233663538386630336136
34626133626465643238353634393138393732386432363765323036653232386465616131353234
33393837313737333939316635316534333839643435363936363036343066623335313662323038
35623437343137623739343139376431663662656265363661393630303933323837633532313936
39383038373933386638333364353234643338636635343136356631373636323264383235333032
66343536386337363062653463333330313739653461306363353261636539666164353934663832
34353436616135336630376661363134383163666361363665346161663239643534636464336333
36383865653762353366313431313930626231653530306362623932363634366264386633303631
63623837343066393665616432623664323330613530636336613037386139363839343864343365
64643263346134303033333463656366383265653035303232623863363963646139633839316636
64626330343165656637663930633536346462323737663038373461663433366235343663393839
31646536353936646362306131376435396666326533393263363564356561383939333561613537
35386163636434653664383130623834333930316539636262623337366632363337393030376666
36386438663361666165333464393931303032336238663631366238343063623834363061313835
30616539353037396337656534656166383733623161643034643132616539643262383361326638
65353638303939323035326262333138623933323166383730306237326232633333393537616636
61653664623661633937303434346661383331333239393863396666303538656364386466376133
39383833646664373834386539613031383739663263306132666634663231326363333361336334
66626365643961633564353265376564656637313566356431353939613036323739663839663330
61353939306165623335333436633033626430666662653465386565353763316265613762333938
65373333636432616331643633656535613163346537373066316439303234303738663565643135
64653438626237653237363131613734656563636234626339326435303938383762643836323265
33643935643030613466613532613537663237616262346439373831326565326665643437353732
36613664336261326561633865306638663033313235643535653031636335626636663735353665
65663037643337653866326462353738356566323437383231333962626538663062313133653165
62393438363138383664383433306566653638326366616537303637636135383633373037303366
31643064623439366532643838326661356439393533633833343736616133613765376130376630
30656433363835643939316463323339633631323630643737396339373634633961616532633237
30646637633764363237353964366437653532633062613762653239663864633037613765303562
35643566303062656461306331333930356662353338656635376633643165343164363239316334
39623331363736323861393265363539383332633363353963363032663866343639616531323439
32316334393130653939643738653631353861623137383338396666333635356339356363336330
62356435313832653730613735313030386162343433383039306666363032333235303733316563
65386331646562373662653638356334386565333964333761613938376338313962333861366631
64383731353639343236363161663164303338333261663466626237653464356134383830353236
32663635393433353639626463363234333161386561613737376166656363393566646639303038
62356330643831336130313164623062646464363434336633343537646531313234376330636338
66336430646437616431366132386265323733396461636534376239306232346132613233663266
39633362666632356261613766313430346531393661626339663236313433373133333035383838
31633062386230666333333362633332376438356633333433613838386635316530343362616131
31353936363661336363623966383030303638643264633839316366653638636661313230626630
61336566333661333935316661303034646335366462363465383238353139616438363533346332
34383337376634313963613135393839613237623930346435636234333537326138613535363661
32303132656531313233303262613333633235633339323934386232663931616162376164626362
32366635613361363561346461306562326430653666316138633361616237613039303664336266
37333961353838633863653365646330373634643665626539383165643838323730613932386438
35656665646532343534623566353064356237623534646231643664313334326235323334623036
39653763323663616239396638663738663435303030626531313665626337376530623761633739
36643264663438376339366532316633623833346135343732666261373032616233373165383230
66623435623833393565653665353231323533623530383435646164633664306434326432646437
36393738623936653466623534633433643563613863336339353532323964383866613735343737
62303533343633643938316534343361646661613761386465316161633561303131306165663564
65326666613536363639643634343663373161363332363065656561663931623135613731376134
63653634353530643834323363663034363339346234313464366438613136653135303835313766
34653363653365663835306234333963396566363539343335323633373739396134333363313533
33393962313238343364386639323839666237373063333635383865656634363365343133323335
32643439346663663639633938656133343237366437316662363537323237353131633635393437
65383030333830396365346439303664323665643761333832623538363065636439623235386233
31663435383330303263383638303931613935366332373238333061356339616537633262333465
30353731666564393531653566653965303534353364326662653534346231666665393233363934
65333761613161303264626530316666643231663665386665663366613033306237623964336639
64393264396131343433333263663934666638636465643165373531323662663462316137336338
65346564646238613533623565663164633261386238393139666463303565326462623633613466
65346265326233353037396463373633656137396635643335363639343535633035386563626666
62613039343764363033383431393162633130613832356333623431633265623164626536623265
33623763343537623039336166616533623036346230346165303162366263333738653566303062
65376636613063303164396636306462306639386332356632316461363736323663376632376234
65303836613961663665633738313339663266303461646463303137376631303133616631366137
63323063646237646639343532366639663562666439663332336662313938616161663537656230
36643237656133366236313937366632613534653039336639626136366434666336306232343064
38653465396234623638363438386562373865656164303066636530346632343838636662646638
30313439626430373063633464646663613465373637326265643666633137363363323863636132
39303465646431313831656134393135666164383930316138653030343138383937326634613031
39376266663537313762323232313639316139353163323935613430643162386666366464623038
37653232663538386661613137383832646164646261633439623834323164633236373663356365
34393635373539653133393366343862323937643532363335396630653634633638326266373630
38626533643638356565356564623435393566323663626535626334373362363137343964633837
65346161616630663339613233396331333162636265613664633531353562356530363965376262
30643336623735633037346166636435343361633237663139376365373065373135383538373664
30323364613934656465633264373161623131303833623563373730613934666661343739353035
34626231363131343534326233363462633730366236373936313036333663306132616233326435
34363536373361303365303733376165356638666663383038353637343531626564366535353739
64316465313034353463333965666566336231653233656432316639346461323735623039373463
62343762323563363536376130333162663263643438633332373664353461373662646364613961
31653764636666396566323631316138386436626163316537323939613666303766343134626462
66333034363164306535393238393138303264346138386438326564633431346332353137333433
33386166633965363666353938653939396433383733373537636330666633353338666631663465
37646565303334396563366266613166383238646263623338626331376238623036623531633564
39373833353734616534646263646366393030643435396137633534303030626334643863343662
63633731353237353730313236313061626562363735613430626138386465326337643830393233
33306361303734313132653330613939343135656339646435626234643065316261373663663833
61663235616166323939623731613638383866626632376437636539613331383830323863383130
35313031333236303565653937653664376138393336376433373533363634363438646338326666
62653435326166303833373737373263633336306165306363663432626365643830353832633338
31646234343232336466613861343462303732373632653738313564386532653162653736376539
31303733643138643430373435366461623862616632643535613066393139323035363062663265
39613032656562306638663634633366663738343863343636636639363866346365376264376237
61636537333731353366666634663165363366643835313537316666393635623934386237633664
64326462346639393039663262383336343932396432646362646566333031623236643436616662
33346137323962643535393730666533646636303766316365386134666531336138663264383165
35373866633034353464626565626330323335633363393964373238316137353966363339303261
63313534346339393634333463306630303139393563323035646561393733336366393435626139
32666233353763353637383532366562303030323037396631353430353664616361646536303133
63386430306663363332613333373234346436366662626538386330346461646464366435353639
61636331656361323533373666643030376264373731396665376131646230616337326564316339
30383636393237396261356133306438353537313061323131643337316564316165393632656339
30656361663438623131616162663038373934633835333432343931363664653862
