$ANSIBLE_VAULT;1.1;AES256
64663661383031613962346366353336613739363936376632643364353338373962336132616162
3136656536393830623064326165356434613565323032370a643733636530373861346637653839
35373332636535386436616139336366393939313064613234393936316237656466376264366339
3762643731383934360a373030323566333038633432363663383564663135306630306133613634
38373135373765613936633633626637633931336261643437656664346336643161623533633334
34623937633562613237613664303536623831306533396162393835383634373431326331343938
37666338373537303762393730666335663939326366323066336366616435353338613631333866
39333866663639643963393335313532636539326137653430346264623339383835356233646132
65393733626165313936373830643030373337343036313664633336306332656539653364323531
37303837616566633437396238623630373661313964663363323663633936336634383063373736
65306363363839643266316661663964393536313439343030306464666562393936393230656636
36313461613338353932336137393661383738383931616431646661343836306565343166353637
35656536613863366230356165636364653837646137643364353065326561333962616537326630
66613630636636636334646565646565326133303738336462383132343735356464306437643761
38316661663838383438366639313235373533623466633434366638656165373932646237333933
30613966623663613463333563613733383139313331396361316136643834656565343164643233
37313662356431343433366634313037626437336266343166646335373133646337346135363036
65353562326565353832323330343662626564663330336565616337366536663965366135306161
32333931323732636666323966396639396137383930646465623635376366306534643233353834
64323065363534356438356165633931366163346335336330633366653163656236373566363035
34346266383661353433386237613664383466643232336432616266363162343335626361386535
63383462653039316333616631333662613436613364343435363663626366353432646432343632
62623233653366323535343331303835613161333263346538646166613639373231663233333431
66653866366231613536356638646234303564626364306464363861643931636662306366376634
62373662373066623661383865343633326530643261663265373534633263386166623233373633
32326236343231613864306266313765343964343932646334316163303436663631653434616335
36616134386339393338653134326663356363316161653639343035626262326438376366653032
63663639313666383564386630323534363630383739346634643165326538393036306338656332
66306662343037323434343338613465316634626662636630333866346537343431376339363431
33363037643434306439353039396636353663323330363761343730326537383338316231366261
64663937646563353337633961393333366561636562306336383932653466333639356331313663
62363130653132343536616636306638633033373831353937663933313230393331313266646638
39643763363530633761653164363338666465363737623563346565393662323366316231393666
66626137333930383166656237643136343632643435383530343132343135663831386631396534
63616533356264363036363362363562303531323539666662323863643236663839313036616432
35306166336332376239616333396666373434373565366233363337623035396162326538636639
36376636626338313730353864366632373664343938343030313434656366666464353562386363
37316139636332393935376131386437613837303233393937316161303838363533376232366332
33633939626464323765376662326430376330313933663564373939333232393961323265333139
38333331346137313066656230303330376364366232623331643763653533346134383331376166
33393139656337646663306661653339343832623336626332623364393437626132613533373364
33393163343731623634313632656135643531363765393361613838636464653261316435373137
62323763376465336366336361366432313436623566626666336166626563386334353466623735
32363130383731643766643866343035643061313261356531666564663231653031353338333834
63656364386364613632393439373637396238373230336535623333333138646237646430303164
64376366396162623430373962663735343566326666366133663336653831313331656464353162
64646261643765653337643163383736323365626362316135656131626233333331353938326464
65346533323330363866623531383337383164386431656231313130366430633361343237393933
38343137623462636336333332323034373330653833613361626165656265666438313737386437
64313832343332376431303762633764663738383935333736316162646537653264346266643832
37613635303037343138666363306235646462346133666437313638346363623839343131636339
34343862653030376339646261326236303138396639366636666438646439386162306533323732
66623336363464643030656262646466366130326136303831633939623863393236346638653962
65346361643261353132623530393932343333386437383866356136656430363134366466623531
39323535363035343766383433353639653165633636623164363637326338336365373332323862
39623736633063313665313136653934653532663531653361303465386261376634613634303266
33306631393463666132643934393034353363363135333136643661646238386639333561393365
33303966643739616238333235346539393039666261346663646537333338653266353162326563
31666463346430653831666462643165306632333264653635663665623365333032346466643033
33346239626662623534383139326434316661323331326133656533306561646662643934306134
65393036666431613939346138386261653064336633663062643632393139313362363334363666
35393135633732356136396532613166343263613863306662376236646431393465306133363433
38396632396138323763663531626634626135336530663431333236633466366463323862303130
63343864666661633931393137643865373931373864643066626635353264663165383363656562
39383462363161383833343638633836343733313064613435666564373632616364666433623830
34376631623338643838663066613537383962313233336233326264313639383537653430633564
66646234653533633833396164366230306235343764333930623262636235656132656464313133
34346231346236326362323039393536363239646663323238616264336431356134626135353362
38306564356234306632613765383133373939393230353234346263343564643066626230616664
32613265306235353037336266343032313062333063653766643839316564306633343834366236
37356435383565353732323736616639623964346438373630613937316236346332616435363963
64333834646436656537316336383164393436383938613731303663323035396136333965336662
39366333313131613564346538306330393432373231613932313864373030313636613966636634
34393032613432383034653937616662366134326137636532353566396434663836313734623430
33353131633732376633356333323439313936316633633062363039346638656366303465393134
37623936326366316262636532383731346432646339303461356134396534643333333033623930
37383533616130383535343433643861666666353431393933343861353634353361313963346565
32366335653838646336316666656134626332653430633362303232613433323538373736323863
39323161336665383634353739346363643837663731326338616639323234346465373638613433
61326633636461353435386466613932623863636537636166613933393633646133643662633962
61326631383864613665313064313232366364666566636637396435323535343130373030666362
31363237326636336332303765303332396366656536313931613833333932636231303430343831
31646631393930366163343232616362663161643861643737323133353730383836326631303435
61313837386161326537346330383266323531396633343762373839656238633938643039613966
39623635333864336236656338363362636538333034373166356538316136623965623431616332
32323566653934643764623131623534333030343466343932323236366639386264366331653566
32353833356636316464306634343736633134343665323732633538616661386361326537336638
61626266303261326135623439653533653665626264643539343366393332643338656162626335
38633038373861333066356165616236356636366161346531653434333565336562363639666265
31663237626266396335316234633861393133316237386333356133386431356262363636343136
62646362653365363139626131633534303737316138346436636666396531336532323166626535
65656339393330303766303835376533323662363230323432316431613534626238346163346334
34353537346437643763356436326361343065373134323339326339333433353761313661653536
31386539656632383836316662316463326666386332616237383735636362613132626335353364
64336335343535613134323534363833383637306237373363616464626561366333303139373035
36386165333961393535623131353430313237393532663165366366386633656530373939353766
62373730643763646639356332646663316638303063656463633766326130633362626233653332
38653332623763303761666533623161303933343065353133373338383239366439613331663466
30346535646239383865666531316633623531393133393732646162333635323566656364633537
36313363393364616665636561303333303233643461326133356162633430333734316365323534
64313135653064353536643834626333336239653564323936653263343836313135336330343962
65663664306433396139353235363535396462623336353938656532383764323765396462323038
32393861313534326330616435653263656139396661336163643766623238323266396264386631
66303539306534393266633132386234336265333562363466383037346531353766653237343466
64663462356633623932373137346162383236343230366563326135363934376136306665303263
36663466386332333733343733306361336133663933326565343738656137623465356433653162
61396462343630373964356263316432623235303630363731326635363637393237663561373033
63393534633832643861643465353339303638373531363065303564396463666330376565613761
30383538393438363838346161646564643639376662386536643331393932373133643933306238
38383563633865333638333133636466613562666139306138316234383364383761396263306130
37336361343636313633343236323339633533313033653339303561343237313561383730343134
36313033663761316530376530643562383462663932623436313664356637656261396231383138
35393939363666383034313535303339303135383365366336353665303936336364313138643531
64623363393032636262313263323933323335353363613261323861366162613962323065323164
35393033326236666335653265653437623464623764646537613433646664366664356338313930
35333635666439386432383530383561326563316339316639393764333435303133393561303066
34663431653036346261333132306631346639353631663135656439663466386133643537643363
66393162363639353265353866366237373035363631313933383031643935326362386637653139
37396531626639336265643239373762643663373433396165343834353535383538633361636237
31643230363635653637616464643365313131626636393639646437393730643166356531326136
32653136623137366238306135336564636535666364366432663363376636386364636564316235
30353766396561303730643230343230363139313237326438663931356137653463303432303765
34363539363236343166663365386666383636653339306462636365323163393164646532376566
34323666313037396132653834663839366132393466623636333066333630643435393136656661
64333561623730613634353931656335646663326530303931373038366530356162636664366462
61343562313332313435626363323666393134323639366664396465613737376238396534353430
65393939383465353462643831663863663633376264386437633464323561336239373033653336
31316461626663333937393263376163393161303564646163383230353562313264303639613231
36616330343633636261306266386565386666373132636163613732373130333334383962616536
34646566333430633637616564653861313532653365653138326566346365303137363362323739
34313030336662626263353836303933306362636634386132356161343766376331316636323437
35363136393237663261633032366239333161333536373339376630363563626232386663353832
62396564353036323333613434376631346638613736316663303438643562373864336437303364
38343661633665666539653631366464643164323034396335646538613338346261326565373865
32316663303533333132376435346234626530613232376564633765373237316534633330363034
63326335643234643738636639313634383261623930663037623164316630303639633565313736
31343438303961643362346631323464653261353136613734356137663161663633636339343664
31643164626164386266333335633038373739346564353965323965633232363137326538323461
30623839663864336666323062336636343633626131353861616338346239666131393533396361
64316135326130373065313161613966623038333166316332633037633066333730373037663737
30363131633331343434363664626461393134303462313363386662323436623866323434313937
61333234646434636135643964393436653231323233653362663963633762633338333134383434
31653637633565613261383766656133636666303666616639336363313835346366343833383836
35663861343062333761386432343737366434316532346433633831363337623637633161623737
34373534386136633263373666353561393134303835353139373839373634323963663637373234
62363834626231393434346462376330383837646535643434366664353831313662356466326565
36386365666235373338363838306561613161386339653866376331636466626664613437646435
62356162613432643235623832623939313437666239383864393235353263383139373262356631
34633462386135346166623864353439353034313261663239373964313839373663636332326663
39346339346434326436383231326463383962336366383238653161316561383438363466636338
62313333343131656130353561316165373830306434353730613331343834323837393361326134
37376664663039666639316533333263636164396539623436346331663065636161393638643232
34383732313539663063646433666436613162336465343764313130636431366437326234303631
62656337356430643035663466366234393037383135316636356464656434633363396135313339
31643539623466333364306364363230386136386439613635303439393730323935346337313961
31623632663030326333353438313665613238653631333134353765613666356332346537303838
34633038336637373032636539396130613336653363323836353363633862613966363439636266
64663264383331303732663763626539656166626666376535353533643166633333373638633839
63613064313534336362613434303162633162383331643331326461663037656564383634306166
66376539376635333166393961303735306633653532323630393732353564643136313162386433
63333165333363653732343862633264306466346562613366623463303036656534326336633861
39373736313439643937333939643161386561626535346332356139663338303935663565633663
63343539653163303765663965343636363733616363343964636338316163613465356635343866
35313133396264333133383064323165313765303863663134623465323530316163643261306465
62633532623963666463623666383763613039643763363837626537626361626331333065666665
35343766363538326235633661376337633331336338633961663434653363396231366462393839
38396362383630396535646439663136373337383633313664353665346664373533643634616661
65376165633562373139376133656262396531323062366430653462623761393631663637316466
61336265626565313262646632393635343333353830393364636235396235653361666438393463
65356331636663613861316131373839353032353431393137663639343231393733656363303031
66656464613336633962623665303766313038353639633662356266353862353437303362303834
32333936336634623161653365346462613733353235633732363663306662656135396135333239
38623338346533346461613066623933613261333037666638653962386435663039
