$ANSIBLE_VAULT;1.1;AES256
38316461663963336264363763366139346433303236373633616164666334353138323030316562
3233313561353665366237333334316533336534363431630a613831643431366330356639616264
61313031613631316434326133366230636564636433366136303763393738653436336633363938
3461333630623836370a626233653935373761313835303164656334343963323733316333626537
39383635663761353361313537373263303062646430643963366231303337383534316632393566
31643537356132383231663830386136333231353037343138353232643835333063613463356537
30323131656166306635666431333862306262396666663438303232656237666261643638303332
61633038326134633230326462353962396461643535633734626538633233363330613732373762
66613033666163323737386433313830666239353763633133323837623064313036313063336535
32626432616361363838616562353461306133353864643838636534396361386131363231313162
35313435366631346337653036623166393365623137633533376463633932363061663664343035
65313262336134366330333732316366343064336262366161633065643862303662383430656239
39643537666235383130616665313661653732346435303738313131336634313938666133633339
32373934303263353838346435333264643236326539313939613038653639323362343534326534
30383366663936373933613332343536646331643261373664653232666363623434363731353461
31336436336236333163313534366433666233373865393135333538323162393164343838393730
32303839333266366537346231376637353438626231393066663030386661666232666231363062
63343935663931653461303631383931363636303662616164633532636437633764326337393761
61366463373963353433373838663033303263633834653635656236356239373664346632646137
38343465333538653230656536323634613632666336626632303738363737613163326364616535
37663966313962393630373330313865343864356464303339343861346265353738393463646461
37303933396334623331623863326166313934353436323765643164633061383161316334353363
35613965646638666236313062363064613436613030393165613639363761356637633230373361
61303462376338316630303535356430396632333139623338346261323630346333316263613531
30666231663434373034633537356638613866373832353235646631326536373761373165663563
31363065326138303166373662643962633532393533386566306531393163613039346162663962
37396430383334623732376435646664663832323033383265303066386330616336376438333536
31653336343165303832653133316262306362393465323439666137333761343763666432356435
61393132356566336464356235366234616432323965316234313035626438363038326335393437
33363165356134346432663339653736366262656136613836353166323732346233373435333939
31306262303366343631626431326665353835303531643862373230386636386335336338386337
31666435396138643831623530613133633439396565323231373534313736656266323237666362
39306263346136386436396462363935323931653136383239666461656161643665346130346561
32353233646535383339663435373033626639366131323861333664316463303261623432376532
32646231363939336566323962333964373066386132306439613263623862346337633961636465
36633662346131373936386232396564363733386435626234636465623764346430333936316531
34636130316666333862633232343034633663623933633636353932303161633361316432333931
61663431303239306264613136376161383465633036333961393164303765313237616632366165
32366165656438316431363535323966636138346136363037366535383964663434663737666363
34363030613031633730316232646565323235626636383937666166393263383539366666613966
63616236336662366338326162656365373063623034663964626533376433313539626531633038
32636431383433393634663964633439323965303239636232346362323632396237376530626339
31626239353463663666383937623938653834363363316161373939333161323864626535333034
61373631333239616161626231303266333932396633376236376361386531363837323937306166
62373238643365623235663963663739353562613166643565303138373664626531613264336565
62663539343736656331356335393233386161353138666263656335623363306239653061633431
36326130363337643039363538343665643834383338643031616436313038356134623830323238
34653064383130323135656435323330386534386262343737353537316563303932323134653733
62323965363565643335636165636436356331326563393331333132613433643265633533633438
31633231343164653863616663643333353536653033383264666165326261393438633137393362
39323465666131363435306263303934323766663138633034653063303736643034353462396633
61383433386634613961653036623166333631643533313436626434333539646661396533323432
65353633636433663561333938656231333236376437386633376134633765393961363834306435
39363236313838366530383232653033346261353637663036613433633433356133656561636233
34316332626365326132633835666564326339623634343438343537373433663762356334316264
39383731613735653365613938316461623462633830666365313134316131393238653764323633
65343333323038613162373434633436333766383933336665653434383861643936363937323862
31653964353862386434646235643666396534623331643366616336633263366462633633323164
33623665303934316562653966626330323532653362316163323466363334363263656430613361
62663233623066613161363332383164623437653337626561383538303639663863333738386566
36323233613662346165666634623130616532313134653939623831303566373133323831623261
66333337366165636461323766366164653031353335653461316162373065653537316231333338
64613466613438626165643161626164346437623939376637383764356333343062386462333763
34636264653463646138633762616334363930393238653835336237303730333435333333396331
32643462376134316563313839393663623565383136396165393433353061666362386631633461
36626164626232333465376531306164393561316461366532303066363833366262353639376364
34613565633566626330653562626337306335376665313032363733393565346235366537366539
61666366363162653139383034326133393062383465666437616238653562383635376432623737
39356361313162363964663139636639643934353161346166623339316131666433376531366365
31373861376536373262333830393362396634636566663662636563646635666631633565383130
64656130373138323233633433663837386435643164396234376334626331393434623132363235
63306662626463336331383733633330613263363061626437643563306632323862353136323535
32663737323739303632386534636635363861626262316261366135303438326436663931306166
63633061333362353033353063353436396439643438393639303738613532396538633938373736
66613264656236643335356133386430303466303833613331393832383036666534303730373535
38373131336364323939393637613465623462386265643538633434353261393763626639323734
64373037356338626662393861333436353864626439383763643364396461396231383764633938
32343335656530356164616435313962386666623635326161333731353832303464303034356137
36393530633866333035323931353635393332303662373064663431323831623430623639366461
65373464313266346530663066646464363063623230356435636336353939626435366430653035
31333631393266663335656236383838373934313334366139613034396433303235323036653436
33656265303132333066323538666265616362303261393130363735336164613364393633613361
32353436393465313562633139336135613730386263396665383630653161303034633237373735
34643137316335376330396166336561303665383433633230313063306466613433323135363962
61633534313361383664643231616366633933343636356465313130333562306464303035643039
32356461363935326634306464363932626165313765383564373965383434356164656365386230
30366561333566373033633061303064623737623339383334613066383632366435383639623563
33396139636139336562333463323731346166353437303662343963393066313637373635356638
66366135303566616565626633646564323734383639396265333530306165393733303635353238
33666136383634613763633331616165303161376139333533376366633831363061323035613366
66653861663638623539646264363261636264333364313436393038393366346561333464623364
65653239333965636338646661326365323432666433646366666334316165333466643966343565
35636463383130333734363235636537626230313565356334353834663931353139613939363866
65616230303561633963333863313364316161366466656230663165313635623832323233616539
65623161396263643036626236316435366639353734643665306434646138363131396131363838
65613835353064373265306430313231343263373437663237366433333166613830363431653066
65626236636262613062656134323966613562613039393464626162356339306666656638633838
35326534396663363064376332333664363930303962323234383531333131663637323564356233
39613734323730376366663562363134663262363663343865373765666466633261636635313061
38623433313132353737313133353261376633303762323035303033663164663265343661646133
61626232376634643366366664613763313034313066643839643931653366323738383533393866
31353139636162323437316266353735356266623332386662663438616639326430626666333735
65386637663732656434636236323435316163636661353865633461323938663062306534636236
34373662623866343039303262643134313234383766366335626364626631613938353936393830
62363039326431333531646630373662623064613035386264316137653134613738346630643336
37396365343532313135643332653662633166626335336132363339353735343730633166633731
32316165386638313730616532393163386635393466313665333364336332386538623166616237
64623834643963346237336134303163313463303136383438303165663862366635396635353763
35396134343932643663326435616161383832376461343533376264386637646262313232636563
61313461326436653465653264363735323132323831663263303132653938346639366661363733
35303766633562396638613439333131353037323339663138393065376432623136373833313435
65376663356266616661363436626530656263366236313561313237373736363137373435383464
65626431616264363937636565356638373330363438336233376563636238343961616633336138
39363232623131656364346330373464303363366231663038333765393163323964343634323865
35313832653938383234626432396338356535373231353765373562626334396464646235363266
63386331353437316431633564343135303033633265373163623766373337616362343863393063
64356135366666346239643264343636646462393731396634653032666262386336666263303337
63653666346662353863323034646366663363636466383233313135333832616233346362383066
64643335383561613031306631313439613530386637633562303231383331393238363765343037
66333062646237356339313136396232633137366137303432626333316435646664373033393234
36386666313232306339626134336234313863386264363866313739386265336662303639643538
32383364326661623535393233313763663539343333636335336638313330306634376138383939
34306264326437633433663239636235646561323731386661623530393632313435396531386562
36636662366431643862393863306335643262353736386336313330343439396230393636363431
63343961626635336235616132323066326338366338356437653438343766343538313762313264
35643930353232323561313935363434656530316338316261643130343635366532636138313230
38393132613162373339363861303866663031656664303135346238383437663134316437623662
66616535383131333066316561313931316134376435303662323661303136626535366261663732
32643837646633633564303537363537313931666338613236393133353135656332333266646536
64343063643863616564306435656334316531616466313736636165636166623261346161616538
32656265646564393434613731343666313732343536396261383437386336343539613038653433
65353165366334376531306566313835663365613063313761373739383535373435376634663931
35613363343237633639333234646562383833313461636136303464633262376639363565306261
36303766613461623334353465646539656365623239346461303430326366376436636566366266
37333664373962616339386235343463303065353932303835366438306232643535663935343331
65363839646532613766366139626465363332313833383265383563356530303730323065666532
37646261353261363532386166336134623339323233633466623564623338653365353862376635
61323531626538333964373263626639313062313237316165353661353633396562376136616234
66643934356437626135396162653735396533613839393134616333326164646462393462633137
63616663656432306566343162376432326331346430303361623762393634366366663935666631
36366139363339656563643137613163646633326566313364383730346537313761386239373130
65353833633239376433663566383266366533626134653534306534653433353934333462306333
64656462393532333236336639393539666138303039343133663864396566383036633763323238
62636639313565336338666364383630643839393339313837373134313966663261366362396662
66336632656261643630316563623261313161363430303831646533306535323962383630616166
36323262633438343263373336643262646232663238306238643337633663663866626263326563
61343264333736363264333864356332633338363331353561646438613663393762376533623163
36663165336566646230366239376162663661353066376566393262383430613735336335373939
66666132353332633835363163343736636532613266613331383036386166623933616534366535
38643062653162396635343938646163393334303931323934323762306535653935313131336165
31373836313437383036643233613439656632636565376562313832613138316464346262373332
65656238636533383339373864616138373732343538333836353663646334336637373964636336
65653737373837386563633534633162323039613962323232306236376365363230646537343235
30633934393238376133646662636164356134356664653030643337306436353236306166323136
36663439393339366135303835626532396132623337313735663238623737303339383961306564
32373964386565363233326139643037343332663438363563376535353132396262626539393839
62346535326334653732306635363463353962393961356137386364663636613764623435633731
61363136653132316430363938303062333038333333393266323466366165373934396633623434
37666439333863643537663537343031346135343566313232383563336365336464353961623039
66383230313234393537313464373136306339306439363064376534313166383061646262633666
39633061623164383337616563666563353662646536613239363335393861656364623238346231
66366135386332376164373061313665363334663066396332313533333665383563663361346431
63346462303562326531363433323437663962393761306461663139313761303735333533633232
66363832383365663834373966396562613866643762633962663835336132663132663637396231
66643935323833653831333433343564323865323561323965616463303361336137633831396237
63333130666630653761343732356136306134383438646265316538613930356130353239326231
33356338353934396266613033306633326335663936376163663364376465396362646335636133
39383934333932346166626632363162363065376634393263336138626531623962336666626566
65373533636661333466653431623131633135643064356632393262366239396534623231633164
64633734356461653139636633393036336630303234313562313265343033333766626165613665
36633933383334373962666666326631346461396434323431396632363536303737643939303431
32326138616464353938333633663437633064366538353432383236303935323132323435353061
37623463613664386361363765343637373939383164633233346239653136303738
