$ANSIBLE_VAULT;1.1;AES256
37343861626335363164323630343339363461633536393132653730313061643636306134356238
6335626631623233663966613137636632613862373737330a303763353565626161343331666565
31643230613430626538623639616164353735363936636336356365653733666361303063653061
3662613030383562390a623033303232653134333435353961663832316630613930313330626433
66303865363964663365343936313234356564663832393434303234373664626636333962393866
36353538303838313332646166623339633030303933623234623432633964613835666363323461
36343833333862363962653937343566663631376435356238353663643562306536333732666132
38653737663136356463373137393736363936636539383434326230643263626563623833393363
36363363656232353230666565643462333232663766633365303939393662363961343532656536
61343338333666316331306539663265373733323237383734613461343934616635383036386636
61353065666562306164363033343761633532366336346438656462396134393163633662333130
64323265356436373931383538316335626435663262343135393736313939346432386638646162
39306266653066653363663839353561616537353661656663323532623038653461376131306131
31623534303634313638666262393037643266646665366330313535383732386338333830303933
62333735313039356433633562343430343465616139316530663939613266313336366532306464
32323539376237323237663038626337323064346531356631303363386165653033623761666261
37313662333837316562386337323238343462636436646261613535663032653666376232356631
33346561393935626130353539316563663439376261653237303766313836613662343766653462
61353061363264306439363138386237643761316230303933613033626132633230626235323037
39303831656333643666653437373932306434623661633235666234316663303963646333333961
30393763396462356230623865396536613464396165616161653665653964613461646465353634
35303330646330353863666238653933323834366261363762343535323134323532623233396566
35376333393133646464643036313562333637653139653339383161643934653831313165326630
34336633646366323334303930353065363834303464396464656439636332356639386565633165
64613766336464353337316666396538636536343737396332346230343534313035356265626463
66663265333035656637373564646132306130363830633062333034626265376231386531623635
37326366386637363732353135356430313033336462386334323737643237353164373265633538
34343630313066346565623033396637656463666564646430643034393736653637643963663830
39336535636234646634616163336138363466363134346463356136313866363332386562356461
66386233363933363463346266646434633231616234663838363662333138363961303563643139
62306638626133313631386666326235646465613166643938366636393066326365646237323436
65353135303330373065643464323530616439666164306234383664326666626233353432626162
30343737366637306335626562383265333139323131613361633237306535333362373733323236
66613839363736353264643739396438646537653666633138376161376230633866636235343766
36356566633864376264323532663832366132306339386461396464643638373837376639643461
30373830656161343334643933636461636437636131663565373139366137626664666435376664
31623462643334623432616233626131316135383235643737346631383339323737353636346239
61626132656531366566633234613736663437616361393262306361666261323362623964393232
62663131316633623232663366376361366261363761386130316634313465326237393134643138
32633864663537383434376666313835393737333531303039393965393834623231336234636636
63373765323333336234613433306231653638346436333662353937396238323365666236353330
36623232353437333033383931356532663761613432636565636537643239373230336334633838
62646663623266623438616639646161303031373735636565643634333461653736303530396136
63646635643061323538616439313537623531333164666433316239393034333036656434653965
66313866626464306232353431666666323333653063643663653263346163643066636139656433
36343635396239636238353661313333613065333832366662346434656461383437303164373063
64386163373038343031383532393664333964373264343335303032386636303138623861636635
39616665316335656638623864333166623138373632316365636231373136383633663537643963
31393965303238396138663962323266333264323462383636346564653865613765663165666438
30636165653736353936333366326431383934306334633735643534623363373030633637303765
39383237613863393632386463323966373639616233646662396333616564306361353465323762
32333962373230623666643834326564666630653765663033643838343766643261313633396538
34373964616261386236616134333539306166623439323338666539303764373137306361643239
30623864616138303433356638313237306334316138613666323130326534333431336437653965
32353434623563303836306634613765313335383333623239366531376661373833373864313066
63313639643562303632393033393336386333393433323962306366653638653738383832353265
37326537303638653163323035343362633033316634643630356166656135303933356463626334
61643833346430336161396232623561316532633932366431646339393231343537643630373035
66313865316161363364333862636532643335373864333434376530366130346466336136626133
38336266396534323965626136633863666230636563636164343266343763353064653662623261
38356434353931316666316563383337366166306561393031643662373934316436383864653233
66333136346166616432313734353638323366323665636232306435383630363665333362323938
65326233363137303339396533376566623562623339323533373330656535663962303730343339
64373663626664626137643463643361346139633039663830353830326461356633346261653534
32363565366465623765396363323635323265353637386237323139643264643835343731313434
64656564393831633136643638336333323161316534313131643636363766323835613166653436
31656631633232303763633561343735303139306561343965643739336662623366393537313862
66663363363437646162313433316434353830363964323266626565393665613230363339393262
30663765386463646430646433613837353638653738383932326231613266323635323836376266
34393663666165643736653061306230363833633763303033323861383764303736633565653136
65656639356439353263346664666439366162353663366431373238373961323635383066363039
30656166636665623430633365383161323435616537643837623964386666363538393436343035
39353534336436333935373537323531656266623738313761343033663733333038356238393135
31666661383631653738373962333230623239363462313664306533346637663136656436643766
33376263643531386531343564663235623637376162663537383435343139356231353239396464
34383936653034653832656537333434323162383738366238313332303663653861333130663335
62653135313136383134306261633061663961386138383566613238336233633237646232353139
34323439646334336434316338356235666538383539663134373863303236363165663966643065
31616531306662643336336162616236623132363131346431366533336665366262643836303866
36303930633766366535346639656263636565613861303330333539613637343430376363626233
64663836383764633639373336643765613236623361353236626364613638613538303333663935
61363339383266306639346261663232313463623936356335373762633266663564663161353635
63656638333635616432366239386361323735346332363065626637353635653663363537363732
63636238366532376433336465393462306236376230656136666336386235653162663266613639
62383538303539653932313935613139373038336536373031313333636362366636373336393661
30656261313462663364666165366662383439366339366133616463316534393862346265386435
61326664326430323132303836393939613839643338313161353437326330316333313535623661
62643332646364303737376531343239326562373537666331656531643337383733336336346135
63393165313836323732646162353734656366666533633336613365633063373566353562613162
35646432366530626363616265613131666235313731303737646332373262373035626362386466
35623934373961613864383534623834343965366138396163323830326230313339353931383431
61363530393532333933626232616431396331336533303163386132633238613136366631353163
62303234306364346238396538313334383431333539363836383265373835396565353538663161
66383062353339623361363264343866333632306633323732613435633738373033323066643437
64333737373363326137383833396463366235353236646161656266623762653366346464313531
65343231363836363733323066363738396239333531626561373230326133373138346363363034
64393830633062633233313738323037636437376634343235323333333137343561353131626162
36616330353831623063316235613834343663623665613539653065303437383365623838666230
36386134326463336335653535343639343932623232666230366134343763643362663333353237
39343966623565353032643564303837626166333138666235306531373461663765396465343130
63636666653239363164346161323538613531373765616333373163373663323866343163613632
62616134663133393662633462613634396439616233373863336436386462333435323033306338
62663566663666333135363736636166616631393366626631323533356365333662316436653230
39316566316262313065386333656139623165393434336532313138383832626530323434633236
64666234343932383734393161643037353833663430353761313062383639613533613061333661
31353430366331383236353830666638663633626165613262643232316364366361636162663961
62653463383737623436346233623731636132626564663262353365353565383631633135316635
64353364346536623533373566373834393234316131303337376563396630376263313862616434
62653633383033373332646333373030373861656564353931666437353530323737623262356235
36633566366131353236653833616462626434636461326164666435356431633134353664383761
64633932303764333230323334383165626664303233356131363634316461303635333738366565
32626434653830376435653238326638313463366166386433376130653938303932623239346136
35313966316437363766326463363832363132393365623266376330363235303762353937636530
32643433366239653362643738313866636561646432613431373061366366313635306335636236
65343764646533656563363939363539363132663361323563666635333034323265376666316138
63623165613238616166636431316336386530336338303231323564313264383233333063643830
66636635373036663765393937383162646266643033393664663532346133326132303063343833
33333035356238383031633337316364616463643539383530306630643036336432386263323738
31386437373035333362356562313564383162333935623637366638373539663034316462366661
66653036373134353535613534396366326337366530393434623832336532343736366663633265
37323639323738666132646566363264646232653031646663313435313764373363353263633865
30663138356334396536396561623637656161613962346464643865343761326138356163613934
38306163616235633262323539643364353561353535363031323331393436333032353162623930
30303733663563373036376335353466636466626336356163383834303730316437376238633833
63376366666532396263386365616437643133633265623133366564623634303834366265333962
35656662363335646438633237353535306630306338333031653231366433323639633836616364
36666365383235346163646232386133343562646333376463333165343932303338636136356338
66393366393066306534316131363862343062343864336138353866313033613439613631366266
65376363363330386335333566356334313865653235373637303264663431333231326361663763
36373833343862386166663830323063663131363134633164366136333637393034346462613466
35363966643230623965323064616137643866616431303733313637626163326435663762313237
61633036393234313831623063636635643631336134383138653634666133366435313332626136
31346366353565366435653832383361363333363237373664653736306130306239356266336639
64343131633338373338633032366435633432616335323133373930386134333032376465326562
64383461613239613163363762663538366434323763666238303433373738383834656161356330
39623664666630353538333664343137303239383463303265323639383965346630323066323632
39323163366635386464306630326265653764323861653835626234663231663939316562653733
31366534663362656466336462666663643436336235333763656663393934306137623036633364
34383537386437353134363162313663326135376234666564376365663433613437636637636531
37366633363436646131633637656632633834643530333734653966653136623464373563613964
39333630643338333331383433333764373062623532383831653834316365386530613632346464
33306536626333386530613737363735643736623866333836343263643537373534626336363537
63633863386565383965313233646636313161623933613465316133623230343234393162613563
66646631636230303133386130666131386265626131653831353135643534303530386236396632
38333039343634636439323064663035653463386661386466653562373962346131666261626262
61666136393763653032366139633135343631636631633335316134303633323232383838383236
31643362373032653338366235343039353036666262666539633232613733366238356233313830
33323337616261356366373262306661333037643766333236666632653433633235383562613261
36356533333838653066306638663962326335346135356233363036653431356263643231623532
63383436303462316462666535643265646265353162376635623761633536323765373131356235
62373636333131353737316265316330656265336235643266666433343663636435366335626333
64326532666430353932656230653831643032666262643262363939373331653035373431376234
66363339363164653064353938663865626136653735353038333461376335663536626639653236
38346634316666636563396234353662633461316232633435393731643734613139313132356437
62313237366137383030643166323236353933656430346232633232393663376434396262383430
66636632646263623762373166323735646535666362306462373836636135346537643731373363
37346666326661616562646162373435666134663730656163303865326430353135383234343039
33353136623230633763633561343361613132343137613264626637386138613062323233633464
66326538323836643966326361383334653436633665386461306236353165623964666363386534
65313035386461326138356134306639323765376335336461613434363535373161303937336463
64643333306533363937663734303165666463333839643133326363303863616236633834353936
62356532303432363261366163623236386164323638656338393461366639613362643230663066
61663035393665373666363933646639383130393932306331376338636231363731333530313234
63633564663966666334653635306538656264623030373638396462356266346534393037613836
37373063666438626532643735363436353735653936366263316263326465643835326462613631
34646138333866613364363038663539613636346634653933623531303236363231386130393466
30363965663666373164373366333532393735663066613634663338316438653737373337356332
63353961373534616538636532633630313666353664343230633463643865663534626165636364
66613863353664343938383331383764383631363833636434656137333061343863306437316139
31656666323337343661313163386166626265393638616566643663376630363133333430633333
63323338646433663465653162323636336365623330613366646530356136303732353838333863
38333765613138636436303163613734383039626265353063633833653630346164326330353039
38613733613131363737626164336461346234613537633336653432353838393539
