$ANSIBLE_VAULT;1.1;AES256
39366137353837323132326466613335353662386136353263616436393330653438663163396538
3938316162613534303737313462373539653839663438340a393733313130393166613363646331
33323931323562376339643563336336323631616130356335306439636565643235336435303737
3465656632613134350a663664666239386266343062376366356236653463386465633663356266
33396261663933623831656637656536363933373837396636666138633962386239613663376161
63643133643630303139616561316234633066303739626234613230626430363737623032333634
66633737633665633836303361366632356564323563393137353236643131613962396466363535
36636462656539373763343435363431303134643561656434303935636464376139636538666166
34353865306231663965323466653365623762343138626164633431633563303666303638663535
32383162626663663335633664366666353764663364633564333562303230653436313037613066
64356265363033313030306265376530343962653061313631613836343538646462663664633734
64336465346163363033356331396332373130656161383236326664323534613962653066346531
31636463393135353436303663643263386131393630653266633032646534396465663562343065
30336262306639343634333435373961333438636262376365646439343735613535306430393033
31383232656666336239623761363865333938643636363734386563343435623036643734393133
64326261656236363361373766653062623837646266643333613662343066663735663965373637
30653138363634663034613232623334623063366332383130653330333064386330343466636638
64636235633065323439396364656362653562653064343431663061636135393865646564353136
36343433623663373064363738326332636135643462643866346631333965346438663130323730
36333461363461363034616632623538653966313333363539393465343566386565326266623864
65393830366536383132613066643438346234663830656533623930323332373534613565663536
33363861353239393535383139613233666237663564636661633164393331336465386665333438
62323639346536356237343030313766326664336435643936383635336461663264366634343738
61343566636339656430646238626435666632623763666234643861366162616261303632353237
37396164626666623265643566666135333133373965646230313265386431646466646534326238
33643530393964663530616461316638323139356137333566333536333838333561353730626333
30356334663365386432326634633262313164353266653431343161653961623037616238386635
62636363366336373532646664636631336430636562313639633561303235623865336465343466
65353036346263633536303330303662373061313862303364323331353833373036666365633561
37626339343630326336363664636637366534316161303961353435333962363037636166323333
63326631636139303962616333346538346330643937343634656632343333613337646638393762
32353535313434323735336231326536383936616235303533346237376635663363323730663931
65333537353137646531313566323665353561656433343732326330623832666336623835313761
62656137623864623839653766306334653437636338616538376530353736383430626530646439
63663936396466653162616635306462613861626331303862626632626433626361643534343765
35393062326161383038316666636461363036343335626264636466366162656366376138343738
36393838613863363765653639323134313834393161343461343430666135386365333735303433
30376164336335316339343136623564636166326530333664663464633830353137636339353736
36306436303762366366376665373066356134626465663330616634663364316634616536663131
65616331656138366365396663373861663561646333623463666461646530303262363237633962
32306264636337313561376565613339633838653838646634333738383434326339306137303231
31336336653232323533383961353664653031363333623832363130343236616363396537363534
39353838333033363432663532623839643033616632663162353236653736326436323634333432
64363330333761373437303138663230386334316535326236393264623237393632643631313562
64613832303463383532613761616538303937636666613934643163633863633938313065626431
64303763323766346434613637633765633937636232333264616565666538383435363130326133
30373937363561383437343639646439613365666433353266626438306365646333303662353565
31613739646535656663633637346531353037653762633739666230353831303639376533313738
62346466656434626261323735623765366631613161323061363133663039393235386633346664
39623163636138306163326661383639386461616231646365663864333138666464653533306263
39343737373435663839383337336536326664396633323938386466316331343566326331396564
32383930303434373732373830306231333937386536613030653837306636393061636363383363
31633765313039333330626362613433343434623835623964303564613831323234623033393133
39656262303439643536663130373263666536353265356132346337653566633231643136616330
66643537663262623634303331623030363837363535633830663039356162333238376437653764
38333832666538643233373938633639396561636462656439666238613666613963356435303237
35376630376332373262356639393236343932613539313035653333323635663237643063333232
64626664393635356165366666656666653737376462303835663931333535663630623138623833
66343739333336303133633132636633346639626366646466376463623932353530666266353665
34653336313962393535353461316563323432323565383331633764306664633230316433636666
34636433303735373232383939373338376164303334333139666266636161313066643834303764
38326432666364323234393736363633376230353866316337626261303130383434343939303463
61396661653239613530373337316662376331623964316436646438333738653833616431353031
63363765663439326438393739303466366630623061383332383135653133643864363363303938
37663664376537633633383032393736373335383830636666336438633932356363666539636532
34666366323030336535616337626265346135316537306161636264306631623061303330333038
63303735633738623066636566373865356238343264336535303666363034353833303030633432
30306236393730316237353431393139663432616339373461386635363132616562396634326334
30303538333462383232363933316138626432333065323132343062313031636539323833643566
36313837323931323135396532333464343437626138326533346534666533353638633666373834
65303635346535653238326634646166663736363935653365663030363661626564613265666338
34303238623263306235633766316562613533613364616433623566646439656232383738393366
30373466356536306335613434363666353861633630303339626538636132323966623866363232
63383632636639306538383635323131333165633536626462306663623537653863643364356437
33326431333164333965303433666432313066343062633431626135313665393235643631376431
35363334623161616131336636646138663234666638316162396265666566373038616166656663
30663434393638353865653664613339663032373061346139306133393239376636623364303931
64343338356564313839323263353330363032363733363437653239376330366130616564343836
64346536656139653131306638316237373766373135313932633461313033363131666261343534
33306132343738333339633963633531313635636538633233393737336237633239623032393962
35656261383564393764316363323335326239336434386638653865333239663661366362633332
63643233393936626336383835633031373064633862306364303165323538336563396131363366
30613438303533363266316234376266386362383137396438376135313966316239366364353961
37666332323137313266623864623832306136626362363132646134346637393164643165626365
64623630346436356165333336616530366133346265333566313864643533656631656261633438
62383431326561303232653964393737646666643134343231323864653466623132303964333333
65313135353634306536336331646463333831373565623364363866623964366439383463623238
62626435643936626365313337353337623737376133333463386638613030646138663364376565
64303637323062643931643132363037323033386333633430653166316130373338396231336135
34653836346230616266303439613561303934643235313965653434363939613638383365303737
31373737373438303335373832326534623863656633353565643337356439633561343164643262
35323863393439316535343636626233336564633039333262373231623231656662366130656536
37303639326232653135326139343864663739383337366365633266616362333436373939313461
37376434653237636563373733313035393638343761366332356537333835353236383034616335
30623039646138353966323438383130383837323233383761383038653233343238626331633830
35313461336636383338393862613931346364313235383265636332633639373732626532363062
39336633376539636464393532643365623632323135623235633366376334373065633638346639
32613135393765623565333966363239366665346131306538393736366539366463613765333663
35646365303232353063626631316664633338313935663137366465316664366236663133393064
31383866636261396162333766626236313535366538396365373931653565623239303361633263
32613665616665346239373935623964653663616565333863333664626536653630633362306235
30393862373761656233393263653865313661313061383233313365326432613138393530646231
64326135386434353132633331316239306361343933356362383362633365313666386331633163
31386264643061306438396130333236613138613239653535643164303733316562643664356331
34383534376365633035363337316133396235613837626234313862623639316465363134346566
38616361303437386333303137303862396438363062643061663336363461393238353037326438
61616237373237323631366234343166613933613533623861346462303666636565363465323233
33373865383265346664306239316361643361353837353539326331383966366361363438356135
65396664363061643461643931333337333662343433393831396436383531343138346630323730
65373330346431613530346264623866343834363162623565646237383133316538386661346530
63316264633039366631363661353866613433323138636137386435313635356539616538633337
62613061313639343437333263656438363462393032646165373732383433336534656139343437
30373439353761653637633837383066333834373534366437643736316666346665393564623435
61313364346338666138393336336336613638666233303335346265343231393665333731393465
32316132626363633365613165323337626264316338306437383138376262326537303136353434
39333638643335663030376364316132663561313132666530383262373463376562383265643036
65333631653562323334313865643366346638343437353331376537396663333634623435643331
31343535346539346534323333613563386131626162363439613064333231646131346137633739
30623739356239313935383133656437383331633735346332363866353666616561396335326464
62356537626433343461613737363130653563653463336339386633646565613466663034303935
65376334336639326666646338613666366331356332356538353738303432393464333839326639
38343262333964636161613830626564323363623062313533353230313730306362366631343339
63303366373462623766383761613764376233653035643061336533393839393437346461383836
34376439653363336432643137383465633134363036626331386464333230356132646438643632
38666131316364356132663039646439663931383739313734653638323132613330343339363463
32656437666230353632666236386231613432623535633839363933366131636230633763636266
39313937333931336538636230653437386538313361323362363464303539303036386666373261
62376538356566353765653033653330373638323132356562303364396430396536623165373664
33343962636137383763356638623933666534316633336564356262376134386438643531636164
39316635616338663661663739373864336462383166383535303262373966616234343032653635
30643561666239376163356466323831396134643566383935383731373831626236373135383063
34313364343231333239376561343361303530376565313935376133653434353331313833396530
34313333626436303030653131653466316336653865343834663864633361343331373938313665
64353833363736393530326161613466383239303266323833336465633438653833646534373934
33376336326364316365663563653734366631326430356236386435376338346336613263383666
39323631393130376236323962336639613764363664383965306430613539653936333764393564
38323933343261363462623035643138356162396636333861316665643631376665303963336639
62623136323961356235353436643536613130666630653862656266333834326136346133313661
38663737623961366132336132663333343562633735663565653132336162393834623266633536
30326663386666633732386166373639343864326134396331373730363232353732373232393934
30316262343335396133336634363733313530336463653063316131663264633136336135336665
61666639366537663063663133323635303531313033346365383937366637613338633066343933
61623638373037343064656164656137316339613732363463613733623661353163373062616539
39303230666264643937303836643063313037616366333632633238323537393638383935363065
35386463626330666631666631313763373664613431336238376339393361643461323033373331
33323133373866363563393930656661356237373630393339386561626666383439306637366564
62353934303765353061376431386364333065326330633838383034323830393335316333353765
33646562396337336361363137323235353261656232636163383330323639346166383764656161
34313662623035663064633065303563643962653039303363613961616663653264373933343331
35363436613763333634646532303365333465383166333565646565663861636133363938316433
37633339346239643430396430333537623234636633653031323863623062336237613265363036
33396562616139363832633563313765666333613934643363663134333962323732313530646631
63353964623661373265326265666237663533643738363136623030333831366662373230663333
38656439383661376331356635396533656162646662383131306138613138643866313137636139
65303831653763316531663966346562353230613630303161333063626262363636623231656239
63353539663339363130653966333036626566316233643266386130346632356239373961663636
39396261666530353539666136623533313435393539643832343639363737353336313634393131
30303762633531376463383461356166333230643930663933353862613462366232623865646163
62373332313632626262356633336333663033666436356337366431656463353262343264323534
31666466343962663933633737303237633264613537363133616562383661646433336131666333
61653039323934643530666563383236333633646437653865613232633833626363333465326336
62656534623661353238613661393366633864656638616465633334396630663139396635313463
62646535646163653765343338373338383730646362363064646634626663383238346438363363
35633435386266343165316232663330626532643031373830666266396235363936656534653635
61353932313766613933616462663333616261316530613063643565363163353237626633386564
31613466306236613362323836306631343464366137626161653732396335333934326161653235
34346663396638666435636530326262313834366437623639663464343539313437373330616566
66343030633337376632313036616138643661323336363064316361653938343964616561663635
33376631306462353063396263343539396531336161323235623932656135613931636334616565
63666362363062336564666361626538346266636431396636633334663031653732646535623766
33336637653234643430306464396435386530663133313932636237616433393936313264626137
34613763393163363062616339373130626431383732336539333730356337613535363539646261
36623962306532626363316532663562383839336538366166373065373363323336306430316532
3061323439326339356132363339303934346662356138623637
