$ANSIBLE_VAULT;1.1;AES256
62363965383762343065336462633961363565316334366433376164303062653131636464656261
6233353337356334303636313263663338303764373934660a313162306539666333326634356634
63373835663637613537663836323937303361356666376232633264636434393337343730386132
6537653461346537390a326431306535353263643333643065646337636537373738323633316264
61343965313833643262303738666266353530313265343064653432303765316539373861356532
66613934383261666436666339356232653538346566356630363737656336363237383939333530
63313761366638643032323662383463386565636366653535626630666435313532326663616536
30396334613839326430636530386163313238373132393732343661653538633230623530373934
66353738393033316239636363333561363633323139393732396565353062306261326664353361
36303030653261373439633032323964613465303030666239316332383031653532653837663132
38663634383636363739336633336666356664636162376231323664386334313265366130653634
35373463616565303461316534376239626264623430626630633734353936323061643533316563
65623633363939643936366235636161663634393939326263306631363561663931646239666466
62306637623538646365343765616238323062366238333735643434633966356631313665313131
37653065623762636535363066306336653539313861343262376562623965626230373339343964
34376430323463366236643066376637623136383663323564653033393739396533373962393763
63633036643331623139303739336461616335323263643236353431613430636239323630646330
36633165343230353738653564643631396536303538633433626132626632313530313938633265
61316632313737313533323465616562373863656637383163613030373136646462316432383433
39666431316132313536636661646631306131343632316234336163353163323465626132343230
63663666613565626461346430643834653037333663626534396231666265386665303564323332
37303630626135373835356238366638353636666233656230316331353264306566373836323538
38646165373137396232653437666562313738396165616437393638373162353333343363343539
37393333353535343634613663666535653063636265656163336662613235306333613130643461
36306132653434646535633830636366343136343633393630626164363630333964346338386436
32636134333437386437303761646537326438326134613361336263366662303832353830623836
62363161643935363938306235373732386463666266623236623435346433303832356433636433
61383665636334373636643237656162306232316664323836346531393164353836613665383963
65326437333864663063353337633831366464373334653036343061376462393261333365663837
31383934393164613031306232396639396633303130383734366366373130393937323361656632
64353537653339643435653339316433383962623263363863373436616139366561633061646136
32336535396231306135346532613334616130356463636161333262363964326661646262313864
63626661646135363263313762373961343766376663356138383435313061393666663361353936
30313235373933363431326562343137333439626133333862643564636531633364316435626634
31323534643134393234373764656434626433353665663033643236323730356464393065343361
36356331626135616533663664643963306235303565323639636234373634353961623064653363
63313030646436656362373439663037396439316430323564306639663634356330373631633638
31363465386430653139353239353636316663623737623465313237323236643966613535313666
66653364363431303430393934666238346234643862623238633666386362353737346561363363
61663132336366366264373263646439396466303930363062363863363962366233643437313036
39663937366331373939303165396630313330616232646463376465623662623039373566613736
62316663373664393636343032663631653737653238383730346462346632353032306133356538
31396130386335333933656534396132386139666232633436653138653363353063313738636239
64306637613633303363316332353532346130626164336236663838373166366430373765323566
37653365323566646161333731343836333064643965366264356239313461363663643035396337
33363030623234336164656531653233343630303037326666636238343433646166303864646162
63336330633765336661386132633165353238326561386261633166626135353763346263363964
32333464616261323531656565663138306130313531633633633039326431346130336336346662
30356263373364313836633831353833376465356437353865366462373764633137346435363266
31353431646366623164303537623462343739646666396561303132303334356664633562633336
39646136343561326536663266303137346663353737653932386564356465356364323635633338
35366431346337373935343732313839333234363864316565653130353039323335353962326661
32633264613732343035333439333864383833376565656139336632306263613230303039313137
36383636646461613736623636343532343164653038616633653732663131393735646436663031
63303937313938326132653664666338616638623866353963346233623866363537643438643465
65663535616536303638643763646132366137316464376238386161363062666634653937303263
36303563386666313133323136636263396630323635366139663261303363623965613237656532
36343462663238626335376536343161653461303361316432356535336461643862353937633632
31386539383539613235656664333830646461363139666236336261333238383539343061346233
63653630326264383965373062376436643565343531313165663463396261313738633665333863
65666135626139643961346633333762343363393561383230633064656661316135336230646537
62633066623962623163303865316366356162366234623765666135316463626539313339303366
36386166623966363262356137653231376134356166383361303331366139663861356231643861
61626531663034313436313564323865333762383033646163356563346439343761653866333137
32386564376130343232303239663561323135313961313833626162336161353836396137396439
66353266623464373765663432626662376337626234326566623063343262633066643765373661
35623966303561343230323833616261666234323164336636303338636333653938396238633338
34396232666164376633333837366161653565326261303964646164386434343930366632373063
38663333646433633936353934343539643266356635333766643731353564316237363266653135
31323661363736306335353066383764333666333138376434653765633463346438663766633464
61393065653630356161353337306233386336323563353165346234396634646334336664366134
33313062313964356136323534346639303233336165646530656437643733616638306630353333
32643561353565343536663631376161633935346665363934633639663132346434353766653338
38343165343739396131353639623564633834666264616131326533646334663933626633323464
64336535336232353631373165346335353862306531303065653135653063306562623866393934
63393237666564663865326533326537303861636233646437346636653039396339343335316664
31373564646566353266373037633930333665383464326230613136633161653334313434363662
65636338616638646138323832316561313266653837623135653937393461643766613430313965
32383463326638643434636237633233613732663061646136636337313137623034383839303762
39616436613833383666376337343263346263643938353532633866356464303731623039613932
63373965366134373433616234343964353032383937393234363035626532316533356332386131
33623861303063373761366532353636386235346562313938356235666664643930373265646138
66393035376464323636646530633730343162306332646461613431616462326632383233643665
64393934623465323637653634303866346437656432393136383862303939656562313537386438
64663137666134396232326561633437636366636562656538643466633335393830306437616230
37653732663735636264613835613936613532363036643637383635373436316266613761306266
34663137373933656365393464396363393737353133353235616132616362363764643064393763
31656366316635376465613637656239636663383734643165393831613934303835396336373062
33393864383533343765653863393534653237343834363036636139366532376665643637313930
64353963636466353566346236376161626331643165356162616138373665383333643234363535
61666537633233383666626337343433346335656137636438313331646233333461663063613163
32646332656531346137386338663536653962376630353137386462366436376663323933636437
39653930376561343734613837343035323162396264346337393465353835643161356561353935
33653935333830376435316465633363653461623430623661316564343435313831663839333232
33323933666661386230303339663232353031666139316531353364373434346338366462323738
31643763396539303539393030666264643662653061393731643137366334656237393565386130
62616633346237656463303231326538633563656562656434306433313735343531366332643063
31346261643634373633666334643463376163663630363863623664383864666463613432313961
36303033333666353136356561303666346537356362623533323165653931313934663932326432
64353539636334363463386333313834643964376464636464303831643933383364656261613566
63636530376161316336616561326631396637383233643638643832393638663564316536333966
36306238366166316635663363336536363962633839623761366531656633333766303532346439
31376330646431353935626664623539633565313431343737376137623732373735343062343063
35373365623030666136653231306331336332346662383730346630333966636465626238383532
36383665303635333634376264323934623764396265626465353566656563343665663837663365
34306331383066653039326661626235633163343036386261303338663263616364373864663163
32656434313236636131353433643639613730306235616530383335633534646135303636396339
64653238636663373861393034363337666264666563396533333965656561663534656338336236
65666437656235383339343133643039383938386536323131323561653837663235393738303062
35366639646333633032313761353562356531633666313366373834303736633136383737326165
33646634393639643563313733653962333532643334376665643232613031386638323061666135
38323363343631336435626533333639356134316161386632363633336437656636323339623235
34333130653737643361313632353136313835623962373830393830333034313236376565323735
66306530626133653766613630346565623732646164643265653764336466656165633538623435
36636462643732376338303539343234383638373763633638653030643566333237343761626237
31663064323730313966653461306138396137373165633739306362303762613930626138643639
33353564616333633330666561643865366232306330646535343066663630346234353931653436
39396665636363313431646533356632626365636463386532316563333139386530643462353166
35326665373639383766373662656161386432646237363662303966343734343338653863623538
32346334303834366430666636393738643066346637383437313933613137663131663230393536
61646238623338623331393466643435306635333662323333646465373834616563373065646633
35303565333863666161396165373033316638393934633531663932646563386238636130396165
30363761306665666563383536393539313631633432376134316165653466616538336361623430
33386131386236366436323130643664613338343331646636316430376337633661643430396461
34313063386533663633623965653939383032396139613662343639643238336530656362623631
30613562613466633163316565366533633033326136386161643366363461383361376563353632
64363532306363353330316633376666616134626565333564646435353065386635666634306635
35396536396233303562353038313363333337633836333062313562343866393838383231666161
64663134353438303965356266613931633465313438653764383462363231393034633235316665
63326135626266633961303339646132396437616162633662333261356662336366303332383132
61623234383031326364643937643066616136653064353937373561343337623938356632613133
31353437313137376663353030323636366465616566363561646433316162616438313539373734
33386436353437316362316262653830663538376463363534323932313431303763626235613461
35613163316561353366366138613034306665343834363764393662303466386166383539313539
31326430383631366332653161626366333661653633613161316338643966353136316432353266
66323931393239383166303365653931626533353261623161353531326534643138303465643233
33646262663931376435393239313362663936633435316531346333363764303338346239623435
63393765383765633233326439663435636539633438663336353934313237653965663731623231
62393236323066393630316164646363373231663036616463376561313831363562386635316363
62666263633361626338653434306533376363386161383832646134303232353733636631346634
65366664653530323738353639333132393330376333313738636132333438353836356333313161
36663362353361383230366361636330366663393962623963363836346131343862623235373538
35633233383063373963633439633332396363333436363765383766656534303661626430393939
34313165303064663437663635636338633033383832313763393464653739303934346464333465
31383232336538616462376439333931613637333834326364323932666463346239663033653661
36633533346366343430643134633761633638393661363137393234326133353631376635333138
61343363313235666563376462323437613239653461643566393364626134356566396363393661
36393561363966373932376330616236616165396630373437326661333737666238656534643535
30393164626533663339663666316230643463376435313238346161666261643636663732373831
64633564366139346463313936383033373564663137623139626233303436666439653464343063
31343431333861636338656235373263623364626531386637333535326362356134376363663766
39343936396636363630313366653130326539636466646262646134313639656230303964326662
63303761666630616530393932356162616463346339616436636362623230663461623830373836
66306365336436346261623032386335353037636262656135316438666330643632623663316563
30353537663833663565333166343264313762663937353337393331616461356362343230386232
65393765626362373961383665626161356537363930623933343861333937326432353832613234
30613632646564646331636131306230323663656337366663366537633538323762316366663939
37643965356637613039646566373864383230393333356237343061633061323262356238653832
33623830643063613732393032303166343631636136346161336335393062656437346434373538
39636538643437353761663262653632623334383939326632343664363937623236376634323233
66303162316665333232323736653163303039396534343531616233646562613561663461386230
36643136616562366537353635663938346566643031666233363835323536643763646564613739
36373139393134323634393066393735643135366532326430643532353434383837376430663233
65633834353336303939306261616438663138636431373833303738323165326266666264636533
30653961336461663264623163646137336435303534336630616431393737373963636663303333
61663733383061636534323234623236643631336366636366656261366363666231373465626536
32346136303263346263366433643831313166363833616436636165613131353165306564353662
66356666373564333964396533373666376533353230663836643235343932646565626436353363
64376535323434316131656138656637643362646139363233306161633431376638336262346534
65636230343434313734333038666165643436383262336236376363356534303636616333623232
61313564356438636331663539356339383537356333313865373138383662366134303634363438
63666365653763643763313837653438613639386566316230313838366133613835336130356236
31316263396665306466643132383030623337383837666231346565353133353736
