$ANSIBLE_VAULT;1.1;AES256
61643430666638643965636538333030623865323431313337386563356563643166663530336230
6566343166313562303466646361353332663839316538320a383738613062366664643365373764
36363531323663363166613031376338353731396238313736356361323366623739613161616332
6130306630333338300a616636626632356466316265633436363936663463306237383233623064
64316166366265613531346164343139393536663637396466326339633737663333393666336631
66316235386663616566366635613634663936333139373230616130363739373431616466623939
32643963393130643865326466323334303062346639646561303464613361376262346262616232
30626538386561336437326164616461386632373464373037643363643166326266353133386563
31356436653232613066353537636462663062316535343533356339366337396365303731373737
66363432666166396539613561323337663932396330626231626330633234616266656564613165
61653163663731303539376632623231323362663938663238303065306134383464663533316139
30386539303962376463656437646532373330373637326463323436343965383565363863663137
30363632366135613736346339396335353532623937353563366335336637646531663738333966
66646135666365633932616636646531643234323664353561363430363239313361386364366165
61636335626437626163383061326565303736356433643935356263316638633266333236393035
38353537343563656264643931326462613937323939336135313365333839323836623365663734
32376133303435653565333233643465366138646262353436346233656432343035343034373962
38623361336362313962353365653537306561626661643033313731336633313034373063306239
66383832616537363235633035653865633631313237363936303637643666646533626333653363
34623234643732353736663065616431643734313336643531346133633931623430633835346230
63653134353632356264343838306234613064346338623334623761313331333665353036613139
36633661616366336131326664333238653261386638303831633335393538613066616662643966
64313961633934383838346439303165383562343537393830646631613638353136663465333033
63343637396662653864363965373162623961353430613535353238653036663365636635356232
36653530303338306465656531346335316663633838623164316564666665633563303132666530
30613932376134653766323762653230346263646161393535663664313430376332376138373132
65653831333839366266333636383138373633303365633435666239396664643866633939643262
36306265613636643836363137316130366539356136643837623866663732363036313639343833
32356666653730303232323034623730663233376236353231616364613232633837343365303130
65656262326164636534313064623631313461636363316136383036633065303838383534393834
30613665623938373861613231356230373331303538626531373135326464303930626339373165
65356566623235313530616563646435316166303030613337326532353239636236303634313262
39653332303937656235356135333236326365346234613366346538383163646137303837336539
64353235333835613461626231366464363939326335353963353733393632376238353239316331
30626539366461346633643532393034643333363634393236626161653365326165323038636563
33636365306561326138383538613364623932626438643734333338656666336166396434386261
37323062383462356136353066363766663637316639626165343963356337303563663134386661
62633333653039653930366633616233316530383436396434636262346563633366623235323466
62393630666336326364356564343564303436653133346531363136383537333766373462376438
36633435383265653561396330336365653463326465623736303137623932386530386132373462
31346532326337303030383936326435643839313537393531373939616335636537303363613761
66393537363637343331376137643537396561613062313334663133383866363037623031636638
33383831633139666439333438373333376532616231646337396433333135333139323365313538
36663631303166303262633131353166623964333033373864303435373030666630616563396331
36393766336662383961626561303065613866333137333233356534336135636338643765643735
35346537336263343038386331666461646562613966346130366336313337343432613966353963
31316565373234376339613437376139386530333665333736343332303834663463336363646439
38323031333238353932666330376533316131343939313963623436626536353139326433326333
64343039646332373633313332623132663336366437306664386330333436333131653065666664
31363336323333353038383666636439656463333239303636326234363061653837376138633735
30303636636462313137613165333764333632323232373238333534643362633739623865373430
31623734663262323363303630363762323038646438376432623763633562323761356531366262
37653462313835643538623035626330383334356431363636656161663465373137313661313034
63313733316561336362616333636261343938316431333866656666393738653136666163616333
66643437643664623033643162646338353762333234393236366538653034343439343965313362
32393538636138326133626533383932633763333434303163363761366434656536323261363865
64653034383330393538356330383131656366313037363135643338353562643337343761366663
30653639666135343539616666363932343062643461363930383637373335663130653965666566
66653863376166613063646631346436636337306666386431643264353161326539313530373736
61336431356236663961373531646539313561393731386165366566316539666134626530313135
34393133336237616664363331373763656365666162656136356131366236626666376263653633
62643836386635323262313030643031623334633532303735396162623931363339663964336534
32613033376436396431323430343265633739636437306433333064393332646163353534373835
64393238633834663731666233396462393431393639646261383133353931326565636635373365
65663137616130363434646464396361666166333730336238303636353363356635306463356664
36613665333764313735343661626633396463383531633332316163656363366365646135363132
35313233376561383963663535303662613239643566343230383131336535613938313339373565
63326362323439373032633362643236643061383537626234366566346231303662303233663763
31343261323361366465303236393862393435636530333432313566626536326564633161336631
34363636656534656338333736646132356235303334353834653266333638343136376662326637
65316434623261663733616663343964323966366634346430666264346130353738353939346130
38313936306331383764343961393632666633616661653664353065343239616163623835353833
30373166653130333362356531313563313938316163333030653935343630623165313362616161
33316537333363346161396339663761373766643861616639346333626134366130353964363238
30366631343865323434663734373062633935663961386130643332633365666362306263366666
39633263626231376330613661303961616465663966336266663030366632626161653662346465
31326266323934653435333930623962313962393836653132373633633233323665313531643334
36613931306132386366343261363764323665353166303663303434646366376232656231356533
33303439333261373062643936623532396139653832656662636633626331323966373032366463
32316665613530613431303966353937306663313533626530656334323531626634646436303833
39303035353735633838666463636536383631323531363365313066353864616265646165623635
37396337663032326333643235636565353333353337343631613532623034646637643362393335
39376163623566373966613266356533316461333336373765306533363865383838373536396163
62663333396161613038333961633632653336663163303665343531336336623133616332346162
32383766666336656365356264626238646538333963613564383636316262323033653337363830
36323534366332303435333634396537353530393133373535616666393338373038386434666333
36303232316133636466613030336334376164623730623839376233633035363665393531653137
62373234303239343366633537323035613337353132626363363331363361316661353135623963
66613835653935313839636365383139666162336132656130623035653733326131356563353836
61323037343930623337346261316231646261373130303739623063316634656639633037633764
64343963326235333132346461383631643964616331303531346435623561356437303530313131
33643338646330366538663739633866643430303762656666326563336332653639336463643833
33626261656663616432653930376131626436366164383465346433623734383761643433343932
35343139326165393230333731323439306166663063663231626134393935613234323464383438
35383361396166646638393436316663356636643263383431383130306138373339326438333938
38653237373935643933646134303364333466333535396663313532366262353133336236333330
61613965363266316663656233626461663530353631343862633961643039323263303334313161
33353563613731643533623632643838336231333736616638373536353931663266383464346539
30306431613963646338333064393437346331636637353663626361646335343164353834373534
61636138383562386433323833333262356137613535636166376532656235386339643765633438
37356233306533363230656232386439643436656139313265313033346132383234396431663130
35393564333830646530313962373766336565663362626233383239663363663930323462616333
39373235333139386363346434653462643734656639376135343738663234623038653361363030
39383361313161336365623337613563623237636439383831313739643237646136343362386365
36613735316364333063393236623330643839343261633766376461353130366331376465346434
64336638363034366536346636666130383361323965613063663137643731353462666636346636
64626638303830396231306461376338663936656664366430633861613338323731373866343164
32626339353733376562356239666136373832313039353636643631663234633163663665643863
37653837396335323361633234653563303434363339393964343538626139383237333036353133
63316233623863656362356639633665353766313330633765616537373636303531333761343333
63633763656331366537383439316365313463313962303735613166633135386463313431366663
62643433343335323866386337366162386636323832363064626531303366663439383165313865
61613239616234336537663664353962616231353538346534386535623532383039623434633137
37303566393430396637363936646164373433333030393762336366356663643963663065313732
64636637376437313564353962386438353864616137636637323764313431656138393933623439
39666466613561393438353331633533363034616661353765666234643561363565636165643537
63613965386461333137663336653635346630623439623362653436666462313465383936346566
61616466326164343031353331373636633463393933326262363733633466623362623261366335
34353532356364356163636664353231343064643238656463636666396433653633306436646334
66323136636234333264333361646633313361346635373830356463323131646665363130333363
31323335633764313333643938616333353665616339383336323837313239376630333864633337
39646239313036326666613661376163376265633562613034616463623233356232373733643162
65336635613961613837333963313062353361313636623137666335653434656363613761623761
37373631653736643064393333633038646430363039626632306335343534666464396436346331
64393331343032616530653134656131336363363665393865303830396632376662363630316633
39363532613965303533653836356661663535633831643135656136633937356431323065373131
38363237376438366461303939623839363833653162643137316637643531616132653331616131
64346530623263656436396239353561646532653461656265666137376133306232333836353937
63633864653864626665336365336230663766373433666362393534663034326262646432363663
30303334376234316161346132313837306532313837323037306533333638653665383433343838
37623330613165396339613832376138653834613638356538653766653137313264643538366339
66353663623934616335396266383837643838313137333936393564613338643632306434646336
30616462613530636165386166386263343135613837383063383362323564336233653464633866
32633139343864343435336132363161636333356530663330376631616163663463663364643533
30326531636163656662356132336164313763626364646163356134663033663137643763643335
62376164663035373261643535326134353435356236386530386437323261383666636339656639
62363436313765393137633937386462646236396661643634613831653431383139636132393737
31373037316664353030396463346137646434383461326337653365393134623666633363393861
63363734333135353934623765333463343963306239313638313165363437633265616633306535
61653562626631636534633430643862303938333039326264333231643732393530316664613063
65646339623833643862656435313437656533626461633239633538643362373035383966363237
35613832336636613466333466633736636132323966646432333966366661613864623966643262
61613332633865633835333137366563653764303563653262343531663665643639376130393834
32333037386539636133386238646235323931656136333765386537623837643636343061653365
66653538306266666436333735376465306535643430613935326364623937626638323264393834
35613235653437616331383538313237323332303461363232383038636635393863336535643265
66383566636432633830333035393936646366633762383735326562313436303239663937626338
39663133386233313236616532383262656666333063653163353332353136623630626532386466
62346639323063396532316464393336373438343538306436363238313463326166373237626235
36666565613133646162633633343338376531363439306662393662616639333366396432633436
62363630333061333433626232316265653438336234616564636564363962333434393363303634
35323366336138326534616338663361663232393839306536316536373436363963353463303663
30363166363432663663643836373666663163306436663035633766636334356637363130376639
36383138353138366335626339363063343261353233373431363535393230333264356434343338
37663665356130613938316462633037613265646466666266643762613133336138346632633666
32353063396632303261623730663965353535653964393966663331633339613231316331313437
32613235633866623232333962666433653636333830303361623762396465626131643333306138
39633638633163396363633534316433653264303330383561633537323262323932373134373134
30346534303832396239313239666135663565313735383034336630646665656665323235386466
30356630616261303164643263373263636537396466343264633830333130313065316438653363
37633134353438613332363836623830323433613732393739623762663031303535303961613763
31373862336561396237363532383266316437363338663831316234646636396163366635663630
62336636306462356463646236333166383035373233353436346339653833323361383936613966
61343961643431643431656539663432393635346464376533303736356336623930313533316538
62653763396235333035646637383638336663303830306263356661376235363632666132643633
64313334303764633962623263316535663038346164323164376230656361663232366235353762
37396237623962326462396231343563386139383166643764353536366330386231336338613466
35383330326436613664333335623765666561366237383038633862323230356233343865626333
36336265613333323335666663373566316138656230653830316165613264616630633430666566
34336165373733633739313439633139316364663733613063346561633137306331373934626362
39623765666636373932363031343239333835626537646338333236303537363037346336316337
30363339356562616131646430383164636132663337336533366464393230306133346233383538
63303233363063303532643066326231303037316434313266373137326330656433
