$ANSIBLE_VAULT;1.1;AES256
63303831613633313033326565616139313832336535646135356462383033333564623862323237
6630636663633365626165313332373265363338393837370a353534376230643536396533313065
38633333383462363936633530343865316236623761636537356430613466313166653932323065
6637303139353962640a623739313239363734383736373862363133303530656566666366623466
39393765343930643235333739663439393365626461373137613766383331643361323762373261
62616533326163643437363333383533323064353132383764303464653266646234653835343539
64323965633031333964653130303736333565333562623862653861653138346133633665663362
63396133373665363466653465633732646233396537383461303734313264366531663231323163
63653166643137323633623164633961343333383365343466666131623366346436646139363937
61346330383539626230366361633764646133633565663166343832383634396464643831336464
33663964656365353636643432393530313733643664656535656233643735623435336536646535
64333539623231373862356239656131346636393833656436376632613038323165623834636131
38396432663731343736666138636235646164343737396436336530333039336334656463616638
62386539646231326536363263616265653333343635353430623633633264663666386137633963
32623238633736363565643030333261366135346662313661303635363334656265353836316631
31623061346337303032333335303562373830333866623639383066313339656136663562373663
36333534616364663063373066333935393031383133326437613838616436363630393437363430
62373933396563633765343262613934626130653863653430313235383064656664623634643938
35623234333363386263313830626130616663663339646134396437626333353762626335383031
39336566353535616136663538643466343966666464373134386131663736326135626363643831
38363430663939316365633034393332313864353533343238373033626465613032616131613231
63323064306332663431343733333834666461663061383466623262656531363761626337653439
64386262356232346566663235663039383731663434373663373333656166336535363338313434
65333664383631343633663439373632376666663061323938323238633934633838333864643839
66363065363536653362303838393837373865666337643963643164383437343837383563323839
64643664323936616235393535376231333761653034303834346236616164306164646539383130
35393161636530333461373833346362363264313464396339323135323536316236306133393165
65656433633561643163396232333065356262306637336362616330626262303035303431626639
30613331323938663631323539356231646362363434616466643066383735623236366562633266
35386131656537616137663062623335663836386330643363396362343163383834383166316164
37643862656438333666613036346538353233643239353664623537613739336465393933663636
35633832623335656230313030323761633230373762326633333034363566393139653861353336
66353336666663626231663931326436663338356162363563623139643837663161323730663761
33343536323662363630396332373537656265383564386433383463333637656637396166366261
31353138633363353337363439653538373730316666333230623036333362643631363065353435
30353663626665323861326635323334393262333264663037346562303866333764386565656664
38353738636534643932323361356163623030376433363630373830333836633532363666643333
38613334616663623166333938383466616339303438613139646539633034633063306533373730
35356234386662323366646331663931306562613836303965613435306631383066376538343732
31663136653161373639613864616132386566653133656238336231656437396430366531303961
30646461393165336439323337636432303530343132613565373735386637346635346363373335
62623566306564646136336464613266643335393461373036303337396436653430353031383966
33643233383338386336376662633761623162353034383963633037326266306464326631316330
30663334343665643731353234323438633934653865336137313962396262623635393138653235
62303832336334353638386633626435636137373761346362656239326163376264303966616536
32336337303461336533633632306132636134643662306437323330626334613230316265396562
66333230333137356533333933343661373361323032326430333639373730656264663366636639
64313462333439383234623234363333613732626166373135656533386332303333633965613364
66333638643632623336333161373766333836386438323633373561383531346362646237396338
66323461303262353338313433653737636538623964633037353437663039316636366639383063
62643966373532353761316564386665393337636439646133633065366637316564306636333335
65613036393938303739646362386231666362623736636565363236663163353636333536623835
61313733376237623665616162646134653036306461393532393339386637646365613834313064
35616631393430306362626165363032623739396637346233663463613166396230366465663961
34636464626363386562336233333262393639366165303865623066303364616332303731343863
63376166653634376538353537616364623065383233363762636463643831326661393461356563
31663464666638643666343132363238386635613961383861613062343633323838323133646234
35383165386263333762646635626132353265613032353665356563346337343439633233303739
61336263346664313932656533336264623530393337646133303230373139313862343832623836
61616136663037333434323237623431393966633732316538336431663362626334626365663634
37343336343765396266646239326231616632636634393735393137376664313235366564636461
38346464663533396433316539356539636662626236643063643532396535643732313961656339
61353563383331333433343633633337626630353431393961366265386165313066396563383565
31653130373763613733346237386636396262653162356634656636366664626630663232383036
63346362303063623636363535353236396638633939383131366238323965303761346164353637
66346439373163663933616362653731613061316162343736623761323337646665393332653039
36343761653462616433643666393963326261633038306536636637613737646630613132376261
35303237623331323636376463306135386134646231363364336462383935353061353961386134
36303731366433343963386365373337613334376631383138346462363732336438386633333162
34303234663962626230346437393361623261623337396433373431326630393131353065303036
63653934633164333733393161663638383732373632376466653734323264323039393637616630
39343532663164363437626630303830316337623765613439656232303662323964626531393333
30633835393837346338363162353163613662323662363861646565336666363638636637626661
61323436343261396230363161373363636537653563393562353231343563663837383933396434
36663937363363356536653430363334363732353963303336633666633534383732623738666237
34383161653036646130303337336138666666653538373861626630333639643166333061333365
36373634643431353239653162336234313462333033343930663533366533623934373663386132
62383462663261353239643861356234353232646163316135356433623832376662643861316333
39366431323264373238383131623535383237616433353363336332306333373834316464303931
36323662643862393435666561303437353931313138616465333333363130363661646330386436
33346532323563653062316133386466666337343631643265353333326138643965333666383837
63323035363461653266393061613261393063343063666537363935303538393730333834386462
66666231333938623830303539383364613461323738623936383038326331373262623133633135
34366236323433383537633065653465626232303034323931646635313230333236646362393966
32613534666461633066373039623037373230396539633239663933646130353761373361353130
62396138346130383862633034623534363332663236363336316462336339396637643338316236
30633237333834323165376337313136363636366331323330396263663062653264353939323230
37363266613965653234396235383238383334636531363634666263633161373366616664376462
64323661666461393937623261306361656636306233636331383261613633363633643366313137
33366663323632356432626166373535653930393863626330356336653036356531323766396632
38333531333930313734633963393264663161333164323033363739333031303365303530333531
37633633323566633761646662363536363464333239353538303634663964626164373863656663
35316666666430623063626530373966346630333135353763643865313037353635646238613331
64316365613561373639386339356634303432653930633336333435363736343466336430353261
62313237306132366439623938303031366430666461633865306235303237636635393161316338
33663265656332646138346131323933333137613036343538613337376164303763346230663836
36613839353233376464663733646562346465643030613833353038656133346564343561376163
33353238633939343031353738393635383566333939343735356164643831636564383263356164
31643536333264373531313361323433356336643737643564653732313438396136663239653932
63343031643432306438353636353038653130393739303266636563656533346534326133396463
34363733386631333430343161333638383962316236356532616639313435623530633031636134
64353630376133653739316166316530333165623839303465386162333139343731353763363832
64393362666166343762666432326431383630346133313632313863306438643230373465386131
64396563663132303138663537646335313033383731656331386231333936353535633739353164
63353464336238623638633962623131623365633962383735303165343132383339616561393331
33323264383866353763666332343731613166313862316439633366346466336239373633343936
35303566383162653631663536653666383330396631666535343432633237343432623833356363
63633839396266396230636436323163336561346434333235373866303663376537343037373966
39633130616566646339393136653063346539303765323238623561663864386537663961326236
39396635636631663530333962343930353639623231323536366531366436646362316665636166
62336361656136663035323961303230666161333631386266623637353762363161666135623861
35643336646162356535363630386535393361393731333461633934616339313963383530373937
63323031323832316531323230393631303734656639326561323037323437633839393634353731
38366136656435636364363366376466363364636230306566646532383734626331393435623032
62636434636438613037653239613963386262616265336138646332323539623764316665363534
39626533326530343364346331396331623936316533313334313234623033313031386532386539
63663234643661393235386532646435313161383362666339666434656262353437313237663333
62363062323163363437633661313234643834373561353130343633653461666430633737343035
31323437616139366537353164353234323537383238393433363662353139663761376237336633
61643438313631313263366136633036643839626239353636663332613130666164653239306263
39386162356361613237343864623336366436623164323732383233383639363931643063393939
30306162303766333432303731376364313731373533636664353133313737346134346265363436
64613737653835656537363030653936656166363137356261633461356664313438633864306565
36646639353238346330383466663430646632636230633035333766313931656130626630383931
30303530373661383466396534356366363863633637616336393330636134396330346663656464
63316162393864623163653764393261386663326334303431303130376537343539666436336331
32343035343864306132396261363532343138373461336565393439383935303633366438633837
62613336633762323734626534613335633263363963383838663935363035313761383164356533
38616635303466326266326361376361373166373635303233356633613462303435316136366235
36633139343939343439366463306435353533323637613162653734626433356236383938323630
66346232316331323362316630643461616335356233643438663633376466373439353061346163
62636632393335343232363636356361656362316535326162303534633030336161393561383165
32343938633034656635636231386264366136356264336436353463343835326332393035623966
61623539613634373566363665336661356437313034383736356562613632383862623166376639
32363230343766323439363138663336316462316131383034303963363333616632303831643436
36343062393466653638396139376632356366653065363438366137316135323534313438623539
36373032313039666663343737613631353437323363373938633064343037376635646365613131
32393264316364666435396636633936306661376165666334663764353461353138626331646437
33303661363132666532663235613633363435363037343963303238316163303866393939666566
61646166366234623738636666363661323435656431633533336665663363636530353164383465
38373337376539336637616539326563363666333034316638613737393163643431366232393064
37393666353365316236306661336463376136653464323864383130653233386131313261396435
36656632353164663161666463613062656434356162376535393463323435313766366463336638
61636535393338616163306632396165363039393432333532363236326134623063336231306265
64656362633835383861616466343830373234643266366237373338353232343366663135613630
37323831303135306435323063386663616663616366383065313835333031393662323163343533
35356139643735643864303562636566616238633830363332333531316630616536386233666331
32666561386331313033356439363533666664623563316634656431356266353636353737306366
39383266373639663635666364323138363262356335356534303962333336646261383963383431
31396138313734306330323037663839636263613537613731326331666335646531653664393666
61383938306265316138303964386435303762623731633165383330303536336133613938353364
37373631373563303637633034303134306363316662643834303633376634306331656434333133
63303832326331396337346165653038646536626262373933343238366232353061396131643038
35373633323633303532366232653363656539383466383830313335643362336661643835613737
65353264343261656632353661343266306331613934373136353437353461663833376632383663
37613362393137386337643934393833333063613137326564336566343435613339613432363365
34373866376665643930623964386332373030383533396463623531303234343465666632343361
39623562346433363333323865376563613233303837643563656337316363363230396631643334
38663763316465616436336364613232346135383633656539306262343766643836643664353432
34623864656436356638616434643233356530623733646336613662653239306630623662353131
33313162373264326238663938346130343235653033616663323364653665386136616261303932
33333363356162383166393536353437353831393565353238333261373732623063656162656233
37303933626530316337353531616231396431363864373039303063613437613164623534393064
61373131616439623962333134646333663361306335616536666261376134356138613863633266
30383030666262623562326136326437333731643163383537623032356161623835396663383266
39333164616563633338326535396637366539383962303435343539313339316631666366343164
39376137326238613162373536623939336563653565333266613238633432613135363333623737
66363462613534353534313431643939346132663265346333333462303835383665323236623765
30616230323630353636366130653065376161353339616562366363316632623237353764616631
37613232626237383939323830623861303134333439326561633461616166646465353736633265
64653432313434323631646337636138306431623162386234396334366666636265653533323439
31333737363839353065613061346133356362636566396565613335383838386533383462393239
34343338646561383530663039373265393931663633626364656332663061653762
