$ANSIBLE_VAULT;1.1;AES256
30373230623239636332363531653066373534656339346337613437613737393236633962336466
3265623733616261343664636666666635346464353038390a613366386461613238636634616234
38646535376532363937643433393939666635636132323261616337643765623235626535616463
6133373835343838630a643262313065373763666637303562366331613536656631633063346337
34373432616632623461316638376337313963333536316561633830333564303566323532326231
30306364373735643864643865613465303562336165363966376365663234356236393534653236
32323835323133386563373536613966343239323139633638666438346333653666363362303736
65316261643065306539626235343233393033383330326135313835613663373334323533633863
35323566313632623133633563323865646231386330373534663238663463633530393232663734
36323939616361386566363666633931636561623739633264643164333964303532336666646337
64616539303330313662313032653137613030623762353737306430316433383766623462626139
61373835333139616534393736396134323766653838303765323566663836626465396232336666
64643933323665623333386465666538323534613161663935373830306535396236663965333365
36343237386637633734653066663866633762653639636465376639383232356236643433636662
38383266643764666436353237613665313566373961323338363231646137383339393836666638
32663838626331383966623830346262646362656663656630613530346561633561346361656463
64656563343362646433396234373365306636666334643962653963363032613961623232653965
64323136393330373963316439376232616661343466643063623533373637376430383332663464
64646230623035393661323830303537623864383066363938653338376361373763636464643638
37383862323034353834323137636664666335386162613434343764633737613738366433343266
31356266326235353134376130633366323764613461333436646430653962393665646531326438
66666230333761346466366463336537663964333962656663353330623733356330303439396538
30313838366661373838356135666431383039376439316361356331623837323530646239303731
37376466356130616564363462306636363236313561616537316430393530343833353863633838
64383136656130363834363363313133356563323937363330333731323164346362303265326536
38363630613464353263386464613465363831343337343037643036373939646433306439373236
31303139323535313435346161373863666237363537336331373063363261366532666364313639
39313638616335626637656261366635343661346539623937336565623237636461643231646563
33316535303634356634393865613036303138396263303936353938353535326432393762356130
62303339363230646262643432646238376237333739323265653036363332323933613538353131
62393634653063626630306337303438646561633661616265333939353033373061303761623638
33346563646332646335653634663263353936333635333034663030383231633665313532353963
33333065363833386366396462336236373762303661343131383332373765303335343530363261
64333963373961393565386233636661306137303431633965363765343933666634616665316631
66363036633336333961333436653738623632663339396532616166383463626432353639396262
36363630343935303232663364363936626532636536353335316661323632393136343963356234
32633332666236353730316166373730353663363531373939353863386364373139613039666263
31613465626638383265303538376634643066383061623966373032623161383437616263306538
36633534643538383062383263653730616236383132653837366565383133636663663436623232
38326262616163656234313639363839626136323862376139373334656362383863333762396439
66313965356230336564646337666438666236633034313434633139626266366338393332346139
34383132663135626334316639346435386663343334313336653436313165316263353866613538
39653961373533646337613330646530643332616166643661646437626330393733643863323832
31343639323336346439373638313130306564666264393832636462326264646132306262373239
64323466313333663762396637326166363566366332636637656335363238346230663430633065
63656437393764653463636462613634346636313866386330346638323230396461386439636135
38393964353065626664623661653437303433353666643866616338353834656436663865626333
61643438306263653335616335323063663764646464386464393163636166336566636462616366
61646634366237316330636633633831316462353662663132313839656430343664383937623866
38613439383337613563636239353964663937343766393935396333346238656434613335343935
37346466636434393936633635333866313064663966613631373861346563636637326631386461
39666262376336653832306336653861373236323731646134353966636335666136343964326632
65323733373665643266616137656334306461623264326365666163363335626635323135333262
33373161353266666232616164666534393138653061316363656630643533373434366235626234
39313164363363633262326337663532643433363334376333303565383161316663633066633632
36303161363864663066646162663261353738653634386332333539643162663530623135363662
31656361626264383664613337633766383730396263636534623535363331343164353066303361
65393666356630626633396534363434353436633263326434316265313861393632633531666535
62613036343062623436653930353332643538346534303063393635613631663938616133333237
39613766323432353136656432643833353339316530653532313731333961646439313434326464
35393631636263663364616566306162653031666466373739303435386336636136336334323732
63346563343133393266393037353564386131373366616237376361656131643161336236336634
64336237623130393230653165393663356337623063316635333166663564613139353434326334
63656331363265313033393939303538313362376330393837363033613761663038336334383466
33333538633563313931346338656339653265626366623965376330363636646661333534356434
35393439643463623065396463616666383265626661346232383336373631343061666237646339
66613732353539313764396132636534393438303339396432363435616132393138636439333536
39623936333037656138376361653663336635343730663662316563653161643366346638303566
63613937613031303132323439613966393265343065363462366439376664396332316133363563
32613937626230386134333266633434343536343634643766313561353035393031393066636434
39333438323466623332303863323235393836373137373063303730323537626364396432323637
33353933306463313130333438346334613937333632656530336666303034353734373135366631
35383861663634366130363033343135333064376661383763336366333336303762663232353836
38373637303039643138366336326433326563663034366636633261306237656261306465313530
39633763333030376161303363633361313231386462336235373731306134343966313166326666
33636435313663316236333234396338376166333366396366363734326465353332663938666137
64373866656266656630613538316439656539306165636265393232623539343530393464633063
32616634306564333035363065376665396632653166626362376566663435333763353234633237
34343930333731633433636235346538353230373339623233346262306434393763363737323239
35316234363761613536386262316664383335646334343463363766313134373235633833386139
65343961393139383237636435383166616663376566663262393435313463346165393161306161
34316138393263386132366636663232356232666566393235656132353438616333353532366339
66666661623039336561353063386461376335373334386266643935346630366430646335346137
38353233643231623730363135356265386231643633353231623537643039663833353736366533
33356136326236323261643031636165316134653662666637316266353132623737323330306565
37643262373031616561656435353163323530323332326231316138303562383330643266373438
62646232386266373863613861336564623064663239643631363038636336626361366133633631
61663335323631343633343835633230643739373431373365343930633362323037363138336231
34353964346235643630373565383465393131636337663031376235316265383438633431616131
38363832623537646334393661366537623834333538303666356537643665356336333231663634
39313937653063353233643332393132623863643264393637306130626633316435666436373365
36393536656161396366306135396164366237386138386431653234323030306136666139313833
34623465636436373436323161643963303338376435363633353661643334643264323539656361
34366433626464666563653332346633383662656235323865333661613365613432303131633735
33653962613661373538626132666365396534666631393365393964623862656533353765353463
63643765656163316238303935643037646534313166383336386230613563396464333666363637
33376166666363383437383334613938333135363262626632633066393565396336633033663765
39613866353266623166353764306333373163656530663239633633396338636563316539343164
32663333396336336464336437613339393830336361363265613263303865336363616164616539
63653562626561636639363163383361393438613863306339383035383037393261653432356663
39376230633663363235326266326535393462653432666663653665653633316365343235353638
63383432343332623238306565613030346665616130643334656532356565663364383832353066
38383439303661396236663962663834303635396434363330663463353530646361653061323363
63396539383266636661666538326636653762646564333834333338653333383431366334386238
66343862326465386562346435346532623235316330633834623935316461643431336237343936
61373133353336376339643234343939303461663139396532376462383334356561366164313862
37623362323337366237336563613862646639393165393539306431386162663665356163636335
65663637623639656335646663666464303335376562613434326233346236396630376464326638
66356633396463353631626663346331363965343963306561636566316130346436336538623961
66323863356537316530313765623930323531306139613361313532353632383966346336366131
30623164383539653032303861666532653865383838623436343235373364343862353232643635
38623964623836666363626331636163656234333762333632323831633531316431353964323163
38636466343065323061326330383664303530666265353136653862646165363133306233386235
64623933366137373166306138363537353534623637653933336231653537613535353231643931
65616138623261326335383963363137323166303730633533343464646636396631356236626630
38396636626134333830356464333361373265303336663638623631376361653130663539303538
66636434313830313864313630653233313862323334383062326535356164393934643036333462
65313839343165626537396335376465646330306138656430653537653961323461353234653531
31343030373162353361343338643333313962646465366561353532386633396230366139303931
32313764376335336161636634353964653638643631633436323632626136306137346136613733
38343231646430643535663461383635383465306561643631346265346134636461653362383362
66663063326635383330663735336163616634356461663138386532643830613138646562636561
34633130363139616566666634396664626666313539663537636139333639303136393863313364
30313835303533653462386237353566386265373338396164643838623962343730626663313533
32363666346534316530356538333438626161363462396166313365306437306361303537383431
30363362623563383639656334633536353763396462363762633639646132666136353362343334
38346466356533613531386433383632653636616264373032613561333130653564616134383331
35373862663638643839383938333837653338376533663233313030623861636634376365663835
37663065663561633938346533343238616531333761386561613636376537346236363263353531
64363234376238363435666465363337613864303937396361303133613839386230643062393234
38303036386138363930643262323764333061343861663837353331623133383066306636623437
36633337623063393061333435353631393534323031653235313231666333326463383664326532
37623337373731613965333031613764396235373036666361393530376332626238396137303332
37343531636239636262333336653035353066356139303937623862633239343966323434653465
66323631653539616338373233333636353337366236346631346134393138633936303066306134
38636235666431383564623164616164656665373463646338316666613932303930336536323433
66323935393731343234626563393066303832636234336230306639393033626138343264656138
31323364373638353561376564346539356431653532323837303833356663643130323839363364
31396561643863373734306337346565386131346562376333633964393761643661343131326537
63633836616461333338656264366265396236663335663031346330326135363136366562393632
31633562616462633165613734663038653335316638643363356434343330376638306436373336
30303736646662616565356130346364396363373238333863336561353761373337346637656438
39623337376332653862306531646433346665626433363737386133396331333837396638623166
30643932376165623666656438346632303432376466306133646364333937353634326139323131
32613133663262363033383134303537383561666365386530386264343161306436623634623035
31366339323230636534333032393634643538656437376633346465333462306463613330653965
38653430326166656434646430333938646261343964646161393739313634353132333130613736
35353631313961313233373362623362343164333937366261363134643233306239613836333563
38636135326133316634353731373663613566363636353265376631646362383965636663666539
34306535336463613965303231653337343963666165333136346338343533306365386131386661
31643663656266383334316231303762653164326434643835303730323831376339666266336130
65306630333733313964363337303963633037376339613264653065626166623866346164633139
37316166376165313062313137626165353365306638613065393761313731626230353636646233
31336638303938363761386364383335663632386166326364333436616334666531643062373734
31653064393861633132313332343665336165343032633332623965613131346265613135666630
37333937316336623036636133653130616665326431626134343633376437653964346564366338
30313433663065626132623733613932383766366431383164303536306164363964633063356332
61363765633662346133343538323438316238333264623532666366346338303863363334633335
61653265346631336264373530323939616635313937346637373234376130613833353035653332
30396265323266643932393462353737306261666130363965613563323534333830643132303462
36623665646566653538653837663835323335363433333763643765666536653936313838363863
32383636623562376231616439373436623835666135623737346164366433356236316164663562
64656166343534626337333865306362353166386638313634343737316533643332313065636138
36303030656561653837366332316635643138613334353463346164363839343463396466316332
38336339353562623635376537643735363464363236323237613136336266313939663834323534
30316538323537306261303331633531306439373334313435633632303266656132363038333164
65343762666630383164343863303761373361643362393262616464346432306536366365336262
33633836383436326434613630613465633830616663313632306162626637643063653733363036
66393465653831656463313032336666326261373333636663646165306639626331643366663164
34656531343365306232646563386639303134666462633537363535613862326234613837343665
36653462623739346230323839336639306236336366653261323631376337653264316562393464
64616565613365396537653333633061306464656264356464316134613864326366656231626561
61313930396635636234636464323139633863353861663630393731326131666461
