$ANSIBLE_VAULT;1.1;AES256
32653132373436333466616164313036623634636434356266373563613332396266663433623436
3030366232333339353232303735356438306161303765640a633161626531303034376463373865
33666562643130656663656664303537356166306563343461633466366135356130306531633162
6536643931653233660a643032333537333166653934316136643338363434656161336439633465
64363036666562643665396165663237383162333133663930643236356166376561376665633337
33313934373334626439333833383463646361323835333866303263313130633131366234333565
36613436353939326263326366643137306261356433363066333065643364663634663031306562
62616438336261373834653133663864326630316536333562333636663539393862623434316361
66393366383839616437666263313838343566366635366231313332313066393532613164333637
38316533376233386131336332633231663464363435643032343363376561666430373062386430
33303937323761363137336135366637366266326466313337343830623966326563366362643133
64623032306235356664613237623538646464303136623338643234656237636231653935393937
61376139666532646638343962303565343534643732383164663732356463373161373464383365
38626337646536396133616631343537653337376665623633313932326137396461373836303930
37333666356431393230386536616334303433653065316431626330636536653862323837333664
34316666353864646338393166623431383463616334316436386239623665653939663631383065
34326530643261316531366233313061356131373764316261306130356237636131656463366439
64316161613662323265303065343537303338386564626339303162656135616164633765353430
30623766396536343934656238393035353137393137663834333736303335366239306437646439
62343431633232626530383933643763313734353463653136623061333639383839383332623361
33313533633133633263353865373536383937323861613736323665323631323932333831623764
62373839623964653932373065396532633833346438346566613164616464346163633630376362
65666535323935653164363665316231626162333932333937653634616161376335393238393635
62353139383261663665653363613236346438623763656630653639306362613361613639613864
37326533336434313965346236653830386163363433663665333361346261323365636562646336
38353865616337633237666238623636616639616339393864643630393237633365343237353935
34663062316438613666393166663130616133316566376564343962616564303032356635613766
37316330626630356534386661323437613234333466376630393737323739646463363363333066
63353964646163656466393336623466396161313864363436363631653739353830643663623963
37323565303034323532313532313735666365626632633631376632336335656464633062336639
35333131616533346433623064653332326135646431383064306338646165396236343566356264
34366139393031383733383237356566373134373966316331623638383331643631626238643338
65666437383962333036383766653862353638393334373534393564313461653238393565646466
63393764363763323134306166383762313635643639363738346237633062636565633634666231
37663439303062376562393536623961393836323738323331306336373832386633396361363563
35643235643461366562613732363833383234346636633361343961623731666665303964303337
35336634643330343063306431383636623964336235326464343064376264356561653165386634
36663137333432643032663338323166646634346434636466356463326164613432626635646534
32373265306662343866386363663339656436396463383636626666616262633231646264346165
30613932306237643263303362323234643030366530356330396635626462383465356137383034
66393165343630353438383635366638306137646133663136633461356435643839616337653132
37313637333161343263313731346362393863353633613765653562333431626136306539313965
34383535663863666134313966663562663737656466613566643332383733666237653463653239
62353438636562636438343962313130633839363464313563353834646362636531393866626635
39613130613638393635323461653262306539396533653962633361373265336536383765663265
37306663343965653035666433316437623832396230343435396662636439303864646664386233
39643735663162333666323165333261356361376534313335363866613736386539663735363039
32313938633965303165643233336437316639346239356638616433633337376236376531333336
33666137316532376161366531303932323162376663623338353165393533383530653739303732
65383865333366303464633735373633663264663939373965393133383165626336363861323835
39356534393636656631626534333334366335656430363831646439656665643031663062373461
63353832666164316339333439653766663232643333626361306164303436643333663932326131
38353532303666643662656461626666643636323264313766306363333636313631386334383337
39613338373462313231386132386463353562656131623538356237356662363463653732653032
35343466313433623039366163363737313662326162393531386266656466666362323431613331
32616330303833643132613361373435646231363566353566613864356661623931313438663663
66353630323434383530336665623762393333363935333331323732623537343532636337326532
61306235376337343364623065643431376166306433356333643132373238303135333732336631
66363735613339666563663136666230623433303037393839333036313931333730373638313131
65626561633733363336326332663932363439346639626162393364613762653437356130393562
38366632643734336531383238623766383832383165333439313063623431393639303563663762
61643531613432396432383466323865636261656538613132393361396536303665663366633636
65363061386261663533643439633630356661656236373230666462313435343334303663366433
61333638623061323330306333323738323361326565306232343436613834633264346538633462
35393936303566613866616132663731646464306664616561383736323430626437323334383034
34363965366439633664646464643461666236353133623334336363396163646633383661623339
64386535323165616438323031303261633333323862356334616639313137643035323865386232
34323330633361333463656366383061626664666432663466613466663538326366616566636562
62383537383533386664373465626265323862336265613232323936656333616462613339313732
31616466343433343139303835373732633930333138303464346132636232396233373234316132
33633736376664383131623166643561613737383865623466326465343337376364376335313134
32386166653337353936323866386238323361356533616636363263633763633935386333663633
33343835366435636235363033383137303332393261643764623731616333363664366436613134
39633530373965346137373262393164653266376164383936646137313862643734303066323232
37316138653763343239353234383730363038623161613131633064353663663933393738346538
65353031623433653035343662343038353563316562373864393962643633333033346232363464
30656436396130356365336537656630343366646336363239356637393065323333653361323432
39333063666535383462383632343065353964376134306134653939313161313838333164376233
64343436326433663063373830373539653762376261333433646534323433663038363238666633
39346435356132626164356439633334656562363930303937633738386365636232623965383231
36326438356362303764396531303233383639373735346238393238303763383462343433393038
39303830313435303765373161303364323630383063333937306164666462653566366564363032
38633565633037336335656164643233663133366531393432303761656531396236633861346537
63336165633762333832363837336136623637633530366332316531383135356665616233626363
35613239616137336465393862643134643831343831336638356361343165356637396438383565
34303263356663643862326266666663313733336461646437353266643631303331303565366238
35656437643761343964626661613938383232306364636364303936396536653139383866666130
39613231643337636331623034353737613639396264666439356663363933306666663863656335
65363634326338653438393565393361343230626331666630373530373262373836366630663939
65326265303962623566623235333336623064336434616266666261643938383961316130613931
32643633646464363161353637363132313432633464373666323066346462373039643332666333
65626231373535346236623935313230643737336264373630663864326664326437346638653639
37353063623536623764316666646339366634613332663331386361383335616530643663393833
62326166613164626630306238633662386663353266356363393661353937623263356434323766
66303062663538386534303132383864363435623664353066626363396435306437653265363936
30396137656330346561373738616138383465613830356361363764623662626561653736633131
66373163363430373461396635386136326261646466666364393835316631386365306232356436
36353030316433373730343834356637326466653832363334386538373730646632353561323435
38333030356634363732643539363937653064353735653039363466653366313638313863663561
37313330666337393633343130636338386662383761336631366239343135623537363261623739
36613835613365633038386135343339633338623564633538623233383236303536643462396466
36623439646562326665343861346633653133636464316536393064323639343437356336616434
30653335313362333965613730663132353962393564643430633932643631633438303532333062
31666665613361633932303663383231346266316664386662386339643637633836636136633932
32303939356364333834623433373266616563323531643034353830366661383633663161313530
37393431336635356437626464323166353763636537636539346661303636396131373534663634
63343066333063336133633466376435326334343634646465363066386566613231393530386636
31303865653736633961636635626434393864353532666433323835616635653464386130313535
35323032666266613563356563323862656365616361663966393530653834633464376435333536
61663366663761633265613338623534363133323231633237396463323137663364326463316265
37323063663536356661626566633234373536643336313735613933386638313262613364623930
66393831346439636161653231653930363664393333336663326661613830363332383733616535
32653537373465653730313631313038363938626135623666343662613266343063653336346361
36356266343635356264336536303638333165373536303563653165376431666230316333366533
38366666343166333261636438313365613336653134373938333037376333353832333136666163
37313463623064656330633161653935613666356533306266616232663166393331383334376138
64386535663638343436663762383538306539653833653363373531386336306336323539303630
62323838343762303738616461623532373666393037626466373632333431623261306638366262
31626635666435636135393063336233656664616637313666336532623632303661623632346234
35646161663638333766323466386335326165356339343663303833356264313237613232633430
66373738366537383464653437356663393462346235303762303061303635363836303135396461
38613439363738386438656234333064646231366130393266663231383938316161303766316532
37373434623331316266386639303661663534636331383738623134343432326137363164613538
63333935363666323064363630353639333832336332663738306366313336633262353963356237
65643661616362393531313635626661333137313965633564316234613938346436323866393937
38623861376534303765356438643765663732366630623766653666633134303865613065376134
66383834336131616263636364396437666436663835386336323637343666313631316238666562
30373366663262393634356334393333376565326531386335616130373262363065313235396665
30313539323562646263636436653132376632313166336233643437386437313234333734623937
36306363373461346134316435633337393165653037653066376463396637333637663833363764
32353064343764343039353064343232303435336135386165386633383334313436303833313366
38636536343430386235613133623264383534323233613131383861353731323136366136306133
38633031336566366334396463663634643862363266303636383763623636306335666233346634
37626238623961663362646466363062626364323031663634393530356331386532363938373464
61326662303730366665396561323366656333613935613165613565653265376466306133393831
31323136623366313561633831386162653935373566343039653835303866343633376634646639
62326137663165306539613333306566333934326635643536306563633339303766323764613138
39346663656666386366383934383330646461623530303533323136623130363233633465363531
66666535313666313030353134633837613364383932623834343031376130376237616239623366
61393064323863663066373862336237343832336531646233373132396339356266353465353964
64396162363565663761303537386664636234383639623736646639356632643734306565383065
66633637303236333362303932383366316330373361363261343932343466393064386364633463
36306635633337316262316536373764663633393662323335646562313130646664373761353338
35653237636332356566393737393564373531653137363562656130376235653166616464323436
66326665653966383635386666663133326437326364386332333435393262316462313930366539
30633263326130386632643539663065636330336663656431303165376338333164303437323966
66623164643837366339373333656332373932656564343462643938366237333961356563666134
61326632343738613432373465636436333930633239386531366135666333376137623962316437
39396234616163613338633964353634633637613430326136616664333362363734383864313233
31653636336163346662316365373264653530356166613163376232333737396232633935373236
31306437313932646238613033366138393934353866633861623230653332633433356137613662
36633464343565336638386634323834626535643330663231343731663535326666383965343936
62376636373262323135333539366461393763316336323233316661383437376335613030653965
31326366336231663538613462643562396233643831353832653632323961623065323936666539
37643866363733643237326466656362306162396533363539353863386531346364633765623930
64306564393761643234323737306139643961346331386331313664393961643333313163386338
35646436633661646664623233663234623865383336316666396630626430656366313833356461
38323966643031626237343866323664323662373632616237333764396566366636333664396330
64353934343737626230313339363863386433383636366238613464383064326535633430336361
36383339623031356637663563313561616363363132363864303133333865333166643663356533
38383563373735376337356463326135663761333963373962626162326163643362353561326566
36643131366163383834346530393965333437373532616238666130623839333231333264646465
33633239616538343061303732376365663534303964346434373562636337306664363462666565
35316136626335643361613361336131323035653438323562643332643733653530303064396334
64336639636566633163643336343834386136333561616363326533366231346161336463373161
35656264336463663264313264636338323032626436623462306134643433373066386430653665
62346563333365343662396136386363313665623932353865333564336533633735313338626636
37396434623135386565623634346232323862613938343764316135323234346431653034363861
37383234396231353139646362643465613735303063353435323331303962646133333534616139
65316632333065643764386564376263643362643736353436646232323866623530623162396237
62663935356439356461613536656239643936633963353136366537386139303039316336643539
61643632393732383566623331613232353366396364626435303938333262383461363039316437
64616239316262616435376337633234643832326431393434303935393533393438
