$ANSIBLE_VAULT;1.1;AES256
66333434376339653931356164363838326439353036346465666262323430653862323666376439
3434333037356338333562663237383233626438633636330a353766336432653233393130346431
63363030626630356331336431383938383233343730656531333631313036643861333232616130
3365663261353632330a396264393162363337613564616261316432346163323064343962306463
62373135653939376537356338326135363231363263383539653037346530373163323761346361
32396132646237363430613961623865393762333331303133386538323261643862343161336138
62313431323636376330623038303663666264616430393264393032646130336235343166333665
30643739353436656630383239356165363630333637366361616433396261313336636531633436
36373337333661306336323465663839643963356430373331376464306333353962316634333839
64393338333135353863346137316237356237326363353634333565316463633966636238636430
31343639336331633565323536316638363237306338646138616561353937343265346332653232
66666132343266616464393465366638393461393264623432373335306237313138336433353833
33363639633739386535626439343631326130616261356465386236346536386434306662663165
66353964666366383436633335633833326164333036366635663930646135666462356462623865
63616439313637643764643739393262323432326536313466376339663365333035626635623539
30616164303961363539396161656364373164306136323763396566653739303565383532656638
35613263633265666131626634653039346536386561356264386436386166613038643835336437
35653238393138323063626661616438303432333735666131313764653632353333626237656432
64663265616261356436366134646261643339626135336232666133636533343038623066646561
31633539323762333730653632356432663465396431333134396232633365613731373039653731
35656566653033653234616166306532636433306537636638346332313431326662633130323263
65636465393736343435633830643333303665393938363765343435316137306264643061323538
31373866353833343562363835616334343132356665633738303434356264353038366164376338
64303137346336646165316461633837316138636532313764366333663862333237623261663437
38376461663261643935613365306364343334343537396430666138306630313532353461306461
35373066633661323134666333323861336166613533626639316331616530656338326563653662
30643566326634633930383235366132303633303633326639303037353631666461313938363139
37363664323465363634666633313263336333656230393561386561313061613332643330616561
39633632356565663737326131333966616362313730383238323734386632396664343563316365
38303534633462343863393030643464343036323465326135646235393561643338363135306466
62396332303736346337646632636134393164356237666138663036623063366538626436646162
30303933623765656330643733646138616437663266373761303636626362623831636562613064
33343431326163663966623465636639366531613561353731393663326665393834303430636535
64643062643334616633356331343338356235316263643234333865386139333265653966346633
32616439393662323931623133303061616330303762326130616539383563373235383865313538
32366561343861303736633564373139316631626564363130636163313039623266653262313434
38343530613130663264373362306166316535336361346263663130643432316639313331333565
64663835383039343065616332326665333837316133663432633765656234343239343736303262
37653635613539613335326566373232613130323632633039626132383563386534313730303464
31326162343830623236616665326335663163366139393434376338336631396537363133653637
33396236363761633065363932313634393862306461356563646234623835633661633134316364
61326535636662343439613437376230643230303136363733313132383431386232633631626363
65626134626432663934323866353630343262663136393434613730333838646163646132643133
35393066333864666566386666363432383963626231666331386434323263313637613331656138
63623337373435373137643638396533373930316234373764383832356136386334356130373937
61303535316261323331353830363632373834323664376365653939303435346137653239383230
32666366643838363662663561363662333865633831326630323938313533613166623833326438
32333831366237313862363434353836643663626437356536313536393639633864303735376336
34353339653464363430373130323164646134616266346535636138353237396130376639336463
62353161653230346663613538653732633334613131633037343332313235666239336433306537
36366361336166646437663266353639303436613163363765363765373364393833353766353530
66343931623965336137626465343431303432313833303766303763333562313435336637366338
35623064633237623062663138643035636566626533323837396339653439363164666238653731
33353333663032383933366631623530356638316166666139636235616466393537616561633365
35343430636237666531363539353062343439613063303164393761356532633639616135333239
30656338333839353863623434663365343635303635313062373365633436336330623336383661
33623364653265353137633165656531626133343735363731323530313032303632376230646462
66376131396635633165303735616663333434353330306134363061666161396236383130623464
36316632656434646365323139376337623461353130313733326166373933383464326666366534
35646564653730656438376162316165663234633437326563393134383964353432626566316437
61393931353464333032626136653130666336653936356163376438396435373039343561633434
31393835353262653662323639653137396135343762326264383834663231366466656239313039
38333861633832623435393464306565366330356637356438373739643866353132346437613462
33336434343734663561623335643131653736393630333335633634303163653836386430343361
35646333343639643434323235643938623432306262623766643165303330343364626465353363
31306432303464353435663238666637643765383636376562643535306530353664363534613036
36636662346133663766613764366563393832613832376166326133333338636265393064646163
64386635633935643232393063323439316535326231326463343132393730306331323565373039
39333435656437333335303531353137656531386666396231343537306530363539616635323134
33383133656364323035353734626236303263613966343466646364346165353832356666353864
30663637323032323537663536323964653663653664366565626336316263396135383935636237
33356561376164643833633362333864646337306137303333656237323863353661343835646335
37386461313937353731643766356236333133326637663335383335633839313830373566366166
62643030326435366662373565313033326666393561663238303066613066346362313862666263
61356239306330636534633566646361316539333962343763376434663662646363653137306630
66663363646434623437303234643537623261623937393530343435303965636661303431383837
31363464366366366230336563333236346236353835623830393262303737353237313237326465
64343563383966383034633731356565333331653135346461656438393437393336383233306661
33633430616635613538383839636631353461353565346534336664396636346438376232376437
34643738303238636638383039346162653466616632653238623632613663666134366138386163
63356561336335363439646463636234383666373737313637363132363061636364313965366535
38366364306661663563333735333833323564626438313037353531393631323238336433363232
36663061386238366238386134323162626434393365363365626261316236383161396632313130
34366137633635383333363732333430636430643864336133306530636533356162656131623265
38663033646131353330316239313338363538363533393538316364646231333030613831363234
34323536653636613335376633383438303262653330623337306439363265646533366461343633
31313965616165666464373232633165393233386262303165323335623733613461656237343438
61323562626539306238666166666137383338376563353233303237303166306532643965323661
63303533356365306664356531323738386239366566666366306230346432336439653765653564
65303630383062656238313332383063366263653663346561623465663234396366323131303436
39613139313034353437316364326431393236316362626131326133326262626132643964356366
31353733653837393334663561626139366231386538623939323465646338336663656635366439
63386565326332336666633037336234343763616166393631626139636436306330633365366436
37633539303163356232313633636239306339643066353561663034386364383464613366346262
33623339373334623062383430323763346139396235316263363162346138363464323735316539
31646363323539363530633566373235636435393763373836386232343835363832616130623566
61663739373136343532613639353330396361643862633830613863373533393133346636653830
32363837653965383963353534353262373837383466656331373064393435346564656564323235
32623730666238353730306232386462623062636239653637363461383732323731343164636633
30326430386439653337666530333931623336626637313334353130363438353530316162653639
63343438383535303138643136303732353864663330313438646539623938396166316131626634
32373338646464663264383161623835366437663863356434306338643963636339333533343266
35363166663935356363333466346639623364376563623964323930376561343562343165336264
37343538363962656361653431636238346331636464613437626237363230656532303665643839
64376630653930393635303466306364323232363636363934383733346364373133373332393030
66396265656261643531396139306662363031396361313332656661333135376266623938353338
32303830643966666533383233326535626566633935346264616161386233646538363536343865
38353364636339343366346163613339613838666333323835366661383863363633633334393133
63633265663831333437633139643130353963366464373031656363636138326337656237356166
37316534313030323063303437636165356632656339393466633034636238323737376635633966
37363237363339323732653930616538623133393661383739616136336436363837396534336538
33333362613462643832643163303331636237653730396236366433376633366533666530373836
35356164393063666263306265623366343731616632626333373135636463663764343639323039
62393962386133396134616463633532653466636637633536326339616638383562653161363466
36306633363439326266373465336665636632636166383531656466653836333530626365613133
63383463396333333838346630613761643036386337633035306439313236373463653337343131
30373636303033313336313336353030323839633832326335346331366434366165316539376639
33623363343237323437386332396665303063326432343331353265306235316638663834646438
33626565323136616661643264313534366537623934616337656437663234356465356239633639
35623439636465353434356431396638333935316332323663653138643836356133663439633164
38396139643536373836393636373964616462376535366364336233356164356238623830363333
37623761653739663966343163323530343337643033633263323161323665316535373936616233
35343434663838333766376262346161613830653665633735653238356663643864623835353266
39613632323936336334323566306135633264636463616366333037656262303330346231653861
63393232323335653530613739336363656136643430353837316535663730363863343931633131
34336665636638376431613736353039323130353736386636343932363736646134346235363931
33393065646230346536323037313835353134323965616133373266333038323832636166636438
61303132396430323532633163663063303239636564626536666234323761376161353031333337
35393364333466663933303861656131363236336234316664613532303033633862636437343438
31646364373033633365643364656431353563626333613465376431613366653632663937306336
34373162643633643132616630353134353136633438333137633061656666373463323937393938
61353639346664636438633263633330333066633038343039663437303362303564616133383134
34623966633236666630313266346539353761386331626532626437393034373363333763653461
39646565616565306162316165326664646431653132326262313934356236356434613334323635
35666665393039616433323962626235383864303636373264363234363766623536396666663137
61623438393261633737656539386131373063346334333739383766616533386631306164306266
31616237313036393061663937313930373264623930633865623136646165373434376662323666
61613337363636303861646534343434613830343533376639333533613231663966323034333936
31386138636532656462646135653838613037376437666461653836346435303235373962656333
64633661373932343139383365346233386336343265623563363461626330373936393033303632
61306433393531386532636262356532396338306363396439323439333063633865386437656436
34656330326334396530373565626336646135343133376332306231346664636563316438643137
64336639373165356164633937353435316530646361383537633936613066343561303430353936
64303930613037663431663534396331326339376635396532666264383363623566323138323130
63333930306332363037653937376166663061313337303139366233366430623234623262623964
66326539316230616530636134643264313631373034643536303334666332626166336131333933
31326536386131373034353235386465383963316230663436643061393638633231303463656631
35316462326565383862623235616234646631656262383263363563326434663838306164393031
62663562646632616466623763623466663137663765656535613633636133383931333464326534
34346433306565373236303433623763393430633335626237613165366530366530313939363866
31313839356231326631343935653366626435343939623132356436613963373730663166373235
35393236396363306633373066326130636237306536393766643366666266313461616561353262
64376131383636316133383738653531633062643732306439373937353830303839326665346532
62333436653763396435613434313063613165623863323631336333343361333838383039366362
66396161383138303065363037306666353964626531333136373964326633366438346432656565
65383735613137383738623366336563316566383862303437393931303339343437333532663435
30343631663164383363653263616363636664616232633634313133396438626430626532346336
35613538323161346239396634666166343235383735323563313265656433346436393231353339
34643763393164393338373038363863623735323330363737356162383237366133343030666230
35313835353233356137396133626665323338323765653162656534663465333134626534326530
34636365613631333435363664343862663637373534373237343063396465663235316538643163
39643765626536353736383262636461613835396431666534383061306139343363616430346362
34303137666239306134666138373333656366396234343639643432366436636436386465393137
31363161613230373135623862396231343866313830323833623430353533366464313132363530
38326539613330656333373565656238323732366362353964306336356331633766643565633861
38656635373961383765306365346537343066316466393539326139353533613265333865636138
65623836373538386632326164363765373565323766666436643338626163353966303964356566
62613635316633616436326661643339336133303631303537393635303664326137643262356533
65666164346539306434376538613363663164636234636436656562366565373263343966623133
38356364393362626433376334383661636233316566663762323031316433323439656565623665
37306439313533643534313034373062363132623436393737646130656136373161343236636136
31376433383336656564326639336437383661666563643238656464303432336330323834383738
31346265613637653562626234346366643030306666633366353833333333353266326364393662
3039663338633534336138393138363936366130343533353661
