$ANSIBLE_VAULT;1.1;AES256
38653836343237643262356639613339333261316337343462316331656330363031323166346638
3236633233653132393666643463636666353331613937340a323037393361386535623339376366
33353063616237653665306161326530313639373036313639343233343633303930663531396166
6135356562363634370a326532313533666232636632613162383534333332643235393565303032
35666634393836663461663437643761313239323735653066353863363366366136323837396162
39633437376661343961323635333962646635666562316131656562623237626135636664306462
62623330386536636162393261373231626365633238336665363430633737376134616231386362
39353130633937346530393564313662666562643733623730666562623361616236353939353830
64643636323835343539633230363034373862396262323538363738373732613964623966343266
33333630666436333163326332363961363962633738366533663066376264636130376335383161
30353339636666623064646430333165393264323639356336306663396337663532316664373734
33663736323262376262393131633235303662663830363630316565353033636335373235386535
37663939643162363438326563643732303864656461363039643430313932363139336165636230
31333637393039363734613963396562386332633435613963636637343861303237346562373133
33613437336538656439386461343637636138326163653733653432623835613933336636663666
33666462316634393866626638386665383565636436346665313332313335356435373963396131
64636566373332326434333766646336343866383434363835333530306161633833343865323530
33626235376361653636313332303334653832653733316165366232313966366239366438313234
63343230663836386166656262373461346436653663666364616165636130396232386466376466
34313139386437376661356239623632613437643434346638323764646561663634613463336666
39646637373737363833653966303538306439653464396336653965326237323937643730316461
39333034333835316663323035353034393861323766383339393837623535343730373334643935
66646335663931636364386536393632336332623838346633326364636239313031356332366331
66363863353866373231666462633135363835383935393533633830313062326462303438623263
31323666303333623936653139386430366564373438626362303938336563353036666236316631
34353730663634666436376539393030376332323635366430663732653461346331313465363066
35636339316530336231396435323863303537346561366330633266653965636562306433333236
32643461333965663030386166383932386565663336333534636462613935353561346233353934
36666231303661396535333233333332306339633339356432346466356164393737666366376536
62393038333636626463393733386132323631623739363838643531356231653837323634366265
66306430643531643064323036306630303164356432303636653133343230316337393137393031
37363162356333333266383136636166333865343461373665366134313837356637383634663465
38343362393434303735376162366161346231623633623539346163646531353232356566616635
61376138316631353332323232373633666333356565313732616166303832643366376438313033
63666166393333323261653934363066306432326261343932613630356230306134663661643636
32613739623464323532643763356266393137646266353763663233323163623730646562666564
35633035626364656432663762393336353466623162316332636139653534363037386331633535
63633531333938373666346131336231343336653935326166653835336132316534333763373439
62373363353334653563343565653539343666333462333239623138386465613438613862373762
34626665376663633737613365323637313538613838643836656433313535616631616462303461
38396431643364646261646133663337383032313031353864393930666365336466373738356665
33643061346561613664656563616536303033353864346162393332373130616661383964376266
37346438326134313965346638376433643663633731383962316262356662336339326363333762
62376531616238393061356434323937336338383835663936613034623638386563363562346638
33363631313733613738393066313166663434376331663731333639366138333231656365343337
63373166643136623933396361666238333164643831383932333231643234616338613334343337
34636663383533613737316161663363313730326565336434373561613034336564643562663333
65326531626538356462613532386564643762323765373437316366333764633830613062366232
38313836313062313330646365323834666231326563383939303930613934636166636365616431
64633339623332626465633066613739333136626139316133353732376530343732613366383936
66666636663438353661613433363239396164613431353065656333346634323363353535303437
61363733623662366438383662313634313666393261613234633231303632353163393433373834
36353335323530656262623563643861656336333234656263373065333865316365353634383730
36303439363935646262643130323166623638616462333531333636373764393233636234303764
34623364313662373564363566616137386233313037386435376532343264303539303235643433
66353233343430346637613136616539396265333235623033666638373966633563306333386562
33623037653232353136306663376430653838653966303263653063636339663838323235373038
62643065656539663966346336613936386232353239316564346234323661303164616436353764
39336137353664336434643332663833303335346162306162333832313835303133643765303164
33623339313233333866336461386362343665623564323331336238653563663365633861323063
31306138616238313363623237386236316662383263646633326236386163323532643436366131
62373665323230313130353135326637636538643133643161373737653338363139343730353239
39303862306435333362376264393366653238333764366463396533643264633833633338346164
31393636626561613632613139366365333732333232633633363130656232613230656133636661
39653931306232653163643739616238626137336332373861376531353835663661313135313439
39353431366431396465663632373737306662343863313937306563653131376565366661376634
35343533386436363930653637333933383064336365653362616536323631346461333432356465
63303031323931613133643337313631633365356631363066366163323330613439336663353234
35316233656638323631386662393939666139376465653466366462346132613137653433653030
31343762363662336237313962336462386233336162383263633032663239613737613735303962
35356164326132653034633830336433353236386232393536373931356532616131613134356633
34373636363635646234623864653461326536366439376264613933663537666161613938363635
63303766313065613932356135343233386365646164353032336434373030303266383965343637
62623936356330366435626665326432663730383637303334326465363864363135313330636536
30373966313064653133383962323966326237326234633362343862663666336132306432653936
37356265646137383834353964373164636162643831613933303932353637613864346663366364
33313338353166393761656139356338636566386334363937393138626337653066646565656532
38616635306463393263643131626463616639653737303239633333633164356336666639316363
63633866623633313162616233626363336638386162333966326264393763366361316636373630
30326339346535323864326664613364323739633364653935383361356436316539653238313736
39623461633637363461666438636366613763306235363861663661336631653637646235386266
61653637326639326461666536346562336236363832373963643262356561393265303330613338
34616330633238666263346233346337336230353230613935343931386332323261316665303139
35616661666535386338656161326661383437356265626237363630353835333664393164636262
32343962323835326338366463376366663539643237396330646536646661616132623466633831
33653832356332343230636338313166353230313134386134316637366637663865393439366634
30656665373437653934396265373962623335343136316162386133393638643766323130633966
30643734386464623635316639346339323564303966323664633335363731623963386566333632
36626364363431343737366634306639346163616638386534303331666539626635636337616266
38363661393866343564363432373565323735613966396565643636353432613363366266353666
64636431633333326666343837363831316331643662356339373232373763313232353532653239
32393631323838396239376465346633306262306638616130313638636265633734363664623833
35373066656430386436626433633762336437336661656134656631323562363563663663643735
66663630636439666233363139333639346666663465396533383936396561333462613766653161
65643239383731316264626266616334363165356164383962303065623633653730353065353836
31333837343231613431326335633666656336323138663030623263643365616331306364653131
34373934653636343565363137333264656131653665663366663131393937383630303266333566
64666434353330666162623037383764363630353764623862336437326530636339386131356232
63636137333038663534386462663865643037643766393666376439303535393666613730333330
30353039306665643164613531653565623431653935396237323365393238383565623662353234
63343864653663383130646364353431333963346364313738346335303236353832316537316230
61353934333663356538363932336463343332393439333033336336366666323938356639343439
39343735653935396365356338616439646131633962363238613030633430646232633136303765
64373334623230333965626562373531643030383436396439316436616330363663393337663630
62383633363739616565363738376537336339656261323861366135633266333638633537316162
63346533303032353362626637363838666538633065313538303730333362613962326665333963
32353661633963393062626238343764336539636230313432666531393662353965386334396131
63613432333035316164633861633962613139376138663435616533333066333361363162353462
32653961386334366335613066353061383331303531363230353832373234383762653361306562
31326335336566666236356264623165386564353462663032333639323332616334336637356533
33343536636564376161393862386332393132636164353034353731343832623638623134363537
34653733326338373134336236616166653535633133663261653164626635363966633063326137
32303437333861303637396631646434353966313735336536383066303265653139366466333861
62646232643532653566366636343532323436333730396137616330643232663564656563343339
64626162616538383231383166643764386637666439646434643937373564386537343736646438
63643530306561636432363163353531383938643631323162633863663131303963386130396363
39666465376138356664656136323731343963666133333861373535383434393835646335373432
61613932633539666439346538336536303939656232313965313238633332356264663561313162
65626163323633383338303534346534386135616334323934303831343064613439643161643138
39353365326331646432353030393738346630386565303564326433613932363030303238383833
31373263313938633731626532646466376330613762333865376162343832303265393164373838
33613433393565353863653537663736363838303233383861346236366466383461303237336535
31633832316438346431383233333065363965626134616538346533303237343334393466326132
64353336343235346632306232363037343734666439376364633966643734373263396532313438
33666132343935646466356161373936363431323231323765306433353935373634623530653462
38363963653339353563323362393436373533373737313462666439383139303962383339323336
30336363653931366134396139396631353166616638393938386366316339313933386532636663
37373764303664363632643235616637633363636261666633623537313864643932306434323038
31373337396130663836343537353937306564313138363762336331643264366536333231666266
65323663333436353861333036643939653237363436373433386631366631313831366162633337
37623836633966393932653738306261376464326361336330613632623730323432346566646532
38376433393930333963373733306539653665613132616536666162623832653235633830623332
36666433643135333364313632353437356637376361343339633566383165373162323438666566
37396130383138613264336537633635333131373632663733353135346465333637336232613164
65663038613762336134623564343638636232623464336562353336356635353861376339633735
34393335363433383663383832383933646333373339356537353534653633306435653566636533
65383139613237343534653431323462326338306563656237663039373765396137393530616439
65366633623635633634613536333833666232303339613237313261313861383633653030626461
63363531356433623632646663643839636266333461346234633362356436333331653739633132
33333034373263326234373537323438316432303861343463316130653637303635626633333865
62313836363737363439363936633661393337653665633465363434623962396630316133663233
64393433383465373134323030323961643938353861623830333737653538663933643333656236
33323963633737393936663461303231363939343538333066366633306665343236626432366262
39633333663430346131643462366637626339393365663864303036393635626164346137633830
61616338376233323937656436373037646164636638653931306266393230373235383736333563
36613263336663623735663037323664666132336161343530666664323233353735636239373131
38333361346233353766373832323263623164336562363666393231326139633935323866646535
33363932663833323335366261333038306166326661636566663635306430633365383730393562
30346334633462613834396535383538383233313861363565346234613461636437336636623663
63383335303736613162653736323236393462313663666461353166646430386635633564613565
37633537613862356166643737666264373932373832373839346139353762633937323061303331
34316439623339663732646565346538343165326338373061623330306234306532366536376365
31643938626265336233646232393362383330376332613866333634613165373334663339333864
32313237353736323335366437356239636239626264323939303737643834373965613738646366
32343865396539396564336538386365633262613936623831633736313038326361343639396664
63323861353265396566616266363535383761643331373534666330646464613731373364393261
32643035313438653638663966663832313663316236633063333232666132623932333239333131
34366636383737353062356430336639326365383135346138383234383736656365663031393935
61353537653030366364643266383137653365346339366465313538366234326664306535316535
34616463313438613130666537623330633435353865616333636665663262636563366664623666
63666464386161393033303537366637346639343330666539303465363134376436643964643535
61306461363030373235613636663836643962623361366133623964653330326531346635396635
30303366316333663539343433343862663838336363303461363135316634363439636630346338
65323439663064323234336333623762333065326230346531653232666537313865346239353135
66353835623964313366613565383663333762356432383837396566316266633239636632633434
66326132613365313138376434633265613339653366353530623563316435643464373535326662
30306263616365333536386533353266396337663862393830656439323537303034326138333361
35336166663537616635663131613132346637623564303231353531653962336562336334353266
62666135633937363063353136363534353566313063343237376263636432363465306566323531
34326366353362396237653036663264616164333136633032356263343239393063376362616534
61346638633630346264613764356431323031323330626539353764363065346530623265363665
66376439356465656138646137316137663438653533343163383936626337343765636132396531
38393166316562333139356632313762376330366635363265633663333565373764
