$ANSIBLE_VAULT;1.1;AES256
36663339336536643335313237366532653262626661383836333139386430663164333737633732
3537303832353566626664653531303462306136373433370a363465303465626163376534363034
32646662346361393131356361353739626663653762383634383232643539396238306530633731
3533323039633639640a303764303637643633336164303861623033333134643639393066396563
33633735336230666365393066323065343133393037626333383664373939313039363431323639
37333935663064646434613537313761646235666232653433346139656634393031373931366666
35636232653364313861303765633438636131636332303965326438316537656565356631326230
33396339366335636231393831653830646531363162653964623935363461666334343937623363
33366463323861646435616530363038363632346338623339386634336638386332333334656334
30363365303363636665636233613062643032653362326532613630626134383261303031306336
64326364333332393064386265666439393635333037633137386331386532356237623136393962
33333032373661373438653962356161343832303965323032303037383361396664336336666562
36356431613062333033353539383663653532623034646163323233633938666632383962666535
31366434613538396330353361323938646166393163313534323462633763316362336163303231
36306364303331376161643037623539303130393837313139376230333937326131626630396463
61623134626234656334303461343064303238383738383962623239646236313163646238346534
36393334333833636431613334363431636263626333666538326366653965356663623662386630
31623365356637366135326562366232336534373166623064346663353535396366393737643837
33383837613236316137343065363935306430376535613164383733643235386337656662313639
66613935616133636435313034343338323264376665363339646366653733396230373233616461
36316232633634623132376461366563303933646632643139343632386239346637386239633263
39336638393936306539363030313037326530343265303163316537343034323333613765323632
61306161613832643132376361303134646431323863383434363233383637666438323234373533
31373238373931346430633537633035643339363233313732663635303836353261323837323932
66613339656333323631643261376465393038643166626632323835383436376631373834616533
38616635313031353336663931663264663230303231323237636164373264643339613766366535
32663064626466623539633062643132636164626363653136663261326266376537353766383636
61363531333239383833653436303735383235373431336265656661643435643836656131636261
31326666663238643130346139373533393735306534326265653239653932316334396435343932
33333435356137613933343032643963643431353431356233623365333138333465363461623538
38316635363661333466663034663136336536623765366134366266343137316139663832636533
31393939613735613064393863623066656466396534353931366364646361316462336234353138
64393364383339383462616534353365393534653566653934326336636433336634383931343530
37636266613937373035643465333837343864313530353230653637306132623232323132393263
31653366356464313361626263316639396630393663333235633730616636383765383664396233
34333639633663643930306539356566333564336635353464393163613132303235623535653733
35666238373361393239393831326534643230346534396432633366383761343939363734383066
35313030356162636465363235323761356335313436386364653264656264633663623538303262
33656239633734363666333830393965336530303733383730323262666236643138326330653639
39343835383361653036616537653936323766626564366461313538666137356333633134613433
37653037616135383631363634373534663266356461356362623034653161303632386230623439
38373964353866386236383066656362656130656230356332646130346133633665313936313334
30656464613034383739663465613664623032663965613761313234303631313162643432326539
34396262613666396335383730366539386139663264663832626263636465636161613361303337
66636162373766373734303437613439613637646362336662663065616362663932306564396432
31373838616363343132313134333935643339396365343566376432323561353561356635343934
35363638386634303036393639323933353832396233303332303466336566353563353733336638
34366531353930613537656461363262343762653939643933376163623464626538323765303832
35333332373033623831613663353838643964333565386161386536373638373335396136383464
66333465393664373066303163373837343862313565326535623264613561616362353139343237
66393839663838373436626537386538393933306432316533313763323230393966353465633264
39333963643538303033643866343332303031643866656332663434626164633465353836616639
36616235343733643034353262336161383664363261613364343838656266643663313132643839
31373162646134323966383233616266613762646265656365346134626238323965346433396431
65666336326662326337346339363332353738656439353362666632343362646433383332643633
32323934326163353337613833363932363733353535613734663937326136626663613531323166
30636536383465386535383834663361313463383361313463643061333433326639393835626630
33356533383034333464663463393139396438393637336235363563366336396131626362306232
65306664393437386363636566646565326337366563393836646361356539646463663764383833
30666462316664306233343331623735653265656362303435303237373834363034653263353534
63653632316532663762363766653738646561653466663039623966343032626665613365623466
61343564323537643738663234663736373338363038306538353938323933376361613432343439
63383130613233343136343664646335366362326662333465346461346530613165363866303834
39653731393230643332633835383263343832333661323538393365323565323939343630616665
65326364363737316539646132373330333961366532353139323739323565396337366632343935
37333530353832343131366363373335616466323934303365636461366230663837313935336237
34623338643239373430396339366236393938376133646134323134653063303862383631663961
61396636326632316131666231616661663461343766323330376532346233343636653535383864
36653565653961343733396137306632306632613165303565626163653933333436373432633566
34396566326437323936333930363861333366633464356439323136643266303133323935393562
62383039626262363037333637633534303565656366313031306437303531373038323431393566
32636464393239336466643365613835396338646264613932623336323535376633353863653365
30316163326266313264373230643865623135393733343666303965626235376562643664326237
61633933623766316435653563393238363232393865363836336536383230343934353131623531
31623831376230343535613862643938346662653165323962643562346331346163646335306531
31653137333536363066666137663935626161306262626535633865643535656266343361636361
38323336656166313364333862373939323738323631643564346132353136343834313466313162
35613964303435346532643365653438363239626130356636313836323633343361306233373339
39646364353561363134383266656666333164646532626564643666303935333636346234626664
36393266663661643464313562643935623734336137336234303131653135636365353337333363
33343536616364396233626437356464633064626535323664316131323631313235303764663238
38633462663364303530333163653532613838383136336135616537613339396437643635636630
37656238366266306661303462353539643136366161353038363162356433313937633830333534
32383963306265313666323565356535346664663532386333626236643962366234323663313065
61326466353837623631616666346330323462623065323430333362366437303137646330656438
36323430333966356565663839346636653463313065623130363233373630636366613765393062
35363831393431653561666136663165613033353138663837356661393637376530666531336565
31356535353530613033396366346365323266313536623430393736666661373261313465363362
37393566336334393262396266353063663262386135623034313033616562356531663535343264
31353162343862393239376435393034363535376466653138656462323465653736313232646461
32643739393131623266383139663738333866316565333433656634663135363664616639653133
31383137316536363534613465656132373136333436633138616132393131353137393532666538
31363331356161623965363436646436626565333533353535313539333461636264393936343633
66383561666162666530323230343531383665303939663863346661656332333064646234643234
36383664653931623838363035356161366637643863663331656639643932303564613036396430
65323664623363653465633434633731313732376231363165356361336466306161333832613132
39353830333566326564303761616666313261646461306539666139303631623030363761363161
61363261643635383736353632343034393463346138336434613361386231313130323561646137
61383365323065303465306132633263343932313533393331323631383932323831393766323735
36353364656632343263623165616331616261343461336636393338333037373663306433386639
62623965313131303232383230373261376566353264393633623838356463386264663432343036
34373064653235313434343030363731366632326339313139643965323537653263366138343637
64636464303236663162356466626432626330633137613437613864363563613664316264353764
35656562616231373039373937633865383035633437396566636263643239313462383137333232
38643665636538336234643338333039336134623339333234636635303935643131643438323033
38643032313634343338323533623135333136343665346461646336633839346131613564646166
63346333663139383463303764646461373837663166656635303735366238376166653862383564
34633037396566306631623561643539303339326461666435383564313035663932386266353761
65313338666430613461616536373263366263643639306262306438353061386465646464383438
65616365623738653761346435666238613938363435373765646337643337396363306631613332
39333537306265626233363630333137393961376265316566353263376236316461653335343335
64323635626632363762656130326633626538646439356138373833626365363633333564663931
39643434623536323965663864353238343234313430613061656365623533623162653436386666
38323030643036653134396461356161376637303962393463653263383130373032363433326661
30623534386134643638333030303961366136623565623762656435326331663565643137663764
66643939623830383930306433343766393739343962616164343361653065363536626165343661
35393637306561396336313138626463356333626436656365373565633865326663633266343037
36343665653837386361633532336432303333333165353239313538613861316566383561666565
32323531373964393263636266306161656264346462363662623161643637653336313131333133
62323638343462363239623339636235386236633230376565313961366532383739663734323065
64393930333433666537396163393962306466636663623131306265343861316164633338393663
39636366393733626530393035346362386139663938333930313435366664623337313533636439
37303232363936373739316665643961363738616332356666343365626434366539353331653130
66306536326233336265666639303837386637343735616464616538633935326362653833396561
62313231343563333730396264623036333664303936373533303433353934363665633037313336
37626335336536633739383433323664653532323539636532343839383139356438303831373134
39666362616563656239356338623831346162616439393138366337393964353233313464393662
30376431663635386166356634663139313364363736336332376134616132323764623730666330
64666664393032323838316230373832356130663931643031613334316336663733393264353562
65643636393862383630656435636661666138323836326530323232353435326233393334626362
64373162353439336235373635393932346234663432353035333837613737343832626530346566
63373262636363313436343936333966363464356433373264643537663731343864326162663131
63323534313863363037386365313264343765383432303333343563363462643065646165383536
31656234653262376366376661356130643166333731373333663737383961646164343031633437
37643730396532373638616137666232626461653830373464316162373261323338626631316639
62386132613665663639323633313662326233343363643966336230373037323230353033363866
39373334306234333839336333636162346535346530313636656535646530366363336461646534
33646164356231633439656539653961393562323636366166636364616466616164636133376261
34313663323136306462663435363665383136363862653134393130383265653931316332336131
65306433363564653633373137376538313935356661333635363734656139636563303235323831
34353635353132613932313361383461383166303465616461646535353233386261343333373938
61653339633964356265346565626465396630653132333130393363333939636662383931393134
34326265646264326636626234303735386161353830653133626438336332336539646337343332
33393764353536616564383265363538376532373030633130343132313762363366303833306461
36633331353836356533396634663939643439663839373734306139653430396235363561393731
38376133343864303437343937363434356662643264306531383737643065343837393366643966
64643365386566386132376538303836376234346438333265636137323930363164306337643339
63636538333831356265323462383061646662356262383231303464376266633738643137646563
36643932323730623939323839373365313565313930653363623430323661613830623539323138
39653132383437336236383461396564353732313738323665623461643866336430636163323432
65666139363734623831326137393262616234326435346261356230646232393165376434383561
39643634386662376537616562346563613730383863343462313561353466333839373163363662
66356234356263323631366339663034336539616433393964656463373436393338636438303433
64623063303735613938363531366339323963363838336335303533386531643032616565306462
35646666656261333330386432353364323035333730323263316266313562383234323833383164
36333866306262653039313833623761333566336233396266623630343632613130323936393865
33393265386131346532623430346561623836376530346539366466303364323861306463333030
36383336636133646536643531356362353530393632326465336633363534383030333438333533
32636337373037396430323866346134383330396463353862363031653639376434336338306561
61336530313735316163616430616662333165333161396630623734356238653966353536343664
62616463653761303231343664386238666562396634393630386633333063386163323561643033
34663831336364333565636566613632366435306265316433336466323165393031373339386664
34646461353539376135373635326638623332353731626534383963666164636635653332333939
66626364393432383236376261303964623264363063663630643937366330653331643534356438
65393465663533346431303039366366336238376538633735646263376561346261626439346333
36633337376634376166356565303161366531326532353636353730353534656562613661613961
62613062633631366634616335383530643638396463356562613461323061333239633238646333
65656662653966366137343933646662306132656131373937316534346433643932326631666137
66303937306436313832633137316633646535643932623737383862333161316266323038383764
32386235333434656633623831366264323430396233626136633331313137636661613365356535
35303034653236333163383037373931396365616132616133636236366134396633333134323432
38313764373731383733306536363232613961373265306630343435323732386465626136363166
36323364313438656338363062663434646366663165363639623866353138613965363161663561
6339316534626230623138383133666466346235633834393732
