$ANSIBLE_VAULT;1.1;AES256
30393236333462363662306466633335333761633862376264333335623634623131376338386135
6436323338316264623966386465383464626130613234350a626538633434316337383136646165
37656538623164366430343235346538363730623339366139343635633937646234376361373466
3132363562313866340a336339363438613231386136306235646537336561653761646139353962
34366538376237386436623131616563396662633966363666613232313464326463643439643930
36653437373965353262373062336330646230323633643431323035313732373062373963666334
35333863383134363630353333616437363861393662393837313237353434386463393330336462
66383266656633303462373266643031643837326139383238306132313865326262663263636632
64323264386265393661393435633231616433303066646436336138666561383030303637336130
31383063306664363366356363666138346562343531663134363065383962653330663238333266
61633438333464613662623437666665326237646634373762323235313663613331633732663764
66646232333461386336313463363634373166303133656434353166323161333762623339356237
39346432383633313832336462643934353933323932646438616265333633636635343637343538
32333739663361633435326563373936643538646665643064656230353238643862653163386235
32336233323635616137646134326530613666623132373661353833616531333934326563646538
64323930653230356361316134633464633933376235666663323365383536336636323036346534
31636335373934383635323734323135316332313534396662396632616263386562306334353136
35623934643737396432383166613834343461646439626264393665653666643064353065383761
37383463356631363831326137316531363635346637623364393165613331643662376265343164
62356630306133363962663139333133316534383764343932613566633637393936356263346334
64656636653836326339343235313363306435386534333432333734383336366164363937333138
38333934643937383639383561316637326163633062383234386436323835346430393562366139
39353739633765396636323939646138393866393734623739646466623537343962386165383539
37333263656563653664386238323165363539373133313238623635363931333830396335343035
39623764656231613065363634656136373737316531616134636563383264383963393363386235
35373439343439373731346239316661623833643039313861323735653961636563653439333938
31383831653866346265313333323939343235383961616636366365386634373161383136326462
63313233393033306362313563633830343835643365396238393961373662373231396337626233
65393337613666323666393433643065633833313638623231373761623064343137613462663463
63643866613661656634653334346566656332366133303934376165623733326537346562313065
63343335353635623935656463366363663366356232373164656332343265666661396332336261
39343164656361323638316438326635303134636231376336343937633735363331616439326366
61323433373237336265343465363466316132376239653431396562343661353763353031663466
30323066313061343530393563653031316136656265346635396535333033313538376366303766
66393131356366633337663962653838653436353832643735633666386335356638663437633061
35353439366165633566363437336361646263623332643332363565353066343564326239396661
35316463336663346263373965643436373334353839303332386665343633353665336430366434
33353135376236393339663139356335656335353261663634373937393662376331303631353865
65313565306366346134383535353435623461376632616464636464396638373634353663643133
66306235666233393764646366353936373661653933613835336332316430396630386230316430
32636334343936306339373166346539373336373733363934383563356335333434363063353931
37383137616365396666396238653835316461636231366366616461653862653537663139313731
39666232336230336333386433663065616361303033343664393661363665333236323635366665
62666665376265343534653331323838333838633934343833656661396439626630663334656535
32306433326236383634633130393764366563363831396533656135663430356530623235623364
62396263353666323034393232303933666164343032313635366432646264346562363337656435
36376131346239306631623032653065633136336262343561306539323365323932386162643662
30393839323732623766346137653365346562613632363833646338393063353038656330346433
35313663343261633030633066346433366638653734393238666537653736633434633634383230
30623334616162323164343161346635623832656666636538316461626365346631386231343430
63366239663531306636663839636533666534396637376139363838326135333538613032356264
32383930666137373536616163363331383736366264323539393666343033303361643761336635
34363931323466646266343135346337373031636238663966633666313765336438353033306236
61373166393435643235343639383735326137353131616230353161653231653366333464373030
65363065356435623432303436376364343832393363316262396432616166643835316164353038
65316631356539613666356163633439396461386134323236633630373261366361386238373738
30666235643437663634333739313435613735353035343735373931386236393034396432626130
64356431616630356265663139363566663936316364396530653465306534656164653663613934
63346330393166346164303863366238633233303235663064616333306661323132366636656439
35356137636136613838373633373236333062366362396264373064323539326330386564393538
36663064383339333331653966363363376431316533663437333363376364326261613631376532
37313132646365333638363165303736303136373236613532643265373739313265343366326566
62363661616662616131376133353263376464323436343637383432313563643339343831313565
64333733333838623933663862623165623461646165343261333835343033613363346564633532
65653030323266353036326134303235363839643866316166343062626639393837396534316362
66653234303266663361646234326631383338343430323463326463303336396661353066366461
32316236356462326339643430643138306666306239333635653436663166343238336234663637
33383133356362323836666639356239303736313238643961316631373533666161343438343663
30653535636531376330626463386561306534366666343463663662386232623461346530623636
61326462336632313066613937326639633461313262396538386666303936316631393664373364
38306463373463376239623164386236376465653666653032613336666432333739333939353233
34316664636661663735323938333439393564393632303230313164666633666363373634393164
35303264613231323230353364636236383138616161333035646133636565313431623232646535
66623232643231383838326538626234646464323066316139313030373734623365303338663538
36663435373237666265633363353534383232333036623533343366383262626335373939306534
65353539326465353434366161633263636463323330343530616237383961626465393631393535
31386330373736393930353862333836323738303437643233343134313664656364376662366130
33306463633363323165663034653964353038353232643361353137336338373364303265393339
36313234303866316164646136616236383738346562386430353536623134323762383339613338
37356462363865663731386434333137363138373266323637653139376435373136383964316235
61326533346438326166303766363030353465656337313961353034373263346136336165653137
31323632333736616230346163306263363065313236343063393562393661373765363731623562
64636537313331383034623662376136393732366662356563616438656432333364623664663932
62383864643238353635633832626233636166616361343563346664396231303364626234376332
33303439663338643634303439303864366466666132356465323363623434343237393162656538
39333234383564663534663731376235643662366561383930343365356338336162616262626361
38333836366461613135383631636332306561316632393633653235653035633034646136363035
31643663383539313663323734363661396232633564633666383063356537356330636666356662
35303933383937623038313964636438626336336530396233383231393733383139306364376163
39393733653139633832316131656362353631343237336563636462313439643030383661656163
33393163363232363563386634613137313861316463303134646236303633623061356132363265
31373638313332323039393837363338303361386638393238653037613962633233376431363837
31623664386564376230333132613233323334383835363332653930333838333134363338633437
33643336303465316338333665393233633866383031393564353462636562613365386438626665
30353031373332666233343638383034646134343335363462396266336138343464623462353163
38363633636661396262336566366537613735356331666532613463623164613036376439306436
30653835346461366462333865323832393133306335313334636536653035356438313637326463
35393733633538643765353662346233663233376539303136613862366464313233376432626635
61376164383739336632656237316161643938666566326634666536623764666438346434663437
64343837376166353764623535316165326138386566333664313634613065653232636632663530
33343562343032396438666363396235356465303633643739323961336265336238646432303263
62396462373632663864333639656365323464623638313138636165313039656364323862323837
34396331316565613631363038333235313533666262376230303864666332303731383238383630
39376237386533393239633237333334363235323765663766653834373032616139313630393564
61393939363434643862323335373034663332613731663062303263313733666337363435666632
61396462623938383930653939363666323566656534366262656336326537363264393235353037
36356461336535643032633566366438333361396131383364366564616661353836306335393036
37386664633761383832353339643163636136396462383136643666306230303636666564383166
39393265356130313835396338353161306435666265313737656337623165306434306136663030
31633662316663396266303362393061653130343639303233643263376435666665333039666330
63663630313830306662353366356361313264383432633231306533356239333966346332343630
37323033363231353035343034356362633237306238326364643165316561393939333639613665
37353638346634653535333139663731623563663338366133663237363966613663626564356464
39653362336266653536323138356563666436373866616563663531316336393937636232353532
65643639316338356535633032623662363037623166633336356631626338613463626264636631
32366439383132613562646534313566383333343135376239303763363233353130313331646564
30643937393461656330336130383935326363636532383839323334333536663835356133393066
32363334633337373137663134346333656634616436343133663365363065343335373732343030
66343261643262313462623832633830346330643531663663373532383064326566313938663934
64303466306137396231316537373764626438663834393239383266396534336362373863316237
39353364356262623739663632363464326362393664326266386361633762353964623164386539
36383262663838323039346239616530383136326263616331313463643034343737363134363662
36303437393763653035393334663163376637383939613134663637316334613561636239386137
63656533376166653965323963646561303231396231623732626662313063383063623232373864
37353138363931633536356463353262626363333763343037323837323639653132333937653539
62653562616563623562373566626364383162316136666534383930386436653536653561373635
63313433333662396436316237386632323464346634376331343130316631623563336333613465
65616261366364643063343237303735393363666232663238626632346162653763663166346665
63363035396265663063616630383736663030373537303833613430646436356463666533613730
66303037663161323533376638383039633165663762363535383731376137666631346339636164
66323963346630303961313030643366623766646237306337303964613064646535643333643063
31663632623631656265666264366335326334613466656461313332643839646436326235373065
38346430336533636263386139326661306365636466373538613063346265353163383931633064
33623035666536343764326565663936373839613564643537373463366232653262616637653163
65646139303263333534303732363866616334383333373062303936366332376530353633636139
64626534386465386330336333306233356265653461653365343436663138626439323361613166
30653832366163666537356230306362613862306262383335326439376461376365366263663436
61313862386365386630653962363232326236326236636639323836643437633938393332376561
30653862393331636436306232653066303038643437396530363162663434383134643831656636
64396336653334613233613732333331343438373735323939643932623132633834383964396637
63633531613532633363383964366465353863303530373030313834383732653032343439663366
30356330366331626233373831303463363966376332386634383664376138363833336264613264
33393265393634373861653761333666613434663236366231373964376666366662333735323165
34333635623934396436313264633139633066393266616133663135353136316635633734333434
61353534663234343137613064633837363062616436653362623163383464326665303331306466
39306133326137653432646264666532343532313538366631306561306536396634656635363839
39336565316632356263636566336434613364333839623035333530326466656365653664383639
32383231333865343838386262343061343730303932386465313163316435373331393066666161
35336165626664346234326364386635643238623033393439363537376535373563636335343161
30383436323137326665663233316662623937396636396335336636353238363264626530356132
36326337653934396161343966653366393631356534646339343662653339316632613031633235
66316539613039353664616432303932343162396237323032396563396635666665303831386462
36656632396665343830313266343261303561303730613133336436326361373963303732366231
34653633306438336130626161626130386332336632613730353934623934336639373734623530
36323565643637633865323164333964393434613166393531613638633234336533666166653966
32616463346162333630643830373161356531313933363231623061626538643063386439343361
38646261646165333237333631663630616538633566393535356262663861326235303130383863
30356266623331343665353538643664326266353364356530333636616563336561313930356663
36383033623162663665393035633161616338303133616465383734313336666530313066653862
62316630373835356665383564393137333930636237313361623433613963303136666436366536
64633230633435653933316533353132633663643061636635353765643231343832316161363466
33643537363533636663373163333966326464333331616634333366643731343231666532306435
37393066343035326233363637363437356165343662666234646639336436643831363363336635
63316663303764343839643933373161346233653537653062663636343932303561643632633965
33616464306361383266326462616564646239303734386434643033656533633539393662636337
35303666653963653166643262623438643963663636623761363932623235383336363335346334
64353463313831376138386565656130663563306237366636383463333064396365373633356538
30666132343833363337323636323631663435353162643266656338653031666431623663336639
35613236303762366263613432356465353039386363626461393766393233373963313134366362
34316361663134666132643361366661393034396264643730633762373861333739383538333137
38616564313266303666356164346264643261343930656266303439666339363563323664313665
30353565373066366130643235333662373763366536303065643165323834356138333235343137
32663734643233363266333939313863363763623430623232303832306164623563
