$ANSIBLE_VAULT;1.1;AES256
35306536663330623464363433623633386265623262613535656664306565633639306263333034
3632323262386163343736313030306166393933333863650a633265326336616166653033636539
39343338356235316639633964313839366331326262386361616537386138633666666339333364
6130346438666438610a616662393636303066376131316366393532613534653864386331326130
35383735626631643862393765336265376431323162323337653361336631306234666134396562
66386633363233613232373462383366386139316365643335373563373636366230383836666336
38396430663334366132323265303036303566393336386435363536373962303835616236623536
31363035663234626161386530353165363334303733643031373266633764643836313639616465
37383661613439313263373639346366323631346365663464383865633435383064353837303231
33306331353135666634626235353661376532343833623335316535643165323562326430363461
65383934396566643164666334366566653335343332393639343938303737626462366264663761
34626530353064633864353838356563386434396238316661323933366163346337373666306263
33303031636438313961313762383936313831393063366366313538623164383934656139373761
35323438346364303138323034316238383666313031633765636136343561383133366539633733
62333561663061643736373234633931653233663862366661653537393561383139333831376335
37623838663932396261333563313235363766393036316532363831386464373235383939653461
34383761363732376336656532653530366438316331633635343739313339656665303532323566
64366465326666643330306533646138333430633934326334386164626430613734336434363564
34666131363930363836656338323930343466363537393863643663373734383232326466303037
35666234323364633637326336373365336232313535616161633231326631353862653537613635
66346265353365346437366632313838343035306530306361306539313837306564303733346330
64333730653666306266393265316165663433396439363930666464356139666334646633613564
62316666623439616631616334346331353534336234623035323762333665383764323133306161
36313732643536383638393237313636356633373762343631353239303639333333653436333135
35383638323434343839336435643939313032646662663761373562316337663564643938366539
66313261653764346537646630326362393064633562313764393166623830623065326462353233
32313235326538626363666632336332383632653631663461636362303838333130663334363766
35306165396661353262333931346631373335373235626330383265386363336264656466383532
32353236376139656264383835323863313930373564653338623830363433613730366431343136
65376633366237613033353839623639383837303737323935376531343566646339323162636463
36386333316433663732323964663462343432393233663139323238393563656562336266363133
39383936363631343538643564343661366434303661613436333636343162656365323463623766
61313731343562323463313361353839303334333762303663666534303463663337366436626362
64666539633134616638316230356639623861373038646466353163306135383766373238613166
32373536313833333837616561656437383065613137633530333862353434633762346433366430
33386431383138613464306333353336373065356333663532363861653239376265613738626332
64313363656263393266333766616238383363396339356535636563326130353234306533393737
63333565343638393437653331303065376630626465333165306463333161303463626633366339
61383363393865323634323839646238656266616439663832356436623864383533303563666336
37386131636534623564323535633134353030386266623765396334363965306130643734316134
63303566636530336638333365343364383730353737373139316566366330376433616632656236
62656262306634316237383066343963626265383762373464323431393639366434613539326262
35353433343361636262396262663139373133666235393966623834313961663261643861386534
61326634646638373431643531393133306263646335386338613633333564333862343666303530
37393366613839333738666131373330383766643865396165383839346163393961613161363133
64623833346262383730356238653831386633383738383462373235653038313362633361663131
34643836313464366331316661623065623436653063666634333435383631326363396330643562
35376439303263343532386465383637646639656637326161643833666336313663646231653237
34333539303062363936376632343734613531663435356264613061303164633330323938303637
64343138383539636663643664663161323139386138393863653139623135656464633831336365
64646563353166356164346331326661643765313739353234343138633334656630633066663035
62313231346130656666386636353566376533306333636338376538643037613230653338626163
36643332306236653233666136353639646535313739393336653537643032393731386366386361
39616633633063356634323136323562636664653561633935323734303833356134373134383563
39336162373163646535306465333764326333353262356137373935313262616262363338346331
39316237363533366165383035333633656466656665643265393731396235636636323236643239
39313337613663396337663739383235396166313161626534326331366165346139333062656165
31313036653833376663663766646131373364373830393734613331383032373935396561656166
37373464623233623330616439663530316566333134336233393962666430623636653463646264
35356634363732383164616566613630623636356631363164386136373866363636353966386666
38613639393437356261666339396231353461336534656233323561653262633961623032346131
39393236303432633436646562386636363937356164396231313565393433646132316438316130
30316136343030663130313664646565656132623562663230313166633536303961336235373165
37383336326132363135323832653136366236616530303730626461653136353434313138303432
32666634666336613839663834653836653132353262353566653233386435396438643434346337
37633766623031313962333562626666343065326561323065316662613930613265653333303130
30303830383830633366613832326464336461626463333462326438383063326337623266636139
65313237316233343334383030333133383239316363323833633837313332646331313931353561
66626566643765653863303834313363333134653738333038326265383934346661393033663731
64373133363563613131326431643431373463343732646530663439626532363533663437326366
66386131363866633161373239636239633134346132323961356261373635373239613632623964
33626538656638306133353233306661366537396665313962326263343036613532343264366632
62653362376566343061353832626138663963343537353862653338383364303766393633653832
65316335663730383932653036653336633364653637366366343738316437616163393964363461
30326461376135313663643861356536613866343563346132343964363166663262386436353865
36626534663238646266623231393064343538356162303137663165303562656639323932356538
37326164336166613538393661333432336239353138313232623064313932323937616431366666
61366438633664303665613165386666383361303037646337343335663665316339353235666234
62326630663731346539656435623831636232663661306164656562346530333530663137323933
36653331353463643061663165393837366336633061303635613233303933333262633765303432
65336238303638393966316336373739376233383562633332323331643235343463373466626634
35613138376134376463333866663064373938633065656138643439636563373331326466323032
35393637643231616364373565613936616565376639303938313366323834316636616664396665
61376439353738326530343838376536623934316664373339373766326230653835303166326439
39653664306331396532313765326431316362663238306666663462363632306564376439643436
39396261653639613433666432653238356262333438663837656639633261363832343863323834
61303931306234616366616233333363323636353265663930393138666665646165343062383839
38623237616666303034343563383965376636393637393064323537666537633537316164346432
62346565393039386336383835626137303964643465386239633736386561363335393663623765
37303163643732326564643761633734373339356538383730623538333135313336356465313666
62326336623135346538383435663963376336386432323538316635366162313763333236663465
30653735396133616635303566393162346136346139303362613238326631353634343764383737
66376236613663353733313861333836376466333433353332306538613332373037313838326530
65333262633232616662313331346464656264393861636461656232623938643432636231393033
35663634353834383265303230653538353564646563616131653336386566336433663734326436
37626639623665383235353131333465356237623439646561376231613234303563616366356264
34313534616132336163633531636664626366653033396137346133366134343534346564623563
38393764373139366231646437343862323735366462343364373965613163616632633436623466
35373132376531633731366366303661386131336233656231323535376335633830393864323563
30623039356662336563343464636338393363646561323937366636386438653432656361646532
30333563396334326661333565613464393665646439363137323366643666313436383165303262
31386465353234326464623631386264633130663963396665646666663265393162616563303939
64316139393434333266623631623565333433646139356566353936316535613961623238653230
32333661373234316330396565616561636565613365353139613538663537313332383332326464
35306561663734646362323264396162333364356139363530653830643432353332376335303465
35373865313639363665666339623930353935383562383063393862626366626264313134643362
38663665306133646165626361646139393065356634333062366331353834313634323432303361
30353035396238373865666330366261356634323662363862313061313638633032336634656439
38663863313364343965383030363465396366366238633562393262313666663463346438303962
62303136323235303739326466383864643764373533613032323363366133656665386339313163
33343233353633653865633165616437356630386431333435353463346162663131396532623963
31616431336235383432363961316638313934376134663138376235333337663637343161633934
36373566386433363163316630303565666633663866346534376365356437613738643663356238
39353861383936316632336535383333356631383463366136393461393035303231643861376437
38646130306232613937383631346334623062663562353830613565323731343637366564376565
61383565383461646132623934373134666133653238613766613565303338663036373166376131
35383539636636616539363961653162303066653834643064613133336131646165346163323738
65623238383837386632663832616432633864383538386562393236303435623734623232636334
62356334656138613938613466323439373066636639366535653939323830626636653031383334
65333635666264653335306664383164653733626233353165643264373933623565383034626635
63623165333361666137353265366635623336323936646261623062346666313665396465643435
30386234663865333864646332613961623663343634326561613733353561326238633432313837
63346161363166643932383061646164323364393630666561653232646430386465363831616337
35633831356135356163306631623439323137383162326236323736366531313662643832613033
65376563366338393731343837653735366637333239623165613634663538646666336565373563
36636137646465616136313336346538633838336139636363646265626438303338303939343565
34376237383335653938623464636431323761306233633039653735386561333664613236643264
32303862613637333262306662363438386339343037623865643064326162333466313432666639
61383935663866643537643134323463306537376636366466353931306136663238333830633565
61323335363637663762343132643633333063653039613039346166326235373738653262633665
61323538613930346434663033636337316138623765623138613637346465663238313663363864
37323063343635323438393466623039353031323466343036373164313830663362333838663435
33323537353636353963353838343236396231303765323832333636333132613063613031346664
34386263663936323130336365343561393364663730633064376433363462376235656561383335
35616466346465343833623062343938346339346534633435663039366233613530366563653530
64333736323839323536663637626335663239333562653435363966383466393134616232383838
39613731643532356566616462633562646639343635303939623663323633316663393439356162
30336565386430653965366239626633356537626134623237383731646165663439656361646563
64303930653962646363663066626536353734323366383739313235636330616130613436343130
38656633643032633833653063613837373461313330363337333131366365303666396636353161
61666434663061366430653162626334653734363136643732313465393035326430643464333833
31623637346539326163623932623635383266613730316431666366633435373939646639623738
30316366626465636334633166346438396465383438383436306138313836626563323431663435
36636365383166306563363964623437666462666362363062646331393263303233623335363331
36643031316137393733366362623239383830346130653835663037366532343862363331653734
63633266323539643437366366333735643766316165313563643634316234373065393635313065
33333538373764346634643033303763366633333535633732303434366233623037343035613932
62656564376338663033373133373134326261366537366163346434333834306164393035346135
30623239323739383839306332326163313537373437383531656137653061643261373862653039
64383231356334613832613261666533306239643536343331623530346430646630626230633362
62373564643934383665666634633830353863393037363131373061323565663737303634323462
62653264313761653733633361613962636561393431313330316137383932343766363538613166
35343463306136323638656330326334393632613630353733303164383962646431393333353332
39656662326562643832623834356364646664303564636465613438343337646431393435376366
66326537303664653138663933656363666635376564343336383166353365626534323732346466
66666439646566633663303534623763303135653164616363336562353032326435333138363065
64303536353436383039343866356330623337383135646336633134303835373661313066303462
35663235663735663233666566376563653430316565613862323137623333386231386563663666
63323862303965613066333431333261653565366636303962613433323461383166663737343331
66386431666637353833396638623664656338316336643733303232396138313734303964633134
37633931656562393563363532643266303033373431346233613635653063366164366438666266
32376435613033633334363436316463383566626139383233333137626636346432336662333435
35393861353832616534393138633764313163323236363633383764333838383362323830383761
34633038616665613733623563636433393539303835336130393135336233346630316334313337
36373436396566306336666332653531363437343761666334303062396533643566303737616233
34356663336465356661353130333536653637613330343039363439643766646233316533343865
33313266653638663937306139653138626436666232326633303765363061346162333461333238
63333339363561613063383433383632653136643437333362646264316538373738346332623937
38393038366164303434656336333930333561303166666262326436333337653335626434376536
62626333613965646465323539623931306265353030303733653932663236626566353431386536
65386632376139363666656136353031393130313936346436363461306531306138353338623437
63373066626139636134313138343138333964336332313461383439663164326463373561333934
66653338386634393534626261316236356638333639376635393862386362313466636135366134
3861636663353731343962313066613263383663636337306234
