$ANSIBLE_VAULT;1.1;AES256
32626362376633636562653062303964613165633961336431376363356231383639616531313134
6265616666656534326164633336303838623238346335380a616661376463656462633636356564
62633264653632363661343032353332646364313931373162336538626137303861353135393966
3036623462643066660a653261363864383163373963663435353439656463306663333835393965
37636534666362383066313964653137303065393034616165386662306632636235353265633264
30323365646139383730393965316538363062646436633230623235383738613464636635323931
61616433643064346663336130626162343739316437653933343061306636353336343730666533
64366564386233346339383362393336376634313365356137646136613236306632316537623964
35376138373531373661323963303038326131666563386166333366383235393136373762623633
62306563643763346537633036326333303133316536323134643865373837346232316166616538
35373337633862323461656165656536356462623231353134333338303962613431363964316336
62323564373332616566663136613837323266613764656332346533613435663762336564313764
35666238336230353738656664636666356338336136333734393866653165653830353638646232
34363032336433323437613934303061343062663166616139633235373538306532623164653638
34366138356131383736633161386230383661316133353764326266303037353633346635323632
62323734393663326439316432353562366336396633393638333532643963376664623738643031
30316132323735633836636234613535653264336434666130303664363261663832376231303336
36343962313831326130316232306463633136316463666639383532363166646230623732353932
63363033363533636266363234336536336434656465373531353231346666316561653938663033
33383262646465393462383963343565343362376464623530386335396537643738643465643930
35656430313538363362373934383036613133353166386334356266633931316461643339646234
34396335333765356533653237346333643030343261666330626135323436356331656130316664
36623239356261343637653861353961323461356361633232306234633831313732643138363462
34353065323335616465346666326637356133356237363832313330333961313866646538363461
63653963643832303632366561636131346263376332613031333732376366346365656332333638
34656633396132303464313733356437363562376530616333356662393739636132393566313562
65306634376130356137636130343930343834303436336139626634363330666164653838643837
36613935366466383766623863313238366131653935383636633537363134326563626666336433
62316262376138333833333737643563613737616531333066356534333935616130656564393130
36656534333336316332366235616461616364653835363337313737346339336333353737383962
63383461386633616336376631653337313163633566393832343536323736633531663537633834
35363166663264663338333933383336363561363866333666626562653732656661623530316465
66383231663438623861303461353130303664383862343330373064353862343938656430616165
38303035393137373535643264323234656266373266383737653136653230366233633030333334
35616661353466333336373862333962393930323535353336366535616261353132396266343733
33396431653636343234663336353962386136633237323738643832363236353332623734613364
35626363626637633539323333316638366461303735356364383463303530393361353739626666
62363264633463656666653732373030633564363362353834323438636338333539336435393933
30366462303335306163653261663339323237396635356532313065333533663831366361613935
36356430393334336463306662343135333962323863663431333365393138663831633536343231
35613935656636656365303333356633653730366332376265396439383835316432313965376532
33313031346333663533346332306134613935636265613564386537393437313662343933613961
30316365663065313532386537383930326534323739633936303163656666383835646535333730
37366135623933346532366163333762323636313032393838636166656537636162616161376363
66623532636363343264366335373461653937643163326633633464326239666234346565613337
64633937396433663166383532623130333436613665623663333563313030396634653734303165
62306634313562623031363639356266623432333966323333646562316430626137336230343137
36303766376238383166633037303465333431393266653339633032363430356338326463356234
30303539343939396463366431646438643339663233376432666536363139353030376134333635
31363235613331666262343462346135613732306665353933393866663936346635346331313432
35313335373565393031613933626361656364393631306537306433313465323833386562326230
36646163613430386163626266313065343335326332383539363565663763666436386464643537
38663663626139363731353961663635343261653465646164346139323539343331353266346463
35393965396136363535646663653062393730643837663265346334636265323339303839643232
65303939373731316235386666376633653532643564396230363438616262646635353361623036
38316632656633313461613063656661323233653364393531613263393631343361323531326432
31333930326365323561663461353437356363623063386435383638333632366437666663643163
34366131323563396464316363356366343533336332383837656533393232326365313436623737
30356630303037613335613965633135623632663761373637366534343736636339376339656435
64373030663366343964323864613663303835333661323934663037313563643633616166613632
39383639353436303131653731613461656166353961363165386338316262353539376638356538
33333434303837316339356438373430653433323835663133396362343032613265366134343638
31656532653630343731323735356463393832393763386135666339383437363066386339323832
34626362663864336531336133666366303365306639383464626439333961623462396139313937
37376161333664393134653266343331383230623434623937326662313465626536353661383334
62383963663762353639626132353762393766396333633733653436653030376235343765373137
37373763653533376664623831613235323262636265643339356166326135303133636335666231
61316137336639313639333138396464323237616366316162633565353035306333313663343136
62363462393565646135613632383837396137306463623935303338393863616165373463643064
62393833613063343139653933313037623231626231623663333338323934313034613635383864
66653938613864666130323234393138346132616536393663333333663930393231313535643365
33393263626263613930613636623461613130363863343963643139616433383635353437303437
61386632623136613233303133376536323536363162636134303161353761653739393563303139
38656261353832373561333838336164373131653565663531353238623734363864316566353065
62336132393639383736653933396361303733323461323865653163303162383561653663626532
62393939383261316536353437613332633664396661663033363361323664316262363864323065
62643538346438623836313435386536323035393837303466393463373235633463633536393630
61316136636535303166663531666365663866653730373833326365313833623733323464356334
63363734623061633431653964656561356637653733393461306230303163323239366537326435
33376433353236396266633536313466393631653035643133626561373861353331303036396430
35656165333237343831633862363034613738326230353438353262643035636536376232643739
30623831636666646235353333613334386136643166336430306636616331633036626230303939
64653861333939363032386136633866396162353432633539303134363234366136386662346636
39383638363437366665393732646335656134326138666631343266623339616161303665326337
62313439306630353664646132643965306136643137383133366130633664383335363664643939
33373037373536303139663839306430313762363833313130653837623832663437666563363330
37316463393564346466383030653239343334633838366231313733333066356537656631653438
62363965313931393437393234393236336261643338663763666563393465646366336162633439
39333632666235646562353536663933366665396536393035363033333065316165646164393739
36356464333430323231356338373163653839366434643762326565346561316138386262383439
31336535313965643163363838393130653735313339373637303336323961383734306239666562
61643866366563373635353065333364633463306132303137633862636335613462636165316132
37376261633532613665393830303639376637333231346365353966663530323731653031353934
35343661383235376434633439363335633535653934353163343139653633656535366230313463
36363737663461333136373831656564653461393464383139633832313939653864373436326564
39323930373065653363656531326664383064306535386230373365363365336166356432663163
66626565663731323337636334323733633763626432393365653431343539303036333631663533
31616230623139613337303631393863393465383665613537626164343939663639393332316634
33633265356531653237663335633637626535643238336235336439326666303362626339353237
65653064613533393131373233396130356339653037346636323363353830393539616335353263
39356664333331643234343363303131303635366633393038643963636534663731633466356632
33336532393635393333373163383463333663313439333164633837626634393263656530633739
66393931333038626462313539396136623135303166353631383732336165366662613831363336
30613435393261323966336639633438363932353462666137343964353832313763336537636338
64383963363866333866303730623330393130626231633565313734336663346230383933353563
65316261353830393664383163643062356665383963393539666239643030646439306531646131
66653639363637643439613535316364653432393566326138336562383666396239383936383865
36386266306337383738373361623834666432626337306233643764343739663835316435666138
66306335323762353136633465376232306636616266353731313338646334396334643937306165
33306339346538653165363464313836353664386633393263353931336461656133396338323531
30323833313565376433383238646535636261653134643739616334303361363165316134356631
35653334643033666430666137616439313036363933373861306135383065343233383333396133
63353962633737373438613631343538393166633734373836346435343433303836306330363636
39336239366366646461393835396432303638306532326165613661333261303738623262636136
61626630383538613933616637383330616666333664326566656438343064656130303661396562
38613737646231633466383730383331303262383733326439623339663637653264326263376531
61326362666266663366353431393434396635356265373338313965383535613438306164613961
30383366303562396361306334376634346564343966306566663531363563333130363564643266
38353462653531646131383362363262383330303162336462653266333430396331363262313334
33393732353339313130643861333236333731646536633261623461393562643437386333633039
35336234323633666437346161383237663138396230653635363564323630303965383362323432
62383139666565343930653130316433336136353632646264343063396631646365663764353236
36376637373262363933376136383363336462336233376136646666333836616563343239343831
64376161393933323238363930613439333730326334313631393962313362313830373163336331
32386631623163613464383536336361376237356438613437623161346632323330633865373839
63313361666264396266343531656238343139663364303933363939383162373539313438326261
61623938373837636162373765653338376338636466653161626337613231336465383063643361
62336334333937376338333137356233626162653661373764623636393730383033333232333265
34623363633339376262373564396466613331333538363339363737343035393931396366356536
64636639626331663134336137633931613437343137636363663239383165393662343636356234
36633466643966343831363736393639366232373562613166356662643437393633386266343565
31656264616631656462333465396532373630366632383165316239303465646166343934623662
62613637663165356637373335316364643361656139363965616634313235663839386435326238
30363339346539616139663437363561636437363934616339616236633432626431323239383030
66366366386538633062343138383631333935323434663837633933306363613430636239636265
39366364663438356535626637393965353539396635616363646436356438643838383932323863
65366462366463363564373433393637333662616236633066393531373038643466616461383362
30326336316266393762613362653166653365623964396635613535613736643738356631323165
37383332363535646634623135353035663838353637663831363839656636343837616661306366
34343462633234353933633062373765656632333036656466356561363632333830613237643939
36346264666333396138363862333531396232663163373362366332646534393365633162333366
62393433633436343165373137353962663061666336346137313331633231343033663162343232
36306530373638636663343866616237616663653938383161663261666235636162653331613430
61393466666334626232346464303330613736643936626161326639383438376438653961616437
34373432366262393161313764346338613566663964363861323033393835336436663331313733
64356236376164323963636634653736323235313931313866623636633831663963303135376138
32353336363638666561636164343333383639396565666339653330323563626533316335363234
31633438376366386430646538303538356533663461376237313439646338323361666261613531
62626336363463376461646631633666313839616365336339636561353333653365366436656466
31613364363838393065393839633332336666323865626239333636623035393831643931383930
63363730313063336439626332623461356237313139616137633135656566623863616535363835
63356437343037303336636563306532306630613531646463363336613237323033623833643831
38303035633237316136633535336261616232633436633334383633393137393635656135343236
38376261376132643032356233383463396163393666346231316437373832643330633039613463
34316363633165356434313432643764393039396139363434383037356235326530393266323132
66616639336132363338643633313065643139663564633364363439383537636538626333313038
36666636323764343432626366633539343136393234366561343630643835633863346164643761
31626337626537646636303063613963653239666261356562333432653362666233393030313561
34363464326463633737326631663432613564303934326338393733326133626163303233333361
36646137613532323066376436363535303862613232356230613834656466346461653634336662
64396463353932653331323161653735376665646365616665616161386338653230646633383934
36653437333864636138666363393036623562353465633866366461633463653463323933626636
37626566326132666231323363616137623137396163326538643030326330616339366562333230
35646565303833623636626236656166393934666236313732363432656262383566326237363839
34303231333136633466626362633932343639643364343563643166356233376131343063336630
37656638343861663337383363613962353462366264333937383435626339343335383937383964
35653334613538323764633166393139373934623863653035363538666433393061386563656239
66303338623762386638353034373662623433633932366335623233323833363037653631343534
62353162646163343232323933636132316338383365623034336663386131343937646336386133
31666435636465653764656663663238666564666639333061663034336465626235653966393334
30306135393734663537313364633062626131343830613932346363666664326265386136333065
65636336613731633538633762396232623134316664326533326133333932333132633662646165
65336530666635653833626138343965663932313839306666366239663936313934
