$ANSIBLE_VAULT;1.1;AES256
34393366323438666561373065666132646130386462303763383433323361306662653938646431
6430373130326337343338623534643031383633343132650a633235626531393637363935653162
64373939396536623963376161366138646133323733376138376438356565313136616661336139
6166363838626430330a333364613562653637373361623539663039313934343734633732613136
39663139373839396265343230376436633234613362336337346531663336326136383930663163
66386138313061343130383932346337386366633030326166633664326235666238303765613761
30323463613337653937663438326131356232316637643533636535366363396464383664343932
64653562333338343165623065616637363363363165656166616564636630336334343137653938
39343731656231313561373034303563616236613166386161306238636465643639343337373135
39643930333565326632623139626235656331346431353261613666643064626638346237376263
35313633333161386262356438613564356636613965336438313863303338626639323830363837
34383765353735346130353663613331363761376236326661663439306666656432396263663330
63353666653364313865393361636330393132303436356537636165356533393131343235393633
65306230613039353038366338663539323336373039326138393934323635646432306135643236
66653061656661643435386535343337633532343766393437613666646365653838393439313638
65366533326638353339326230373635343866306437333933356137663836316331343363623065
34396137613732666235666534306234393865643962373932653764613431383339383638373865
31313964646661646431643065376530646138336134643339356233313366366331623066666433
66346335653938663133386537653134643937623261363365626236303234393430656539663535
36353138383966326438616630303537393933633563616265366338656434313031373866343662
62303861303464313938633532653461303639373239666562613734663466623666613139336365
39643963636262333439643065656532373436636430613539336234653863613531383535326231
36616162353239656139343563633934366533666161333337613830363265623039393139623862
35653738303034343839633738373666653566636638343962306462333333323438656166356138
32376635373866323532353162373933653561323639386437383332376232333539336461303962
62303763383035396464663639666238366564363133363936306532363938353030646534656438
63343830363361393366636262386438303037343366663837643030623764343538636165346333
30323934303962306332393261623233316564386363626632373431393235396432393130326538
34626165336464336362393739336232376635623434633734396437393333643363646365613366
61366336353966306134393231303434346533356236383535336532333933383461373361663938
32383530636436343636616364636462393339623534623566313262353566613761303532333139
30613461346236373036373036356264323265613435313764373435376537313038313931653632
34633731653065363336633935623434336232623065653731633936333763373033313664393430
33613765633563643338623464653036633666336334346166633861353333663930333039663633
30623632363635323335323432363831333332626537383635393931626137616465393735343266
31656237656365656233653539326336633263663136653934353232306238303862613464353764
64373137333036323837386438323066353031303936303738306237383365373636376561376535
37653430336438616639373631396163343039663762313835666237303031383136633136393163
38363334323934333332393662666266313536643037663333646164343438636531653939353537
65623038373863643664626664336136353365393038623732643863663333656535646562643863
36623361623866646134303038376164663636316535613231633036313737633636623037333463
64373666366536383434383832323163653431613031313465373964643063383263633561646265
39323236663062353137363233396664643263376432323332313530383939383831656131656163
63643762313134363166656662383739363761613637373731336239653739306466393833653130
34383963343066306435663166656535316233343733393033383631653031393466316663366432
39343864613432626262653233636661633132306237353664653035663666363831373066366636
34643034623536663765373230656332313639356263306534613136363035653861373437383262
66316335326532316337303435366239663439386361313834343234613538653336643832613261
65373733646139633765343434613466376230663335663135343533306534626131633263316465
61323632633938633338636338346638653036323861306266636531663333343734333966366237
31626437343036633262653134363133316665323532363538663663333464306235373438343834
63343638336364656637666633663737366663663163633461336363306334393465303862626664
36343963313063313238653133353735386536313133363237313532636431386562336365336561
64396637323666373734383635663639613037633232386232613632346430323063396633633365
36373936303162666137393534656538343139656635633266353564633439616361346165633938
62346163633466353932663230386536386432373765343538313332313134653138623535333064
63356235356335316234346264626333386161303933373932656264363561663865373936636335
63306533363062633232333839653466376364626638316433616265616134656633613730333865
39363131363338386236613236373064356565396433656239636263333039313362353333306130
38376330363466333662653030383730636563313936343139346536636238323930653263623461
39646164336632356166663664346234333239663533663034666236613834633165376231306262
63633330333836373163306533303861653361376164613234646333396364323761383333663233
63323838353335646538386365613038376532656631326531663036333263313936666332313434
35366133626566376466313433343064373764346331303531363737313066303433623636373361
34636263613064323362613231353636613132393561346536663734626134613361393138333439
34313366646432643333376233636661363130363639396131336632323636616237313235373564
66316637336439333265333837346331393463656261363931626262353533666436663334386438
38326638623537303233666166613766383263613566643862613636653735646564323364343266
30613165663162383638663230363134356362353461356336663261366130656661326365353332
36623862633962353432636466303930363830393935653435653131636436363466643837353465
36363735303635366665346630366638303763663835366630323263633733373666356366373138
61363861373365353231383761303330333432353934643866623366626138626166356438623165
38343333306634636266376436333365663633663662353763336138356339383835396261323230
63656335383930393463656464363462616232626362333432353434316664343931636433353736
38343662366634383566653666613530323233363563336563353764623262653036356531313334
36613763363331383138343539316138396661646165663166643632666339323562373636376564
34383939663139663537313432353232656233383064613936636664636336386430346661636238
38353139666431626639346436323165613465333865396565373636653966653431623639353736
66303562636338313132303438613363316663656637353262666234623239343833643830386532
66386132323931653432383864613432363861376163386239663339303764323637323362333530
30626538636463626136656464363730633739306138333539393961376133306436333534306434
37323435316336353735396166343461323739643832613261353461376237326435616461363666
62306164376261323963616532313866326561386534303239663962646662663436346463356636
33383361373632333164336133376338316563623836656564613534646335396263396338623731
61343965356666343964643662653735393136643063336339633361313062326465376432323163
30616532353565393138333239333533633064333662353564393061633833316635653664653331
39656339626464326438313839356332383864373635333966343635373461383635346262343731
64663363303565333363613730346365363538623665326363663538303266376235326165356233
31656338303332633133623636353037353535613438393439643434353733643733616635396565
31363535326434666231313831333166636163353564386634333837613538633662633466626566
32366638613663303464623936666461643166636137366432396630616163356166313733386563
38633766633339303763646261643339653962616465633534613834343735646630323435323334
33313465636337653137313036386231386233313761303664653762396164633833366430393839
34376236663261353632623639346133353036376364643331306134363030386439656663353538
61333032393539323662663334366665316331353735633838386365626637333634333336393063
32363630626464623130633562346538646430313862333730343866313363353031356536373630
36636236386566663535636631646566643437656332653038343638623034353666616136653331
38663566393463663634636137636632356565623931353937626636363634623937613330663266
65623638396439666339666566343933336365653237316362356230313038383036343334366662
38373739366337373430313235333632343539346632643164343261356466666166633062386139
64376630613631616539336561656630623763363866356432636635646461623065303531346537
36613635366637636339663436356262316630633930306531356366633431303764643337393132
35623630613034353636346230383861343932663638643536313838643065313431363534313139
33343436353961313064666238376161653434663338336234393933386661343538313738656464
36346265653064346465343662396665323734303231323033636130313631373237376131353463
66656634663863653133653964306332333736313766336662316438636339326233613366383037
34666532326435363261613831656365333765336538306663636466393131306335383737316531
66656630323132333639623635383938356131636562383033656130383637636538616362393339
66656535373566386230376231303662616436383136376335666230333939323636616262333063
39323832313832343239626230303134353335366630343132663462363465373762326362363061
65303930363834343861316466373466306638313164646138393761353964306232383434393439
30303164616132613135353039333264646464316434373864303861356438636636313638383330
39333864373063366662656636356137393833396466633762373830663835373163613061373535
61653531393737383739313936393535383832393863613436616462623461663638313333386364
63346532346234373764333834633731306436393136343765353064323430333062303830366231
30393136613037393364316534666334343236666430626363653563303966303535376431303932
66623535333463613361343932613036313834383866353664646533376335336231656639613132
65616532393761626162633836663031336565633736336430303764353866656532393938393565
62306461356639356162663338666638656333353861373534666438366336663363623839353262
66343837383361373864623636613035343130363331306631643537343062343264356334313461
31326338316535386135653538356236346664613061313237623631366331393561656134326662
35613331393730373535623062313761343430653230663761653437313138393736366566643962
61666166336166363134663635646463383134343231333733386163633537616436306532306430
33643762636132313362653562383138613839393536313638386533363061353332373466326331
66386261386635613138363066646564353462366462313933646330366563313137346534366166
31353462646633306437393830623466613664656539646134363335373636313636653839326163
36616465656431636463623464646531396538623532333135646164653233303833323730343365
37646261353061386632646335636135346233636235373765666434376430346536616332353839
61356137353461383864316366323562643438613532343063313034323638316366393761613731
34616437643730386265373739653063363839386463653037626365376164613430613932383361
39306531386166313830363965303333616138396465626637633231396565333135666339366132
61663338616166663831313538376538303130303836326630386563623264613064663930373765
65386338623533376135333466333731393964316434613831653865666432343031343566656534
32323637613461316433656366653861626533653535376235646633613464333431393235646563
32636134323430386333363831313861636562383966323862643435323564623666343732343438
30306565363561316133636239303637623963376535626331383534373532663463613535376663
35613134373262343333613737383862386433353064643364376164663436346332323662663164
33383033326461656463666431646430343231346561393039373161636262396335363831356339
30346363383964653630303734333238613138643239313437363930626532613237333237343131
36363932343332313332656261316139396461306164343164626430396139363330353432333462
32376635363534623566643761623234623166316131396166313762393133306338356535653536
30396566643631343239633164616565366266366539323962323730366232393238356531633265
64343838346133303933323262393139343734666631633435653563653438363537663239333834
39616237396263636639636162663765636637623339663533386266666430643132663736653039
63633637333232666333306663326238313766396235616630396632663831353937633438643261
35356230356161653361333936373334363836663937656531383539616464373633613734323230
36383432616566366166383364353930313262393739653963643230626663396337326363653639
32663438636562646332353533646132373266313561653039323439376431366232306365666366
65326162333264346433316363363066616461366666316464356161323436326661333236383934
61643934643962663461623532313963343664373238336661346633303333303864353736663262
30663661336636633233336635396264313537626437306561613139356631623934383238356563
38333762376438303432343561656262326134623738633764376231623666366131643333313363
30323865336461316161363666376136326362636639633230393561393262373839336438663466
32653061373137313964363236303535653731346166326363376165666464343537313961393838
33616530356634333732383636663766336561393234343237366232376263303634323362633864
66663434373964363064663763653838663464316664643539356134306438666666623434313162
61323937306364326164373735306230346366666663333335626239626535646566393063626432
37633362623063363738616461386530363232306536653766353764643561393365326265363831
36663836653137336363353061656437653066383161613335323138393536666362623639346439
37616161666166326131663136663163363930323437653531623030363064623037303536326237
64326632636562393431386263366232643866303965373838663434626433313763626136386533
66613166393165656337356230663433336338323262613732653461373130363439316130646631
32373638343764366437366362653939663034363830643631336266363234373565643065356663
32323231396231323064323736396139643062363634323033343438386164643761366534633963
34643365663830343961626531623137643239663038306134346361373638643337323735353233
38346166323932623034623066666530356365393465333437623662343631313132653962336632
64623035353162363936313132663131626465346662386432366333383237376632363064383263
38373137303137623936613766643538623939623934323762336531613562373932613361363934
30343733333865626561316237393637343831373838616439626130386264633037366465336335
31373466656634373463366230363266323565653565343433383536383131323838393536343938
30363666626264653130313130383764653033386131616436353766633337393263663134383664
37326337353564323536353230663534313064333030613831393534326135316366333462393766
65633461386366626564633863363334393035333433636564613464366364653164
