$ANSIBLE_VAULT;1.1;AES256
64656637613864316336313330306662366433393530623636653165656136303562343932636338
3766623634646436353138303064613235633964653036350a326466613266383766616532303261
37316462623532633264393739303233323463383836626664363334353139326563386535646236
3634633539666162330a333330343366323834623731386161376333613131353636393464626133
36653262643234396462656437326361386462306136636436346133353532656264396363343733
64306236323664626465633761336665343338623930353266343562613661326337333766383765
62626435373064626535633561656537333732373561636266326636616361643961613038353063
64323739316462316663393439643362383566363838306530323839386137336662643062373039
64313561303765356330303164633037633666613938343235356462313161343565646636383632
38376465373764313165656561316132626462386361346436626239396434393737643736376637
64383635616434373434633437666635313264303966636537626364376130663336343333666437
66626134356262616638316430656337653863353936646263303835663164616335643663656661
39306630633238626339363033633432383331383961616139343130383131656165353337633738
64346131393264396137313339356366663865613536636538663433316439333835633639356238
62623334653732616631343665373335393035376364646130396462313035353562636536643830
64663264656137306233376438666363306538373734643861373539613062396230326461663531
30353062316261396235326133616639363433356533616463393062623662313964646264373932
66323239376538353663393233353736356534346662303365303735613433656638313539623965
36346636303461356338313430373064316530646664313437313031646331626536616365613730
65663764663135346162353937623261393763633761666264623239323535616131353333323663
30343362623438636432323565633531373435303562313534376338333931336136393065363138
34323636306162383537663365656266373037633366383432646433376333656662616535343932
37613233626465316336326431326333333036343863353531613138363761373638346437656162
61623064373535333738646632313535343031313665633632383239356336393339376139346538
65373762306666653534313366383939626365383436623938643239633739386363323264666535
31396266666631623666363739303162313161316565343661376235643565323666323437376139
30616266323533393564353931316132653365376532356635336663646464396230323035366332
66643232383534373562616561303036653333393461633365356232316636303134656664623263
32376562363632393762376330653761333965343730373637316238646165633133636234643633
30663037643634636261633134383435303939333865306335636431613063383836393462363839
64383866383431303163303232333962383630343738656161366430306363623533346365313166
64323238336437336661386266666239643538636136326462313862636566353864636661343863
33663534333766363331646133633538386463636136633235653539346134336331356464363438
36663233303665323363373134653466613365313334326530313266316331373365363532396565
62353762373164373061613762336530623237666664623262373662653830393937616338646662
38323766323933396433376662663839366666363632306130613964396463643865313839306636
36636434633034333362363735626262353664663663643735653438333366623864626637633636
63396564653233356532313133356666666438633230383436313630313233373232366230323837
65626131666634656562646166393230643636643163646335633934643536636330313462636263
66633937613866666630383263306132386661636361383166343938306637346265666262336363
31366235303666663666343434306662346137303832626563393231343734643138643465393139
39373964623865373238303530666661376539396636646634363536633361303936326235383066
39343935363563663161653837633962316365393935353363373130666537333439363562326464
64373735343131386566616435323763306432306330326265326465323336356432303433376535
31306565333263623333386438363432633635386663626538316361656465376266623735613536
66356364636566653530313465663435336662366337636336303433376164313633656162613330
62316335323731613031396339373035333330353036626166636666646432383438376535393662
35346439633830633331356362656131313262373466383865633432376535366666303332393434
35346539616164663762396433636366623737663766643436636335346266353334393939666330
37356563393831616331623930303232316639303461623963323266623230366563623461346134
33343238636439373439323863343935363063333863383634396537663862333839333638306235
35326266613861646465626463303565376132373863626338653161343963316637396131313537
61383563316231626632383966383666633538343662626263613965613163323662386165626632
34653266343463323432333537396431343964323732316665633936303039663861666665373364
61613230353035326634386534336461333965663034666634383234333236303830313437356531
37323330626261616162666234356333313737346236313931396131373431313730363931353530
30353331653965396665613539363131636439386531663939626432663334616232663761333034
39333065396266333031316563323631613066386639326261306439653132356366333933303039
62653231633563353335346537343963396230663866363633373161303966376638623363646364
38306431303834303762343861623763346663613165323233396264386132303536646337373630
36383439383031366564376438656561343130346535363138383236306566303266306238656263
38333933353633366634633934386133366536343630363634343233633664306361313566666536
66326264386139366234316532363436633232646163333536363961656431303763396230343034
30393331383435656663653331323634396564313137363537363038393161333662373330386364
31633038653735376464316566326336356330343238616333616665663335356631313866346433
63663939316330666561656539636165623163633135333830643639356566373933363365313136
64626538376662343435323230306161616262383233663465636166313439613536653435616438
63633762366465343630373163626439373839623963303264346536653261666538663666643038
65333234393464366562633439656130353963396337376265376364313031313633333131626532
66666530646336306361663837313837323436383264626438393938363166653330666664656133
36366465373737366333303936666339636363396138303331646163313266613034373634323738
64353462303133353864643039313966353366646234303134306261346136643237653765656536
30653931316434333131656561396238353838383862343632643663396238346339623336306266
61653663623932356636663761663434393739643033313338383832633431646661613266393338
39666432306465353939393632366132643638346136373532666463356630363632666530366532
30316530326231333564353562346662363230386365633166376530656563373564333531373961
62613766356564303837633730663236626235663965643038356534623439633439383538643232
65323463633662373537356363346530303334666234363532363363386336396236353636313466
35326131353835306138326663326237356434316132303266336432646666613133653030313337
63383661376264393362386263343332383439303534363634653833333362383338306534393037
38653939346534626333323561323834333462626566663762383130316334343330303034636635
32316139363739353135663034636137333337396636333033303131616461366662303331396337
66663338313438646464303839383762353233343430376563313039653232633338323730366335
37616366633039613462383939356338396664333635646132663761626630623235353833353663
38393233393964393535653434353964343462353334636535386531363936383063363465346135
34353164373735636534633338346334303061383839353039346535313130646634656539366431
36663937393638343165333338386533363365313632623532663032613066383139376636366538
61393134656130623031653038313330323439386235373666643936336666623331316564626137
62386532393165363466663133353331613162653937303131353734643537313138633063646363
35363565663562346334313635663734383239383930303462313261363837656261363763646438
37316630383539356533303133636136363533373436306664653136376335663031633836643134
65313832663639393664303862616366316135343965653662373532623735303237323634326430
37396339616266363538626537343633613864323139633639383330623630303262623134646165
35353732613366366662643563386539353661346530356465636338373935653030626434373761
30626436333762353130643365353538333335303836636134363432366136323166616634306339
37333337356231326439336364663735633834663633303730656530643764613434643730653138
64656564653430653530666232393438656333616238356533396535656432663565386233356532
33633934323131666333313636636638313333396638336134333562653362666563383038353263
37613631393136343236303932636432653165346231346461313363326636643235373562633439
64383963366537333134393135376364613233313561666630336338323934653462343930336362
30326561356132663731653962316330373761323039636336616230356363613232616261373163
37313862643337316433343564363866316134383436626336366563663339656537366430373264
30373139643263363365306139383238623531663665386233646664636566346330363761366664
39663365323335306363353234353039343432393166666463363831646536336662336537333662
33373634306335363939613965653935326665323965646434336232663966643164623363353965
61653436646666326332313131656161356532653635633464303430643937373539656135363636
35366664653236633438383837333939626434326634383838663331616263616562633831636265
39623937366565383764303064653531333036386433326465306430306662393139393138653163
31313432663061366566383031323535616633313834346565323534343237653135343730333361
62316435343139303162366234353130326536653837616164303739623435383061613534626334
30663765643836316135656164626631326339323138643631643865306338383666643335373464
61303963633733613534313732356433623661623266613433623932393230633930646331353630
64313733316632616664643865303635383764366531313633303730363332626461636566316338
31643332623336323037396264653764663466356630393963656262633531326134616130343230
65343936316562643137396231383363663336346132396634323765646531393838613639636435
34353530313033653238323731366631343834643931363266376265396561386638636561633637
36346137373039343163383032376238366632623566316463643164656530386437646632643932
66336631306637343831326562366139333030643162303762333832633738383063323665623165
31613333383131313835386332366634366337393038313936366334356164313535333734393264
30623066393435636334386430616535663333326138323763663739393333653030643032626366
65373262306135626132333832656632333337393263303837386139353632376364613866316162
36663437663466396431373139326531653734393731656631653766303262663161663762653039
32336363663864643462383131326532336535353661346332373335613031626131313761646139
62333332393362373836633862333931316665363865333464656439303232656639316666343133
32613363336632363866353938653631333866313830623030356633373734376337666239626536
66663366386166636331333739323836623634326433333238343461343263393063663134626437
36613261396435316137303263383664613931663435633838386563323930373833323437633830
38333232366237383739356532643037363361363231306334313666353566646362343265383638
64626632323465653432643439613364363861643666633663653333373336613032376134383738
34396330376238393531393338353664623837343830353939666333326138663161333132323435
34393861336339333661366530323066623431666161333533623431663662636532306365666532
64323434613037353234303831663063333939383638363061386564663138653136373365373836
32663733663631336332326139353835393338306161333265363838323731323133316131313034
30336231643332386661613139376565353864316338383165633235653838393338363566633431
64306132623931306239356433356432383966396135636666333862306166663833393061313931
65613133363230373131323463623034366133363263316634396234313061306565666361373936
34383563653665346331373230666236646665333739343132613331653037343637393338303634
35373363656130313737353838363866636133393831366662396238336461303761653231616236
62363332626661373934626164353163336336353230386465326462366338373366623865303762
38383032346264643334393436653337316666653535373838383065363763373039316631636130
61336266633462386336653635326364326634356666373934383731613061613138623936323235
36373839323732333335303237306365666232356138303134626231653131363931633965633632
35656465353430313430316138626632626162623235353563353361313461353331363765313434
62326366633965373463663130623239656435326439636531643464346333306430616533343065
64376630636230333266316634306530323163346362366166316261643832666661336439363138
39313339333362376337393839366431336239313030353864313334343830656535663936346238
63643561366332666164653433353764373538323964653161316337623564313463303862643163
35343566633438343334376135306565316534363061336332613530323763626334333636323136
62663962326161643565363936343261343763303866616462656633613439343766336636623662
66366338656466316562616130613865656464306638306434376363633333396136656630613439
63613935383566313237646433396566343532393634313736653138663430613233386261326236
34626632616361343965373336313363643134643831336131333663646262363538646165396532
39663235393236353839313466616565343436393430313763323739393238626136613235313437
63643837663733346537613935663931643061643066323063353136353939656262316338353630
30363162346538646462626436373237303065343035623631396438613733323536396466336665
66323337353535336637623164343835353637626462663433356535303730333139616233336264
61666335313636333139376265616430376332653639303438666238393233373364396232383563
37616662343137313265666435303065373561646330313137383861323332393065323134363937
39616232666364623237383565663536376562333164393136366361666536376434646463306431
65663563663535306234326237363365313939336565306135366266313866663366393639303561
62623831626339303363613235356634376530303437393935323661363866353635353032323838
63623266623061373864303831333637313763333137666335633131306631623064653161363264
64316333353935363735303339396666636539663639616333326139333764616234643164396237
38633063636334356235313634363531336632316663366334356366373435373931353362363166
35313837333233396565323238316632613631373334356636363630626236346337393065373461
39663939343632333865396461386336666631323262376532323265653461356535306639613962
33356665636161316365343237396662356336386536376633396530633434646630353166633431
31363433396464353561323866373530653538393133633065356336393731373635303566623039
64393662616538336339346332366565633339383334303132366434616131626330303034333863
65336339323734326434366131336339356336616461626163316437346531663866343531373534
38313933333463303862643134656564633362343463306361656161363236373631636561386630
36356633663462613632616634616535613733333936626663616438383834663462653165626565
31346433313266613635663366346134643930616137393065363930383932323565
