$ANSIBLE_VAULT;1.1;AES256
64613965363964376332356235376165613630333939326364656139656433326531353437633236
3030633464656238663861663539626263363039396536320a633538336361626563313462383637
38643464346663366636333234393934333131653466393866643366633033623363353737366564
6532343139373033310a636639616535363961393262363438336333633433316438363266623137
33633462653035656234636331306462646165313536383739653634313830636133666535396531
65633238363330316361376139326535373430313737366662383435626462373466373132393438
62346166316335646364356566306661323039303036323135316562663038323730383064626663
39386332346265626530633437663831663736313133663436326336386663336634306664643930
32613265616532636432383166623534323833363564373565316362653136663635383330343564
61383031613263646536623764663734393931343464663438303630643133326238343937346163
39636137326335366662323837666536646432633439326564313362306232386662316161376632
34643134616261366534623561633863323235343535313131373238373332313665656630336438
35316537313461343066346332636362653335306436373764633336356130323930323961623539
63623530643966383635323535376561373830316365646532643563326230653538393037343036
38393265636565313439666334656463346332336635633465303063313131336136366132653839
38376438373737653033333265323432366133333033343532326233393032353335303465653239
32666436613336653337333232306237306565366366633666336438643934393534383639613137
33396233386238323737616335666465653634336235326630316632303265393163323430303236
63323831313636616566386664333765386136393138383631303033333834623066313935393137
30636639336537636165346161313764376238393264303237373461363233633339623863353266
35656538396263383038653238623534323564613764326530363464393336306631313237643331
64663066326665393535313062363837336566623336386663613466393835343031383032323335
30666539666539356364313439396332346232363061383461386439663466323035663636353130
64363736653464353431323531643263616334366137353766613532373265333964646238383336
65363637613931616261396332363634346331653062326337303265396431616638616337346330
63303861623565323435343165643236396137363962393666396334386632663036363563326364
64653039383233663561376465663933306664343134626236393830636439626664353766386261
35343263366436393933343934346230633439336263333238366663633838643232316561646239
66333635343964373734633233313635313130643839386133363433303061656632363939356137
64323465373031353735613736363930623734343035666466666638333032326238623261316664
34653939666436353632663764326433633535633936643535346433356534376238646337353261
30643661636466616134373563336662323165633830383236316432653636376138356466306638
64373134303536653566326665646535643962323336356464633863636434623232653535303363
38383630303634373535336165653731306337373566643564333932653535623064616339333638
64373739363332306331343231346362636132396566383337333237316166303864336239393366
66633631306130396532343835383831616566393737663663623362353165613133386534373933
38323735306234376463663538353931356364383736363831633562373162633237326333613930
37376235656162393262663361303162323565373138376338303833333032393737616666303130
36396265383164363161303031383165663734396562306131313034356439303236663933356335
32636433326366326439396466336336633030376566333037376362303461646563326330346334
32646561356338373639643464376333346164383066353561663866646464626137623862303133
66653036633337323935353937613162343738663537376436356532343835346566303261313161
64343265643031623465383438363661323036336265663530363765343431643336663464353333
66653934396661616363653637656438393435613938626465373965366238663864653765646137
61333962323530393838353261373737353636326231333761333238373561356130303564326336
66343030386134646138623734383661663331353066616631323538376431313832303631313333
62613038376564323437653835386163643966323033626539313138323463306337653465656631
38363533663537323336313530303834363666616363306235383962323730323166333030636433
62356262363535616234623030326464656633353664323662656431373136376638323338663438
66373565326363393336323134633631666335363964346466336434613564663564313539653733
65656535386461373139313338646535623961363733646566666665646237323638376266353761
33633932313135623666323233333466333465373563343035313765356635626366636433356166
63613830386237653230386430656539346463636462313437376437636435303462623335333966
62376464303731626538303135376161333333643833363361383236653966306665353631623766
31336165366533643534643836343835323464316563653561333535613236363766303432316436
63323435353833363562303437663837333064663831663333626262656466633537663566386631
65366537303133393566336136326264363037323630663931303737653362333966363737643436
33323662373663663962333261393234663735656463643934303165653039633263616333656531
65353435353637666461383138356532626462363036336261316535643332316633633264323931
61636265613162306239616165306665386464663066303431383465356133633461323935336131
33303235386363336334343335366236333763373962356531333962336439636635373461333532
64386332623837663130613633363533643761383033366137656537336336363234613733636464
62626137633363393138636530343439663132316633366633366231636363663734346462613739
33613336616362383630663662333765663430653061323137363432313730336534616437626364
62663535303335333136383635346364383865623765626537363662386365333837333731623865
33333761376364666163396666326534393964343666383430646132363533363134336130383737
32656263383365663838666639636364643365643734356666636538383235303432346530653939
37336163613233316334346530393736623531616165653836633030333931626232363734363134
37313035646439623031663235633938383231633361636162653265363838333936353338386661
31663930333533653130626562623831613731356139656661393930323166663661633666396131
38316263313238353464313261346261666462386435666232363434653161613537316631396434
65366230643730323264653338626465353638333238626365343136623232333464636133303430
32376566636265636432323564623265373263376131333635653561313037653862633033633838
33353339343837353736356238633239313239396265666530663737303430366662323061636564
65653437643263313638396432376238326238346263393735303530666338333466636239333564
37333634623231626363343361386336646433333830653864626139633166376666623132373139
61663863636639323738663936383733373435613433353437623563633464393335663139623334
39323036643063343639373835393634396136343265616536376534663065363438336635303534
35336334333334363630366262653135346263356132333338386133313231376133363336656439
62353163663233666535373137663731303134653463636166393934313465346162346262363665
33393666363138353836313837333432663866383362323636383832356331336462623134393635
37333831323664353864636461303931393464623631653661313536363436643465346633326666
64323166393439306538343739616263646233363935316438643834363733333833386562313862
64656261373161613531333838383263666366656432386636306464306161633536636166313161
33323936376337346238646361343335383736666166386531633865363835363066303563323935
66363463373866653664383165656432613339353537633333336364623365643236663139356636
30316535353132653135313833623863613130303462303332333465303837323538666136383862
66643038353537393363396662363433306633363462323763313736383962636237386365636564
35653339643039313265626165323264613636383137356164333031346632646136373764376662
33636666663364333737346134383561663639373133326137633533343630313837336336326461
36656164376135333833323537643333663838653061633563613866353830613138383665333062
37366632303037653130376139326633346334653635643935363262396561646162323264346663
61383135383664663438353435383231383637646633323966633133623435646664646366646430
37366561633361353034356634353563386139303336613735343262326461393937383939636663
64306463313334393363326137666264343333373833633233353932626537633731653930393337
61373532666461353764323937623464346664666135383961663962656262383262396237663361
31376562656138633663383163313566616632653563336537633661646333616364626333636238
64633631343163393332323538396332633035316436343734313137663438356165633136336133
64303838626565626131373533656561383664633335386666616136373538666138343561313735
65663761346665663330653461386332333933613463366437616363306362333737353230306666
62663339313938333836363463663935653830653539373739313232396234383536393435373338
63633266643335623361363938663263656239396430343931333531303862363132353062313138
34643665643764316330323464363764653138666663386561646334633733623038333463636637
61663536636138663430633966303364373636326366393232643730313534373131353634363762
34393138356361626136373737643662653332633932333939653033373661353365373331373466
64396539333138643233666566643066366637323937613338313633663231346236666236383861
35376532343637383136303730316463636334383138643062316462393530623435356238313539
39643262326139366238633734653239386237666166663463656435356633383531623539356666
32613236386463313231636238313561336264646463346434616562313031626138623934633262
34386231326565313863626262636663323232643165386236653530323665653035323664303336
37353831623331646435366164333465353930376437666364326531356563613661623039663538
66326230393631623262626132363366323239643861613361356165353633656133626438666361
61333230643139653732383531313666626331336264656637316238356331333466666466666163
38613236633934626461646466366162393364636164366433326330313933623439306566376237
33336436646130386339306262643834663266653363396434383262626266653161636562383563
63393437346535646238323834393764316330303338633834633061396239666631306130623733
61383631623937363834653739396633303061656633326530343866336265363866376136393762
37633934343431323732613831663865383430343763613563623434373565633462373664613938
31666265376666626564616333623835353434653938386335653838376232363930336235353333
65356234643961326162643138666566303161643532636165363635306633303862333363663037
66613530363839373265643464336135656532363337636435336632663765623837643938303461
39333566393362363861356262373437643131653831643336313161383336333264343931353030
35323464383961393233623636646337633535626463366531366131313633346533396539353236
37666535626136393932363764303030663831343333653637613130636637663163643638656164
37326135643135383038643064393935646230316263373765623139613262646230633863313361
62663165376237383834396561383034623232326262613961373133326365396631663339393232
30653235356662333463613237663762356366623466396532663362343066323336313537646365
37623736643965383062333437666638363435613137356430313637306430323734363937333234
39633862303435643938306665316263336433396364363361383765316536326664303661643636
66376230363936343635643030343665323561363963353433366262396465366530623532623361
66333739643036393161396565373330323330383263313665323361636338376531346433373862
37373337326339623435396430323264316633333633663966336230646335386534393837346635
39303133353238363265396436386535656332373538376466356136343336326664366339346662
65636433633132663366333031383535326137646661643030323164323666386630303836373839
33373434393436633136633230383432643365653532633639626537303761623836613132643166
62633965626637613635393239323236363030343133653265336365316535303337666338316464
30363762353563643166356434623231396638656238333439633237333366636562656664333362
32633436353937653638393937303937326364646233656432643630623534646533656533376637
32623638333235353139343732363164326266383933663336323032633336303237353161626163
35366132663163353665653732313233313532316137323032666565313836326162353663616363
63626436343062616533366261393531663463343430613331666338333939633863663563356464
64386165346230303964623334303963636434636632613739316633346537653039643235326537
33356135623030643830313964343166323530383965306130306436653633373463353432366631
32363932646366316661613639306463613935646166633537626564326264613662353639636663
61303730303939373432663664653731313162356335666532653231633431386337313863656132
64646262373661373432623066343566343239626130396662356233383466626337643662373761
64323164636665656462623631323934363566363238363633313038616430353330323934373232
34656537356138396336306637643434643862363735316364353032386130323166613461333063
32633537666633393862363165313234616631366537306536623231623331383132633366633162
64623562626136636631666132613565306366633430323935646132393135616239666538343933
66616138363139663639366364613631346133626336643531356430633935333939343737653839
36326331613963353335653963613465363532616131656164656563666537663038383062646232
34363963386361616530316332386136643065613939353562396239333761613039643133373036
35316364336638373564353566316364373063303138663538333062613435373035626535303032
65623263366138336230383835313637333238336438656133366637376563333562663634613236
30646336323431643432346334396638656531623564643762316566336331303437363632653339
33353938636337353334343161346366383261353464303836383631616438366263653864333439
34626261343734633638366261333637333235383061326337363630376637353831343833393435
64656463343363393063333663323066636365656137363739326230343030346130396434363731
34353361666165343835393235313236363633633231333261636663636137653762616138633765
30376339373038643731376462333339363732636432656362316363653038663466313161313932
39666635346163326536663737313762353462386461616538396537616439306233313339663435
36346133336435613661373234373763643836386265326130343038613431613138376135336537
31653730323638306132663364333165616164656137316631326166336538346461373836643866
61316635373735626637316364356531376263636432376131313533373337336261376565363663
30633762633731343164396365343765656636643532393133383965373933386131316638383465
61333531373365313666363865373930313430383563663363386361653131623832613235373539
65363530383632336535306439323435636163626132346536316163366365666330653533353937
61643165306166336333383238303762383439356233633632633735666666353664636662376134
61336433343962316238326130636134313637636263616131323566363363343238663839313034
35326636306632386237386533366435383635356131333461336239383666663033313736363234
36376230393635623963313437353337333361623364343764633261353863376332336330316166
32393134373530626631656437643739383164653262663931396133643461383133
