$ANSIBLE_VAULT;1.1;AES256
33653765646333396334363439616662666130343163373938393435643337643435663761363838
6463393530316163643064636234663266623435623065300a326138373936373431376464646562
64313834663366636339346139393166393166366336306466343337393834613830376437616137
3539383637353136370a393132393564663233346463633566333863343237623238376465376461
66623239356434363365633634333363333237666132373265353561643638616334613235353938
34656332613766393837326565383034646166393561353932356639323738383364306664653061
35333761663330373065356566336662333635616336313832633533633766316365386637343862
32336638346235666164363630663132653332663764623132623962343735613061623661663763
31636365366531373533326463316238306465626563386466633430323930393134323961356564
36653336393132633162616137353563376462653333643237383466323634396263653538623339
35313531633630396163323861313261306334366531633835313663356339366431353833366435
35666436653235303365623631333365613662626130396635376365336339333066626162333262
61623764356365643462393637333031653233653263303133366634313565303032623465373932
63646233663034333331643932313334376634393937363665613533663234613436643234666330
32333265656165656531383431633266626533363236633539393965633437373230363435303835
38303666633332643539366262376166353264373636363132303663626335663161393634343038
63636338343335653434366466313535653236653233356339373030363534336634383763353134
66616262303435653932376566393830363832623065316438393063636234356636386465346263
61633131656461393838643438313839326564396230613831366364383336343331356139373362
31366366373239303331343764333264353536643966376633613464313530613064656566656339
37653634653939303236636364346265373232373065613066353536623339646335633638663435
38653539306131386165623735663763373734653238316333393838373837306536323666303136
61323536663530613834633039623731373936663235363730636339653361663963383838386636
66313861356635636235326338666533363466386363356535656136363637613835383366623366
33613461346536373437356637623434383462303365306261623631653334333435323362333532
63663365633138336132306433386331633765643663333331303838353531353834373234373166
37393830313966373164383239643861303039303935616535643362376564343662616439646631
34313435626430623632383931316533636566666633306532663664666232393866616230643136
35353335333436633032653133396234626363343539326438663362613331363661636366306661
38323836373338663163613735396133323135663731313633326137346138613566653534613930
38396232393164643163366661653138366565343864336239343632373562323431313435383037
61636562333139626662316665386438363864356139383266303936393335393135316131316565
33666536393931303432323663353264393333353263643363653434313664373439666531646266
34633462353265656564626136376136383039366563316139666662363032393735303164306263
36643865393065663936623263363636343561343962663831366130663430333736363431383063
64653738346333323730386435623033363238376231663163393261373232326438613731393963
66346438316438646233353632613734356433636134323565663031333934383938663437313436
63383832643765303762356333653238356538363263386639373432313831626563663766396235
38636661366538326530653538353163303831633133386664643561656164333961626565363266
63663466656438336664623666613639363165343936383136343766363161353261376136326666
66396566373433326461316437666234333637663238623634346534656635316262663664626630
39663564346565663334313735343430333534326434646336366662323764623238373933363238
32653065656664666561333162646431626135306432386564616465613365343038343833353732
35613261616262656139636665366662376139626366343962363537636136343839646531323964
63613736623666653236633239653634666363616462346631663765613733323263656435616434
64666165323036626231316330363166313535653136303761373432616464616439346334306631
62343730383230636437613262333132366431303265653763366134376634376338383138313436
61396262323632333736666163336663633330366664303232313164326338663165353663346631
30396361333764646335643830323631666630393035383636353335366365626639393930383764
32323762306662626633663534643063396261653533363363613433343463363766353338336233
34376639653635376136386331343835633166353862396233316464356261646432326562373839
64323734663831363037643462323533303738313161636432646163653564393836653037336336
61333262306434333832373232306334336333343362363530666334663237633638383234376464
62653862633438313338306364303934336335633462643635363465373131393233336263303037
35656436383362646536313364386633373538336265396463663661343533663933623866366235
65663266623765616636666437663264633232373265636538653634333538643737333765326366
35613038343432313734353234656538363837376562306166316335656562666332663137336162
33383137346436383863623830666435376131646331383236343731396363656332646163653064
61343166346139623531343630356535326331656639343531333730336265323138356430653265
39663566616237333466623537356532373463306662633063306237626434616664393433636362
35633462373731313361633262386439616330323936373033616363393639646463323130363636
39306538376465653430643762646331343666663261363538366231313338353037366437303466
36663236316663353132383063393662366363323639613436333632396266393534663432666134
32626636303837353638613561316332616565333033656534666533373930613734333761303661
38613662666463663662356164636230633733396137353065373162323434383232336466393266
39303739343931643436653135303461336535356261313338663364626431316166313361343964
61346434666330613066316132303936393764336335373836316238363731323638666237666364
30613963313238333533393066353632663130376264336438373835663633633866623431303235
31663962643162316165316362346133666630373362373865653036353838373765653064373730
61303330313661323438323062666462623434616533633536343134633037653637623137633731
38336566306565343261336164353963353162636161613366613231383863386465363566383935
37656362383365303038623439396466363933343862306337643032393161303366656162633165
33373661303536346231643163363862633936613639656635343131343462393030376237333736
35343934643339663030633361613938363130313865316266393736376662373937383266373433
37386535316537623739353266353938336566356165633332376536363530323234303130346439
61633931666665376261313731313839653339633536636233393936613831303336616265323635
34313166613961376666616161393866393138303930623435663565323661313637613231393535
31623632626231653230393834383430616261366662616534366165636563303133393061643532
39326265393635636361383162336365646635303534346230356232616638323038633865303933
36633565633662653037346639663466323139366433333036393536643432613933653638366237
31613336306430663833656138313466653834396535636631653135656339616333346461356335
33653239393463633631306630333562326162306231666563323062386138333130373962366463
65363234333036326630326661303336353133663033353437333839333130313735396261646234
32643165306236346234626461353165316239313864376661396564393738373337653636333766
62383831663731313164366138613738633935613262656539393135366632356231326164636366
38353936353461336638633461396365646430653033333935633539616434333464323130343332
30323035396638653831393434633662316432636462343131333765633462623465643932663631
34353138633832663838646238653761386535613836623630373234383633323633353661386235
65393139363364646234633638346432623434613961386134353439306263653338353633616538
37666139626335316532306365313766616165663562663161633262333461393731613339303866
65306239303465323733646434333239646131623235646265363066643936666461303830393066
34376538643465623336313934633466323061333334303566343662623562646532326439333465
30386437656438353430653861346537373565623531353962383265646239386566363637323335
35396265663030653732633337616166363830373833356265336166616336623335633332323038
65623535666566333130656437646437336361346364393732613132313862643964393535386665
63333363616666663432323962353234666637386238343461336639343536343034363635313261
33313863613038643832356639626135623134323733343763316632663138383465333865623430
36343163333261656431323738323632373533356636353435656130663731323761373563316565
32656134616465373936326464376335666532613536373534643135366330623062363163346331
38623864326366613362333139353738313535616537613361663134303738646334353861323265
31313432353963633061356332343233633663373862653932616333366566643730353430373630
33353962363731313264343661306535313262623236333139343763316530316133633239346163
62643236613231376135623565626632383466323463333730326435643664353130323164646535
65313931326237626464633338343437336133353431313934366364646561396232343563313830
34313438326239393666373036613030353836666464643465343037393336653535373263386365
32613061643062306232633538653833343537633663323365396631306237613530623231353730
65313564613663353533643665346538313933653134366463323964366138386338663138366337
36626466396162333530303438633865653661633862366238613165653433366230363865613464
62343264396434336363643862376237613833633437313263333663353934313964393738623637
61643764643230343932326333326339353164306638336266646365363562666563633263376364
35666537373234383930363139626134343436323238393336626666396361663265623130643563
37643339653431343538663863613333303131383765646337373636373036613264616237386234
63306366366262363962656166353138316263323737653630633534626130613338313934353963
34343431616430656662343232383330396630633162656135373737346164623038663237663263
30313962353762333034623163376436613464383965326137336535366566343532633031316532
33663263636333306232613364626331326539383936316462383338623165353036343834316335
39653533356339343032313863303062613739643431636638373762656362323638643565373237
64613865323930393164323262393163633430353938623632353165613037366463303762323731
62643038373531376662316535323061333464386630626235363862366661393732636539323030
37326664326661663666333865313530373036653362633931393061366436323037313466316639
33346430643031313364306537373531656462646435666134393930613336393162653537393137
38303663333866396131303364353230663733323439373233376336323730303664393863386137
66343362336438623363623162633662343736373865383536623735323038613238373765346330
30626230363639346636343532663363636437343339333364653965323263353461386262386238
64626364636634303632356130336263303364613164396635356363666138623937343864326565
61366661363863646635643163323934376132313462343764333636656665666437643536323437
38326237313030323535333235343535343830656261303338633336633662303831323763323931
35393139636631366630326137376631656539353830646165396463343366363931653032623831
62373534663366313462653233616362313664666666323762343138653238626466316666666236
65383862353765333362373636623234316564636433303235313163313865333461333334303234
66656661326430356339313165333236393337376535633162313562383038353764626164306439
36333866613034363365336265643439313532653533666532646330343265373538313438393462
64373963393961303764343765646663353035343066306532316537346136616237663363343433
31623437363533383335396365326539643962366362303031313661316432313764376164616165
62383265373362653438666337666238323037386165383362373134306139616532666136376634
38303239663734396535636366373064353336646461393430343163373935343134313930363062
64373764613235383335616664336266366634336434633566383031336461343132666163363931
37663832616662313632303330373935613939323238616262323964663437353962313037663834
66333662623039333663646332303736613032396636636639656262326661373131343235653730
63376237623066616438633136393133386131303966326365373465333733626561656466336531
35306465373432306231363436383034616435316363303861373966373330386663323031643364
33656539356564663232386532393437373434646562323166376433373234626635343935343539
64326639633166366165396532383864626362396137613638313338636434383932356332376439
32666463383635356235366338376431643136333038613937643564313132346534353736656636
34306630306432343332643738396265626366663232383239303061663033363835643530343732
65343031653863623136303665646337366262376265346233323765633261336162373634663763
61346538303163353732643464643264366366323232306532396533333761376539323037336339
62383337383030326237656638393936653264643935653163386337366438373431383638323332
62326264323736643430646161376337353332363532376638636634666536633133353638393437
65383332333461303036613562653530323335633361666138343330636238626261613432323634
38376238616239383836333430383061313462633032316533646361353930666232316335363132
36663662393035353936633439316331376434663065316237336239616263336564373634666361
37323333306631383034613763663639396163393365623761363965323930616436386438333233
63383030376638303861323164643532386263646535653437393533353162363264306330383133
62393766353337663237303338353933303034623636336463306562303466626632646232303763
38623361616566393062386136383631646233316162393866356236636661326564356363333831
34353631613039633137333833383732623264356236646566343137653366666165613031623466
38616536653533333664636237636362316335353866643066363265313764623561373532333763
32623836653863383431393364343162363036333630616238633137643730376135313261366462
31326562323933663661636436666534373639383738303336393332393131383736353037653665
38353464646439633031383433303365373864643131653831393630623936383431376662353063
30353831346435323735303834343034366439393136316231623637663237326331653364333838
65346664626635336466356136386433353337663366616561336439323338356232336561666561
35353263373139313065373738363334663561373363633033376363343935393663383831363239
66353039646461343934343733663961633533373761343637636331373130633238356566353239
30373363646633633063616232663964373364303364306238643630316136663463353966616361
63366331383962383535666662323363633633366537663565633265396437323362626235326134
62666464653431666166663232643363663530383961373532306166663536363562616337633665
65383638333165306132393338646631653064663334353330323233356461306237663461346131
63383330383037323063636536383132353564393333633464383232643464353930616130393465
66363433386135636661373937333662396561363330333134353537613231306237323136393334
61656639313233373231383930316462336665366235613662346638343234666664666232303464
32363331303831353565316531303334653565313131323132353538396163353737
