$ANSIBLE_VAULT;1.1;AES256
65383337343065313332653635616264323461386433353833623663363231626437626466323266
6133396334626636666663323837646138346664613437300a306261383934313932656162626265
62636561353061356332646239646236666231363634646565306563666662653764323733383136
6331353339656539380a353561303930313462616230313838356633613536343939653730306231
38633761663664363435666462626236636463633835353161663966633337643332653436343737
35346233346666636366316138383563363133633238363531343063626161336364333038643364
31303965653239353162303666663964313866356531356633363639393435656230363865326334
39616366333964303362653630363539316337343535333136343062633861623466613131393032
61366566393362666436316339356561336631393738326431393038393361316336623465353064
64366364356330366334333232656162353666613035356465376666376536663635643535376130
32653833646231386430363237626533323661613365616138636565613839326236353737363836
39613832333730306332373937653265373633363264343035643034376435323533383863646236
34366136363839643863393763333531616236333764313261353266616235313831616131333236
36373232303337633031326238643335623636353462393865626165386434393839373166666533
35323332666433656330333966663130303531616463656439373838306266343238336334346236
34656566323766393935353533613761356634386136333231353631643061343763646432613362
62353764373931383432646361316661663965646637386136343866326633653838333036383531
62333432396633366639393131623965306432333865393235346265313165633465373833386638
36613439623032373463376537373134373162343761623663346464306334363831626534353433
31373337383231313164333039613663376136623965353537623835313434303431323761336266
37373936626339653064356364333938346661303034303765363239386534323739363132333666
34646534623366323738666332383362356662336238303834353466383838343664656230363865
66353739366462643433366639373338366138646263326631613366376132363233343661346130
38393461353035643431643761343461396566653231376539646463323235663634326135353565
62636333363938343538343233376632346265363065306430343430353764356432396436376438
37376363636335393639653837656337363932306337633133643766616536633139643832666631
30633364663538386135666338633461643937343665633832333637313765643164643265383731
30303433656539313338323035323536306661383238393638326661393762356165393031623565
36386163353630343461343135616261326634653231656234616338626338636265646466633534
33346265656165373339646163346236333364373731313635363661396533633662393830616535
64373830383764353533303530386166353430333261376134636161346632626435353139363130
62353331663035656634653338663330366534633736613337323037663038393437376165343262
32376163636165396536386566336565373037333365666239396434356336383864636433383466
36363930306139663231343036303031643161346330383434383736323639333038383738613863
39356138303837626337303066336533373861613434353539396531363066366637626665383337
31663935663866623732663931386661333562326664376664616432396562326639306565623431
63333963663238666331343365386464633463313732363766633363663730303930623930303034
35623932653030613634363931633436346533306237346631616330333266373965393730353538
35386232616438386631306633623332626436366532353339666263663537323663636637323337
36346162623539643364373038666663316234646635343137643433633732316163633064333961
66326436616237623636313362393862663435613935306361393665343336626335393733383131
62396665613161636266323263623332666235306430333862393234396236373636396434306130
35306637343861396163613937653061303065336234633434643962376332333662366661386232
33333561666138326263663162313863356631623034393231346437383738383438393435393437
36376464633835626534386565646564323261663833376436613438356239343564373566393762
39633963626539346663353364396335653035396439623130303064353166666437366466366537
38613266393538376331393463373032343866356631643834626334316432393135393764383332
66343933383538383032363136346365633634393466373330666331393834646134396333653463
35643836376130343363323530353036376664613564333633343264663238376263333663303938
32356266363034653335303233363361663530376537666662393836303264363936306238333035
36303234323639313566373739613131326135323032663764383361656338316231333933396162
32326334623131306130646561393962643264643039316638386636383164393330643839643763
64306239633930633865336463663138633634346561653637376261326136623764373962316638
31333162333736383730363264626137663063616161343964303066313634353263346436323934
65626130356261383034373238646262393432653534653530643230356632633835633065666139
37343138313934386630326662373165306235303037653034386532356536356264643462383764
65666436663137326132336563393338326135336264663663346435343039656535376534306566
34326635386464666437353039393562643063646539666364613136306137356239316361326363
39326632633166313637363764393334333932666133636165333235643332633836666530633361
65366233343231323263343236333935373664313737616533356565363939313465386338316133
61376663313337653461356131303866346264663761363930316131356334633830386162373432
38386236383633333237323763633033613662363438376665646139643665363366393434386333
31633132663538323137653261613632346234376161616161653338316534613035656635383162
31613035363036386638653762396164383334376436346466313037346638366563336332626463
62386265616566666236643465366334616266653163613237383331323463363435373735623065
39613466623337343833616261396230613762343539623632653636346533653063356336616363
31633534633634326537306430366331303637663265383234393132333738626266333530356135
31313365376664313562356164646266346266653762626531323733636338383037636363636330
62356333333366616163623538626230393162333463616265633230643733623334393638626666
37666162646463643830373636353137646431633033643962633538396136316465343761353431
30623638393463613038393233336538656163326162323064366164353438353439323431663533
34623438326663356131666630366462316331373732663836613062613263306161323066656239
31303536366166633865333663643433393531353264643761353965623038356330323764623366
35383930386435613134613736626663623466666266383565393131656565616363643538346263
33336132613431303231396631393934386330633638663337313466396262646336383639383363
37633766386136663536393735303163303764373533666435656563326237623337656535366339
63356634323836613762313135643862616162366463303833363965353461663732386465663663
37393862306161643333303931386364656336373034656234633734386632316435363532373063
37643565303463383464646339383134303235613961656633653636333836613236343739623330
33316262346537373736373061363261303531366263653163643239363934313733313936323239
64623564376562323566656539623133666161396638303430306262633230333334343065393736
39313430656663386531356162303437633063303235636435303561666561653835353533316334
37376264663836316235333731326230376337383339633931646332643630333662666239613731
63666638663336653864623230313838656630323739313465656231346639323633336331333532
30616462643532326266393230333337643363656164386437663236333635306335643833363831
34363461623166636564336666363030306666333033643139313635326566653934333533613062
39303737353234373339663831623666343064646666376439353833353666646437633561623635
34303839633437633735633433343265623662633934633865336665393232386161303561663434
30333136643135653864356531383063623564623862316230323636633836326533366634376233
34623465623761336361363538666466623530313136613835633332363533363166373337616338
33383861376665336437653436616534613430393764643734636166366237626137663932313361
32633336633766316264363535653164373538616465343663316532623463623261386636316532
35303865336632333866626338623131306335393464633734356431653662636131666233633263
38316535333233653039373931333166623234346339613032373562356437333934663233343963
35356263356532353032373437303065663132316335626364343738363933636637353763363835
30396639663039306235393034633536366366353938656139626434313738363862663638653333
35623062666464636230326266666562326566353664383331386164316532363333353635383438
39303431323839373665383337343734636435623932646434303265336538366230653961346463
38643963643337333836333266393438626433346538303932356366353239653563313462623962
66386336383738623265633830336438616435303833653438343836396232333032653262636530
30633039646563613465643661636131323461353934633564343435613434643637383066666263
61616564323538613535323839343563363238633431653930643762633339333363653032303765
31363133646137643138393364353664366364326530343334313331626332373531643038356336
61666664316562303232373334383931333766633261663336376561383734303437373738643433
37666437613337303565626432386331646634653030356465316461653961303731306537313031
61623561333366303639663461653164326161633339363464323264333632653334663063346366
39383963343366383761633735643138366462326535393438663436326132616365373433633939
38343633303939356262376336623135393837633736333030333863656531666262653062393236
63343265393239343731636363633262316133393064393835626135326566373361313766613832
39633331613364326362666138323361373337323565383736393238303266663131343664333766
32336137323336623838386638323536666431303538373136373963386439313732316464376539
37626566353633393462633733353365663932326339353232623865356566373564636164613961
31613266336663386237633332306535613065626563393232626666333932626230643164663533
38373234393738623364653266333332343463313233393563633864653730346662633366343838
31303162653439626530383639623337396535306339373665386630353637373131373137373335
63623866353232383638383963373666626134636533373465313034663137353538353163613333
33363564326662633538383866393933393436613539636334643936396436373831353130373462
36326463383037316336336565653861353237363961636238336237643138306439306130383134
65656266663930373364383864656262383765306364333763373830366339383932306231303938
37353931383634666438613363653333613337363661313933303336646463393965336532323132
30656335326266303134653265666535646665363466303731316464393438383835636663366461
33316439366638336533373938653963646339396637333034633066623966333766363565343139
64653261323364663566346639393438343032613834333132363533393065393464363039653163
35633262336336643039616166646637303033303764363061346532646538303739363434356363
35643339363361346533336432656562383162323661326331653438333063376339396135646662
30663666616530646364623361633537656161393334663836623539313565613364316139623765
39386662653136613264356130623333663833356137333036366566366137393035666631373134
62636436626130376639663736306530623463313364376462643831336161303465326664613638
36393262623366373665323562313433373434616435626533323036623765643963643661313934
38613563623638346137663962306366623330393431326235333136666538386564653138396330
64386262366636373362653834386366346266373961376230326231663865633933323730396231
35626561313530636334646135663862393830326331313733303633383162633066613738343237
61633334616338326138333037353430663633363063316164306661613336306363393063643039
61323765616136613131303731396134306235636435663032623466373637363339366136303533
64366132356464313662636637343032326431653339323061633839353537383166356435643062
64343437336337653765656130666431366164613436376337633466356536343463643363373837
63626637343064616438663361653539613562666632643436373566633536353338636234393461
66313438613366666130373038313537643237633431346135313238336438313366633265346162
33306539303364393039616432343163306262623664373131393932353161383631393937386464
32366131373963646561336161316233313362386432353063343164636637653237393939343638
37626433383932393930343262623233363239323532373533383336643833393833623033376439
64646362343834383930356363363362376438376233333264636361653736656666663266653163
36616165633765373034333166626163373037383762613865623833646133306530343538363266
30363466666337653862383432336331383466663136336665613765643034613261653939383061
34613531393337613265353061616664653530646237653663623461626465633633333665346233
39396637333562306331363065326266393733626265383561666561363965303930336266373235
32323332663432643365643338343563366564313761343538643037336535653961313636646533
33363461653765646266633537343064313666366430373938663930376562643162613265636431
64666436323335326538316464396537376230376536393030653866353933666230643931666431
30373230656530646435393534333033373835626662633438633935366263333631303030633933
36326531303931646135313636663433653566343833356437373264656364303038636165356637
30326433613566373837323935343235393861633764373832356139326435663861346632643034
66666537343862366135313933303836376663346231303630353836323264306132633932646138
32336431376631336665343936386165616134643833313363353538666462383961363338396532
31326661396431393634396230633030643131636130333938383938316132336432626363333631
34336537663931663439653131336338333637396639376261653130373365353262353834656333
33623332376533356562303638353236383234393665313534376465353666303734383130616231
66313732663137343533313239646236356430616432386362663263653566383264333663343563
35336131323665316362313630366563636338303565633561396566313936303739303866366663
66636561633132643262343162633163323931386237376534346465356638346331613333643636
63626432656536373834626134666334616232663439346139336562616139643434343438316662
32623435393538633730343836383965366536333565323361306336646462643431356131333664
65336533383835383761613136303636666363333561356631343235613164643534656134313165
38356232663636376461333438356239383766616234366666343161313862343465393264346161
64333937393065363136633536383633306630303337646639663735376235663334663636323537
35663366363264376535313032353463386662336365636134643133613234323734353930323439
31356538663166303063396263613135643832373034303961303963306235636365343637326265
38323236353236646465346630316464376634643965383836306463666534613834653532626133
33616131663466313134633366353862353932653038303032633530316161653338633132373030
34386238383863636132306238316164343430623030633164663463643937323936333439613963
35363335653638366533646661346264303865653234656230646262643034653163336130626362
66393036303538633836376338316136653837613732393937373065363435376636626361356165
30636633383537336563333635353930326230613235363832396362653833613266353834653737
3561656338336430303132643432383532353238613930356636
