$ANSIBLE_VAULT;1.1;AES256
37623861656437633438623861393561623365346465643934663532666430643864646665633636
6537316337323764663065313738303061323131363765370a633431346638346164313138376638
32393464366362363735326165363337613664653032333262633931333962356438636231313032
6332306164396466620a306336383431393932363666646430346262623139613466643435313935
66633339613865366433303038643164666363386562343164353566633539656130376238643938
30333664376362353836613561386436373765313738373034333664633061613764366165643462
33393863356339643839396636353432346162373461373834636138393861616630643231326339
32663238323430633065383864363534326638663635366231633462316230636135646261316665
61376632366235383534313466306639623966383466636435376662313262303838363134303234
64646130633134363530306136666665616664333362306638646664663133633061313334393562
31323033303766336531316234373936316335653130626333373462623835666632633061386666
37313036356431303738376265373664336266326434323066393433343164653130353937653035
35306466366635616333353030333933373162613138356532323137353636303662373738326566
32326632396464393535646330363935313233663133363466356263333536393762383236336432
39353662303039316161383631323339376666646231646633373730623038623635316436346135
32653238313334346234313333316665303866616239326262326662616635316362303965613763
37366133633839386662373566633838636530336433343739653464366334353234373537366438
31616531643631353432363532373466336333396431356137316438666463633830393763363033
65346465346365666335353064326561343363313938343163343163623865643138356431653439
34316466383730333233653864646433353434353430656532323031633034333733316638313765
62326231346536636466653262353532383964376139356364353736646237326539396437643931
63363063653763656633623537313262616366653830663663323135303539633038306538633535
65663438303732356634336262356434636239626638356233343539646561323866643964316632
39313432663233633766386262636361313730653130346339343461623462343965333733633866
32653236313138306435333734366661613264313733636633623962323138666162363261323866
31646661366331396533336238346166613935353032616434326238633832383562393432383832
30396261623034396362396365633664393739383930373464623732656566343166363363616232
61363637663033306631333139393062656534623235613666393763326330376164306263363965
39323836653137633936663562353139326131633162366666613837616562343565306631646661
38306130633439666665373964343838323532633633663961663564326466393931383438326161
37613438353864356130636263326135366137653962633132653031613266353935616232636136
37393839636561306161383235306666316233653832376632363033306661646139393931316332
66366231633332643835396236633238643231386262306462656330653564316335336337333763
39623639343435346561313831623633653338383939306230363262633338653233353230396366
33376664666463386438373562626630313032613561346333633666383065376538333661616465
63363230323262316331353132333136626333336666616239383537306664656566643661356139
36323033346536336263643566353437646639326232303962323431336534313565666162646332
62656661363631376631383539666332333237363631333232643239336162636162346566336465
64363139313732643035653437346533366262636265633765373662396338313332346433323238
38343730646230376637343066646564656331383265656665343531326365636262333862656663
66383936653263663061323266363962376266633436666466666134386566353232383863343462
35306238666134303465643266623063303763303439303364303361323465383361363234343535
35396635353137653864373261303935333631353464343033333463323762303837393730363061
38646239333061393261666139376139386236663039623263326561343438653661393635653638
37343266316165356437303538636462356533303637376662396562376334306462663233383737
63393232356262363936316661333761613034346333623938333162383935633363623631303162
61323566383165623530363462313366306434326366306263656537313935313063373430356237
61336338303737646266653234386332663266303430323134623535653361323230323435326539
63323932343863636166353162616635666563646336386664353832353831323533316665303633
39363864326236393930396661343065373230363530633166643937393936303435383532376363
64326166393038303435303361346262303764306136633636346562613934343337623939313264
33386330376332303032356366663031353238303338646130366666363336666537326165393562
30346365316634626232343235326264386337313738356130613165653139636463346661303436
63373837383761633261366431326235633230373763343130643231653263336362356131343761
34613563323834303530653264323734613731303237663264383765336234353532653064646164
30653030623864303238636261333931613462623061653038346436663934306463613262653661
31346635373566333439363337613363326636643235366236613861323262613663646431613435
62323632636337633535666239633763626663356661626139653634326636613131326561303961
37306138303865386664623238643664646437303832633763646334633363373866336137653633
32366162616461303762613939363932386662383164316330303863383663316466373638396164
33343766393437326235623466613861623739356265633939616165616161373935393362333836
33623465663533643661303231303735646439356464306163366239303265663339646437663935
35393233323136623462626231613135383136393932633333613039396665303563326533376637
37636564633162636537373637613936636633636530313766626230333230636164633064613861
64386132366264643933633837333636353133306162623863363432323139303338303965386137
38303636623539316235366532646630626132326238653337376334666461636431306166313865
31343262393762376231656463383530613034303633663639303630363066393438393139346139
63373666396430303765303262366562363139613566623838393761366433653466663431396665
37323336323931666635643038353536323631373939353035646361643134363664666565393836
66643261636634616661623734643465326363313663376265623662306361336664313839623539
62323833393962353665306337343137316537313235616234663638633764616532343133363535
32663133613132346664343531666661376436336361356536633838373037653866366336353630
61333236333736393432313233646366346539336638633433333164326634353138643461393039
37656330353639303035663461643966656239663137313637626564323530366663313334373136
61303765396665366263333635663334373533333463316432303931633465613162316138383464
34336537333361613462353063326262383632356439333461373764366163366534323434656334
63323264316232326132376236313830613537303862306236386235633563383035326163643332
34373135366564326136363463653831343262313761316661326131613562633863633135633931
32633135363064306364313365366533353333616234623966666164373239623838323465623138
39303465396432303235653065363833316335376361356631653338366430323038396235653564
63346330663239653732393564363461323630613935316263303338343836613632346266373363
64626361316335633261323666363161386432643939336330656631616562383932376534613061
31353638306662636336613964333061363338633639383563356437363231336463313236333133
38393166316432646138613862336430393036326634346438353434616434323737323534643432
65313162326265323038643438656338393563336533623762383661373861376161376663656533
63323663313632306564393764326332343439633863643431316661333262616463313130623335
63646331383362356365366632343037643465303563316435383665326236633137653231373731
34616238616330393035316431353037333533346437373966353537663661383832313839393234
37393930386566646663646139346462353564373364303762373832656136383432353864323965
65366237386130303231393436383936643830666462616365386636623238323832656133353237
64386237393030366434623238633839356339326535363133626662373536356536353566316639
61323835303433306365373830626262323936613666376661626435333033353837343137346139
63373636313664646163383161643534313632366435333438366539373939653338366335616666
66663062636339336337346332336365623861353331353135623932626534636234636434616135
31663734316564373538323435343038626564663531616363343334396463323330356434306265
61613235323938386533316661336164393839616436623164373230396438653164646362306334
61653736383935343361346632343635326632336534333230636465333336326663313331383533
33326230376263306134323663646262303033376638313930336133643763663664646434643038
64326364633637366136373462353065383839343234373233623737323439383931346261353330
61363131616430643161373534303336633061313566376365666364646430323631613235303932
34656332633363623663313561633765306139316636643066666664373466643234666265396663
66353834303837386339663338303537656531616361616236313166653365653036636337343534
64666238613536633134396463616661656231336131326232306239396537646533326239656364
34316631663233363637393039333965356131323461343465333032353963383434353830326538
66373661666230636664323232353336616261393239373964643133653566383633326433663736
65666234663435346136366538396236313532393834623732656161656165393534396532373735
66323665646536316431316135346261353533663333316139356365663934313630636462373733
65306332356664633537653039636334653933373365666530663137653639326330393666636161
33336263643138326464303132323462663330326263616536336136396535633437313637613964
63336431616136656561383964363039653436396361643664653132313565346132656664323065
37306366616162316466376466656562343333373066613166393836326232663035316139366565
37636131383534316236336635373364616266323365383038303934346535386366623338653766
35333163333239623834326337633037663265386166353339336264336264386437636633663366
66646662623063653561343933303530366465323633633936366233656265396434626130643439
62616139363665616137376633323562663232333430353161643336376166323636363630313030
36663762346235646564616235313333656234303166613239343365363264663364643439663431
35336561616234323839613330646262363664323937323763353936323738363863666430633666
65366334336231656466316563353337313064343962343434383336633933396235383666303032
39383762623462656430396435316161326132303833326231616334626166383663363833383631
63396138653939343963663935633666643733333561396265613433393764333331653262323861
62393262303034346237343964336564373263316564363065303033646332303363646637616330
32356533316335653933376665313262356636653336623931653336363063653731333034656661
38376633313135626338653665306433616165393436633931396336353138653839383637333965
39313163323238333366373761626139346136303931363536636562393566373031396231663932
62336234383462353266346461313737346165633431653965363231356261393663346433333334
62633234383537393061386230666533613361366636376631353730613965306235393638643839
30303566303331356362383533393031313764393832366264613037626638333564616537366666
64373632306633383238333063306662343664336234363562326331373030633163663736356435
61653665373833613134353738373931373664396536353565663637653462623839373766383634
61626464613231333463376538363761633331643334306433303633353633393431373137386664
36396430363161653530643036303061373039633865616333666633353730306131373566303437
61393966306636363339313534316639343639656130633138336639396237316139656662356238
30376363356630386436353032333430316433666431366332313265323238376437356636613461
39326438353634313734376466363066303263633765343961373037373830316236356239386236
39393032663733326633353430373934346538636335303361346130636463343330626462313364
35636431613862383634366531636338366466303733656438376635636534613365623732643438
63316538373533383937346363386166613238363732623064323565333430643130656165383561
64383035663165306333663337636136326365656665356132333330303439346335363233653162
32316235313337336531653239363766363839666462353639636132386266316637636536633466
36336361323538656633313364393739386134303463623537656666633362313261643863643465
35613432616263616139643462663131643833386333393337613336306236323066353164616163
66623235643561633934366431623264356132366137373561343862613434386336333131386631
34316561363836623931303163356234366461373866396133616634623964326633653037376337
63343235363733306331326463386162333863633439376437313763376662613636313130653365
33613833323630323537333533636238623839326264333237363339616336616433353338306331
64313630643133353039653933383061383064306466376463353437396233646137613435623563
62653837343465353335653036313930303630383966386466663336623131666338313133373730
64313434636366663766353035353037303932333163396234626661303431623235346232366265
35636238333639353061353938653839303132663835363339303237316365326362373735663836
66323539373832303535663662353137313964353639376131653932303365303031643032316435
35656161626564306263333133353466303964623565646366633465393965376437363330653965
38613233633763646564323231623438393730666265303863373037666633636235323038336535
31646437376531633939616437633363616239333666343362313236376162656630653363353836
33356162393665326162333263666238306539373630383736333732313739353161313364616139
64356165376131656435646563636265636431373932656363666336653438346536383935646338
61653464393437363865626661323736356538666361376464333361653639383535356535373837
62333036336633663162386636376639376562313135643263663363633661393539656463656463
38313431626133666539373930653262653135333336393865336439653437643166356337656338
36336266626431346533356432393234366632656634363135653037616431373034663761306666
33623138386666663362363038333234363932373534346663343735623830343063653437313839
31633331336265636538633162646334663565663964643338653431356666663862316634626138
39626265343732326463336133343861343866623933303462663836316633653563366130636566
34343939363163653630623065363135393566336437303265343365336134613438626436636133
32356238353239333038366663663865646434383830643436363034323339323538666361343134
32323631376637616535323336613561383162376232333263336536346231636262323166353631
65346161326135343137326439356461656464343634373633656336636364663632306130356439
30363864376633393964386333346563396239313537303938386537626631623461666161373165
31333064306335376636313565613536303830303938333239333836313961656261303366613837
65323231323930643738303464646635306661393534316636333634346435623562386139373034
38346133366433376361623866313737383632656636663763333763393862666263343763373461
65386233613237343434643533363261313537333131633731343038633231333066396431376266
38646462623731666237623061656262646435663132633931353164303735633637343735336133
30316331613338343162633366623137666438373765393238346131656164393566336633373931
3939643062353535333132393236346364633065633338363437
