$ANSIBLE_VAULT;1.1;AES256
66323862373734663238626534643136366633366530633230643638656537646363366465376433
3665623162653561363764343330663334356163356564340a623738613166333539613062336666
31643761623538396263636533333763666430373537646337656235366665373835383436616536
3165663339316433610a303038633139666538373364363936633432666630356533666630393134
62373438653062336465353265366430646238396632656164343136643761633266626438633230
38336230366466316638376365373861346338343433373564636164613830653063333435626664
36356363396338376466643937336263363962353064346137623536343363333033336432623365
37393338343035386238303863393231366334643564323830333531313062306534326235346263
36356565376466323434366530383463303538373633623562386532356163623066343065373734
32626138323663356534363530616337653039663062353864613136383261383563636363653834
33646431303038313862613835623462323866613361633431393438343261363534373562396236
61623739666665653031653166383133613161343531336238396536616234323731653533613665
65633262616634383630653934653533376638646465336163336136303863373162306334323039
66333230656266373334386164616465653763623462656664363438343763643166383330363536
39326337383637633562383563343765613438633230323439363164346237653431663366393732
34333639393563373230326532363335323563313435313162626562643665666332363661626237
37313037663935373735646566643661373133383635373864353433323433323131666137616333
38343537343931623361396232323030633937333631633532626338376230313730323361666661
64373565333039633064623838363639636666303236323730613838636563356666343437323432
35303032336464363865336534373133316533326131343765653134656463626139656437383230
64316564383737373532656536313663326263633531376431333837663831646163636463666132
63343433303637336235663035396463383736643261393632336462373364373339346364626438
31393631396138613935336638333738656639306231383735643264646234393466663565353733
66336366313361353764363135623030396430663635303665313030643437393564373030363432
62313363663462376234363464663733666166643532663034346262313632336461376265653461
32333436343939356633663138633065356537373830313530353636613762316162396263383066
31313035653535363335333736653337333831323265666635313833303737656664356538363535
61343765363339633962396335363434313834643139353165383066313133353035616364386463
65656362613332643430376161383533306436613463303666373338353631646163386435643264
33303934633732303232323836353239633165333863353061326530366436366334666264396233
64343166633934313564666165336232396166383732633962663564346165306336356462313036
38613134636433303939623835356337623330346439386534666336626366653461386138616230
32633463653935326634393131323464333738306238666233336533666466396334663165663161
38363663616365633930336437623336623265396334653232386238343630646161336538373537
37383234383635636562623739383165333731643436656535316235366665386566316437336638
64666164636363356533316437356138363464336435663563326634613262666166643163636134
34396432353533316263356139363336643361653530326166623434353764396339623637656339
66626232663139653935663462343965613034623465393365336131303738373263333663393563
38396537316535643165383438633638313039653530663439303362323262313636313966353137
34633833343130633237613935643961623164343363363163333238353033356537643236356565
30393339353635343361323166643862393265376361366266323437656466623930333133343635
31316237386336393061336433353533363731373138323639623739363265386434643934656438
64313465303536393337343531643530333137373963393861323163626163633639333161386330
66383333383838323637313231666234373435333137636631386233626139646535333135393130
34353230626234366531623037653736386465303465653932643539623832343865616263646434
34333433653264353163303030326437363964376632353737336262623762343962663334303536
37333661313336376539313134376639643739333231666431656464656464323337313761653233
37363835333034353839303466666635396265373863343262633939633033353537316136623533
61623335653365643436363836383264613839313039343939373063663531313339663931343834
63346365326462633432376237616261353631643338383739663339393534313637623462613261
38653532386331313930653132373836313534333363396139393834393831396236386238636166
33333732656366363737383163326364343562653339356431363031313333343263343530336132
61653561336161643066303933643163653461376632383066663161343537353366383234363733
34633438393363366162323361383264303666626164326232393536623763343938653963303266
37363661653730663536323636643330343438386263336162636630393262623063333765333166
34663265363333356334663266623163333561376661313436653936343930643533623433383236
64643863623435326337313330376335323563383139626438666361313730333162646331323932
32663930633239336234616363343730653766636139623137396434303030653963303039646664
35333363386665663364356364383461653265336331316233303730333461646436623136653666
61313965313933633065396130323263386665306266303035356635396331303230623338353239
38363438633034613966353262636138383066326334303735376235306232646435323663653633
33316532646634653031316435663365303836613034313830396339343634363830623335373836
63393637363664316235396162613834316364343361346233373166333837336139393561336262
33333539376163376465366335623031666639643463366664363366626537396135653561336162
30666461396365336465303662646533666636373263666631393961323462643561366534653139
66353535306135373961313137373766633561653533646334666130633866363465383761663566
61376137346633316562626134323263373361666134623735666334623034613164313936363935
39626338346138656138363438373736613963646336653234303139666265386466353436376131
37653530363334383430353130623233343764373063393634623761373232393965616661373534
33616463633964316661346231326666303439656530636135633034613136323563613831353230
61623935303638353836366366646465613338303136643532343734313131633364386438326263
30396335626435323966363036333330366137646537313133303532356564663766646562323730
38383766386533356536393038623539313865366531653931303463363838376537623237663764
30343364376330636331646135643861363363353236643363323164323163643536623133373338
32336362336234636165363061383235316532636335653134326634376631393336303034326338
64316536313961386133343862396335343365336133636566636634303937613066623336383133
62366130656164356437643563363666656161626636633130353061353862643730373937363839
31323363636236386665613335646165623838313130656234323331366239373161313635663963
63616538643061393462393831383031646464666138303239353138326636326330656661343839
61623830666461336562663037323961356534386361373935366565646338653637666334323238
33396466616261326166633665616466393766353039626139643162666337363030616363656166
64336339323534343361666361623033363139306163393761643835353865323561316366383063
32333462323639613030343835336331316261663833376439323836326337316330376136363163
65353932326330373734343538663534313263393438363638643336333765333137346663343831
63383335303031363863326433663961393162346365353962666338383831653838643462653535
65323934656165303166326634386163343736376235633231663765383331366539633762316134
31353736616331613534626662393233303030316436633336363234633763323737643635323939
63663032633836623766316231313965356533383463613835373733336534323464346266613564
38386636613035383233613033653261373432383934663134656630313766613237353634353430
30346433376464333963623136613534616465656631386234666561663535303865343862633439
38316332353466386636376562396236333536303039636563393764363039653733393466313362
30383262643433333739653366376637643533316136323438303535363738643161663235313164
66633464633130666262326538313062336637316236323133386536316635353833626239386539
64313137326563383064633366373964633362363232323337363036343032396163396565336465
61383062666530643736343035653739363630323763663235333364623832636631636136626365
63383364653566623433393137613339613065663065666537666234366563633236333130623966
31333739376131626435633134313037353933326434373137363638663261636565303564366266
39373135353739343630623033343835643063393665373135373461303862343364353364313666
31626562636364616261323566323634656636333331323934323133653039373765336435336636
32383766623034616331393564613431373133656166333838316265316433333030356438366661
35376134333432643238326434323036316361393561396364373835653761386134373536613861
65353532353135313965383232346335343262616230626530346262613837666566353061333162
33376531316265393966623736646532363032316162663131633466653433353263613538356630
62626363353934363266346530383963653966663837383432376336666561343933643362333436
65366334616563343735666165393132346662356331343765386534616266356561343631643164
63323835633264383430643030366662636461356638663832346230633936656434356339323462
38393731346161653530646637386362633836333833373732393464663532633963306365366637
38616135633935336339393764333561646665623161663333653664643039636130373336353031
62353761623366393930343464383061363464343735313339613262623462316539663663313136
66643432626139353636393038623963666535386632616438333761333866643664303265663463
66653232633837613563623430663237356337303032623761626332363239613064336466636265
37646564326633373839613561663739626530363333656237633833353762313339646562643562
30653565353933613131343664343965336233386465386133653563376665313564383338613965
39373030363337353339656134396532636365343932376338393034386261306564363139343932
38376630336232656536343330333163323662343766353030386336353738633864623036663639
30636364623434313735376166343661303738346438306336656332643830326561396436323031
63656439646632323965653263343639666631316263653135643837396566356330303035313534
35353061616431643839313634383265643536626561626666373030316235373963316238346236
66313366313364626163303265353861623565376237613635303938633036306565336262613339
36383732343431393134666534613130326331613265343433646532323830353362393333613332
30336432303731373837356336633964616638316364366461343034303966626131656233343864
66633533333535623862346266313436383135356462653964653035376336323833383830666364
38613930366361373635373466643536303032326535353631313365343338663366633630616333
66636631313137383662343830333464336538316636343537386264396534323738353339616264
35636634383139393232393463363938323164326163363531353933343737613963386165303563
31346261366536326134336666633138373139336263363865306530316136376436666239613931
31323663613639333832363064613364643866613534643237343430643363366534643538633135
32376338646633386233613039653338626461653531643839636465386530393162663437306265
35623666666435383662366664393865663766323030353438666166666462656135616361636365
39326337633965346639616366636137313136663661343066343862333564376335356666373131
32393836396432323661313364666534343865663163336263323264336435313036336234396534
35653463343630386662353639343538343132653964623666306436333531363130656562303066
30363135373436653161366132616135306366303062343539313635366562333234333362323932
34366631306636313835313462366637323364633334656464396233356238316133373466356434
30663763666439623338646538323637326564313538356236386532613164663632343461383532
36656233626638323765646237666530363236613835633934663930623131653435316334366466
62366637396135623066626237383732353332346265646133636634346330623136353764653731
34383138353434343939373361366238666434373864313135393861663331616530346136393330
33646336303133393637666363393436383939316435323439666132313434663538396233313338
35346433616332363961666633633663393861366433303135663862326136303438393936323934
39336262626566613732363662633233376339396433623235346361656533326433336535363038
35636239616535666361623435316434646634653835373763653434626336333932393264383334
31633133366236346636643963656564316539316238336639393165373633386331366335643364
37623265613032663336623765656435303037313361623334623434633866393661636431336634
63316663383562666432393236363261346632306363346535326533346635333936356536633739
38366133663838343334306665346434303231633836343965303361343738343732306237316333
38613665383037623137373839653665383366363363373366313633303937363666383638613762
64333864653430353332303866343230613338613736343634313037343562313537386630346264
31626236636133363762663633323862666633636666363136303861383335353138626535663865
35663966346334323931343831623233343862663833343338633930393362646434326631343637
31333237386635633935636237353831383638633130626135666631313864353732666262373335
62306334613565366466663632313666663832323738653233616462613932626531396136613334
35626162363661393538653365303964643239616661656536323033333632663464306333613761
35313832363235646261363236656566353931313132633763663837343635643861396138646139
31363134393631383635623137613731373235613131353562373764343764663939373665313365
63383332373932353338303766303632383738396332316330393364636337306434386339363336
30643761626362653565326464323961343463633538353366666339633730396166393937303964
35386164303561646432386161306238373034613466376563333230666261643366666130666137
32663631386436316661623964323066303431663039343938343737393733386566333536376432
32656666336464643731393665346166623535343636626336663337383165633535363137323830
63633539333233663335396138303135316431663663326263353533626230656361303439333031
31303064313962303562393438626563353631386632656162616363313334623335333530633135
39653330363033303939353065346233346561643637663936613263663136313830626234616133
61653266366562623934353230323236613865393334653930626533633764303439393638663266
31623465663035326133386530363534613662353036313364333335306564613265353735373330
66383536353537613561306436613133396631626136366363623532383035306538356364383465
39613437376434663530396632396637393532303239386131343135313939616432646132656233
36623536616231316534373939366132343039366539353566623264643165346463616137383965
62636632383465613431653439333335323839633961373033356636646338356431613266356665
65663161626535383630383836346461623466323432326633646538633634613037303434633265
62396565663766393636376432333961643938323433666333376461663237396534323963376566
64376661373665363065356339353133653437336134333333343337623966626365313363373430
37613464646466656634353038646531306562376166386464346166663762663566353961613333
3136383234646231613038323664336332343831303736653535
