$ANSIBLE_VAULT;1.1;AES256
31373334656630393139313931326332346234336336386566353866376466666136303864323062
3966616234623363646331316337316335616561303133320a373161326563333063363436303231
63333038396263383237373366633338633432366534393635653436323533383135663165376161
6666366138303437360a316636623134396534386333306232636165336532656366356266303430
61623464333862333264646163346162303163666663636339316336313733306466626333386131
61356630373364373538363438643535363430373564633961666535366436383431323430353937
64343932373262343066633033373532316634333434646431313961346436333837666434636465
36356532613733303534646630633763356530303236326563383234323530616236366661396465
64373937666134646237616165616438396233333033623834343835316236306133383062363865
31643337346631643232303336326163646335333165353064613031353665623761653432326463
63646434333466623134643965636635323965636331363466363964366434653333343731633034
65613737333466393737303265656339376635376436666166353165343338613336303235353334
61346437393834663564663335623162316639643033633739396138616139376630633762323332
32663166383863373263366532666666333136383461323735313166363039326636323161376630
33643030303263346632656638313038373465623163303837306263316636613635336237653666
65316135333536326664323338326335663861346562613634663533666663383766356237306436
31626165636436343131343264353135383239366336623962623235353132616362653334333937
63616564393365613865386162646632646231373864633331613531313361656137636131336338
33313631343639633337373434363031346435653561386566666665666238363336613561396439
37353766626364366336353435343437626239393830356564623538343139306666333132633538
32323964376364663764613131383562306638666364616334323562633130666336333130343734
32383433313239653535656661626231306361373935626230623164376534383631333336653331
33326230353865303361346635653837313462653034623133613261386162346161373066333139
64373363303332373037353034383536383936303437336264353338376138386132303665383534
35383133633263336464306533323237623338383334323531663632653031663133383631653361
64663266623062666532346136346537643163356134363935643964393039356532623438366530
32393330646336656334626631386332643636623864383863323664333865343336393762363333
35393032306264643132386537376534393832643064616439393963383533316334393837343232
30613366343436383963383433313766383931306161326139393233623862393132646565363861
66343861373238386534306265326335393933663161636164303362346561646363636362373235
64353934353061303263343730383932353030373762353931383564303465653736623763323466
65346566623930643462393634303738313238643461393536366536636336313136316434616433
33633934393461303963323630666637326533636662323966353437613165623637343335613131
35666534343264356535376466333534376561643434626163653665613432313432346536313465
32363238303062613664333231643639386436613538666532326537386134666337653634336339
38383037626535336363323564636236326536626238373666373139623263653736646630373230
37373262373737323066373363663637343132316436356362666636346465636238363630633232
30343164303433376339393662343361393431633463383634633838306531373262623739393031
31306238313166336230396236313232643963636530336230393231393665623031353434653136
65306630386631653139646233326132393939343933313134376338313336666462656232383234
36333732623131383364656232386366323064376466356465623966633163353433643533653433
37323462313938616332313237323935326131373765306632653461323332313862656562346562
64333435313166353438363963653762366534363133633934323565336333633831383433363439
34333864376265373733303066323062393538616162333533663430333935343234633564323638
66326365366463663563633533636132336134373338633862336130623135616536323830633964
62316338353665336330643038313530346134386137303362303933336235643766336165343161
61383463663835336166646232363836613862396636643239373736613364663736303532383937
30393234343134653364616130626566613264363962373466626665303264373330356565346334
37393130303033393531306165333239373535353835353963626263346433313463643935356266
33326134653764656136386339613131343966316361353563333735353064323730383531326332
31393839303634373936613836333464653039346334333761346536613231343636333561633362
37363031326239633039303261663332363739346132303831636361333732663536653335333962
66666461633333633062626262613033313334333761626465626137633563326636393862376166
38393936336635626365393633383664633939346462623761353763323439376263346437363639
37613366653639646239333436623562336134643835313731636431326439626235383437626331
66393838636165326433383563393935306130393039346266333636366134376339376537363362
39396264333531653237616337393639366430636139643162303533383463386631646562623230
38343265363335626639336564653338383235366135356362636132373535646364663930653631
35383437393331346537313936353235613064666637613335623031376334316436373064333639
37333634616363636138626536623032363932363531313832666363613631356531633632366466
38653961373665383165623033643132343830366331666439656431313833663963653463653562
35333934653430666361623465663435306437393731623664633439393261383032613937373837
66653634366135383236383232333133666466663165633462393737656530623439386435393532
63383936633533376664333834376433343265363534633862336330363538646639643462393834
62346563393465363465373864626239373564643037643639616534613662653034636233646232
36663366333035656563373336366237333366353937303262393635323137376133313765633761
32633732646636643764376339313234376133353737383736666661386332303161306234356131
61616362663862376432656463363161373035323065333936633830393161343266656639383231
32653131323865353266613961353832666462363739633930343639336161363631613765666237
34383661333239383034353566346431643831316232333562633262363666373564316230613666
37343333373131323532333636663637363361303164613633396362613634663131653766363239
64643536346163663666333238353566313936616166393261616165383431396665373334356463
34626433646639616536393836663665366663363734636665393664323837313063303331393363
38633366336634636662656365633932386465663861646431663638336230613139386162316232
64383236616663346133303062636537633639323734393434393963393539333132663839323963
65383531643932336532393636363162663233633864616333313063343738633035633933663364
39323865333339386433346562333036643565636365366366313862623865636538623936313537
64663234653666663838383163313934323530376362623465626536323262623236633264623532
35316362386334313732303434363736303133306235633064613839616236646235396461643766
61343761663164353138383834373764383137396636623039313361323861616430316230656433
31376661666237323430613164303332303765623261383961343763306230393965333532323330
34356430616337383765383637653638326262353866653666393732383466643238313132353539
36356439356164386561303232346566633132636438363836373163316231626636393030393064
37633439376464376535616138376439393762333863326265383939663435336138653861346132
35383463306334363934386238353736633531323138353331393336306231373035653031353434
66386631356532613735663835373335373165663263356336653136616139386236353865353263
65313064623436383237653962396230303562656365653062323235623535653033323034353134
62626337343763323237366230396566366161353263623034646131386136633434646335353064
61363138356232623063323663323933656534383566323333346233326136363466633732616365
34616535613939663038336634383635656336306162363734396531623538383338363836653361
66363035613133663132393637626666613837613864646139613732663066653935656435643137
39363333666234633432356334306132646461353234666665343435343239386662646165376361
37353563633438376465326565653564373634613130643034656138336662366163313634633233
31313533333464663732346463356633333138636137656332656464363137363839633965396561
64313038383933303866316566313634623436643335333034333533346631316439666135333461
32616435323466653533333666396336353138626630366430393062306333646131363837623536
37643734663937396434623136366235393232646532333863336336303832633964643861666632
30396233613532653936363238653034653063646235613432353431306366373064323264386230
66383333646337373162663233613530373138626337383962333630633164623536353737353166
64636664623035366462396135616236646433643230363537353362336330663062636664636132
34316463356661333839306464623332356130633839306562313230383533353630396563623935
65373133356332633630663235363463633735303638626265363634396231333738366630636163
61363430363735376266396337353936303130373130323133663161373964633263303334663437
34333338346362323639643266363966666365666237346461373532626361316461643766323138
62653232393031316562386334333937343237666330326238626231396631636433636631396634
35313831333062613661613865356532353835353963333239396664383936333130646161383135
31356264643430316363353235623866393864396536386534323734396139323063383433346133
36336130313937313364653839353937333838663538383436663535323037626336313934326137
62396631353534376236643537336561313662656135363564323738333737356466326636326531
38316631393262353932313063656566326435656432666633656262613138343635396432613737
65323461653031623033613363333132643236656461373931313265346666313836373135626635
62306230373665653166353635313362323761613164626466343736333033323932626437373638
37303233363537343235643832336131316663613434396534306165666362613261633766383762
65626236633232313366313164643661353363623630623562646463356262616661326234363736
32393637643236613130343863316263636138373737623630656533623930343932663138323764
35623766336562346336353536656365353466373162623962656562386130313433316531333862
63656265656538396361646539636162356365653333356534393132613838363963323131316564
61643733306430646332616666346634623332326162636536623532663838316663326533353965
37356232613962303765656537633665623232623962633237373165363461303932396635346230
37653933333765663762616536396636373634303232313034663639633166323937363163613663
34336132343334356464393536613265306161386264623763323334316164613530613162343039
36363061383237393731653462633033363837396136306637393030313439663539323638393937
35316334303332653231613934626433653836613631363534626331343639383162333331343932
31303438663065663134363530393732303064396463383963393634626464643363623531663463
64646366666361346266356466383965343964323966633734626365326364336236343636303933
34393962343838393161343535393939356136626334303466386135313864326236393166613866
62366436663165626439666562613366306364633837343761326163376630353638613934666636
37383637386463333830656634613539613564356465653035303665336438653337313162663531
62306336373532636666616631363564396364356437323332633234313964323635333132626262
32306335623631343131323435636636316666653862376336333736313530626438366532633561
39396133376131343939303037613261323530313665323138303362373339653861626135613662
37633765396134383439656366343533356663386663346436373935353738393462373561376535
65346330343736363330303530656337663139363966316461323762313133653339663931323636
61626564663464303462646262646361643233373833646635386136363137396131396464363031
61613139353736633931313132333161623031616335636566626165313764393130386666326334
34376232333561383933613663376461653638313261383732613934353737363334663365363032
63373765633535383565393264366632323337353265333739633164393265636563333839363939
38633239343235323833383835643430303836663536646136346265323962366535363763613063
65306462346565383131343331663866643030336439313238613939633866646161303831636461
66393233636336306233623538353732343930616137636164646161613334343665343866323237
66613364393930393731623034636630353336346437346432623939343763656432396463353535
33383739643530343836386366306362316339306335383339396434363933633037623639636265
62363438633833353164333661633938373836373966613536336561616431396166356464616666
30346235626532383864356237613336356464313232653764306430373530313532326364366130
63346634323062663766656536336134323763636466313362663639633538383433623966353239
65353164343739663833373237643330323434383834363235656336356663333565356263666234
32373565363631323636306562616230366366306238353331383932666338313864643538356632
64383131633765663234643931613133323433333838333764663263396161636236363330303164
33633431363837613164393862353933356334373935653231373562303137346563303261323938
39613865313139626530383564323065356638346362323935656133623930323737303466613566
35646465653232646265366265616262653662393936376336633038323332623633646663326562
37613263656665353338616637303235303036353365376363326438326262393637343362333239
66376332663237643766303863643330313037663162323631646135613034386639613733316636
31353338653830336665636633643662316464323566626466633236393837336234363865613738
37643662383330323139393139313633336564353464623033643931336132303362346439396364
65643266633137626261633763623262633161653863323066646335343836383630383336613233
36626264643234613939313361636136346564646334343963333239343034656463373334653836
61323834613366343963366461373235363964633161316166356263383032313732323061363666
31366538303236336665653538393662633233646463646230313935343732323636336238326630
62646531396261366464383332636135333565633134306630396237643861343030623239373634
35393130316136316134613931643062343262643363363763323261303766373633373761393837
66306234663661643631646162393231333133643563393138616364623362333835393762366437
38353137363064653064633764616163343166303732393362346234306463383130386666366166
39323634316135653536336134393236303465366632633339313133333365656630613036613732
37633137306332316139333734613932313465396138633532303062316464323964633036373162
35303238313539326539353030666264653131326161396538626265616633326561616439363465
66346561626262356330303735373734363862323936326163633263303834633835383464363235
33323336616462663264663232616136336564316134323633356136616461383332303639636363
39376634616365383639316164396138363066393738346534626531633563383038336261383163
65643062303937343064383862646364336532386330653238313263396665663933636165666365
62396262353731326239343136633330633561333766363865313939383135633232343532313864
36626461306636663336356439366236626230323830353265613931613730616136303662303731
64623735646635666330373961653637396634373031353363353331616466663730
