$ANSIBLE_VAULT;1.1;AES256
35633131313037383933383561643632633234633938366363613362636566363334383538333239
3037623335323664643065383462316631373039306365350a323765326464366365613061393565
36336633393238626337343930303132636533316166386465616461616535663136356361333233
3531393466323463390a646364616134363061326435663930383730666661386637313336613332
38326632376462323034383933303562376237616537653231343635626134653038653030313332
62353564653463353363343262376230653535393433356136333333323738636437653661336138
36386366303139613438636366383238383632333035656265333531393932343466666463643034
30626137303634623335613636633335626531333365393164303638373738643561646363316533
35366465333865353430666566343436656135636234383564326565393430666263656230643934
38316133616534656439386331326433663466333464316539383963366532666266333734303937
61643538356563346137393761303532306237663134666637633563343339326230393139363833
32306333316536353634313937343637653161353261313333386539353237656538316664623136
33613634623933633566646663383434663462353433376230346438633935383832373464383039
36636238303236646535663862353839643434623165323065303862393464613130316630303731
34626432656636663138623238323034346235333662303536366266333463356335663462633761
62366261303934653266333532373133386130626236333066303766656661353364613634323563
65303330333966393565363233383233363339646265623936346265363631643234616337376538
38636362323833333438313836393037656533646364373665636532616665343663326330656439
65633131323361316336633533376661626438636630643330626433323165626535393731353565
32633531636165396334386130393433666237386566613731653332613434336432626133313234
39343865323330333462643435653632306561326238383337333233336139653133633434373866
33333335333437383531626531366666636165656463616264376364333633353330653134383136
34386262326464393231666163383437393966666639366535323831613961333137613936386262
31316433316330366564653230333137613736663035346331303030316465643264663330613466
34323331366131613364663661383538303731623836663662653461333030336332376263663035
34313266376437343136346564346164356233333132303033646531366338666666626165393235
35663930626436626265396538613435366539313537666637626332323438646233663965663830
66656662383235346633623231316363646338326435373535313332303632356631353731326165
38373566306164303963386531383431653730623263326265393763356236663866623238336364
31346333613634363062303630326338366230303966306663356638653434386330306666623334
63356138383830353639316437303039366639366534353931363463663666663262636538633438
36656134393439383133323431656432653064333166323963323265666265326432623533643031
62396330613263613062636438333135613134373237616430663936663534313333353662313630
62653562393036336234383162393230383062376165303464303534653265356165666530336432
30333066666134303033336639376466636339353536623832363563353431663163333731333039
34356262306430666432343835643061623238313930376565663434346230666339346363333662
66653766356665306163613933626538383461636132623662646161333931613739333039636364
33663532343663363635313264643137393339633336306264666662653330623935643535653765
63666633373561633434646536346436616135383266633538316463623135666364623931383132
61316539303734636563663439376438323262323662393965623666653033363466343936353334
66383737396538653331316437373566353466643866643338616134353731336661366562633765
36363230313635373265333063376338336330613435633062343035343761363764346431366237
34636561343634383232363734393137646561653530323833303932383635303730326139663939
61613538616161623164613030643836613539323463623564363865333861643464633934333961
36663338623733653933333739363830303730396136623937646239343466633535363863303865
35386131663863373261303633343565373966313964623036643334343638643366396562316230
66623032646662663233613131633535663939343666666433656262653335626361656564303064
30626638363830613639646539333761356238633061396662366162306632313030376266393538
33646230626131376636356535323237336633613661393339633163626163666162316464656131
63656436313535373662646433363537613235393238316132613635623964666365313535333831
35666535336636643531326530343961353062326166613938356136613562653439316265303734
37613939353039643063393239623230653265326130656161353236336637613130623735346231
63623337346433626234363265623364626365336264333864326164643631663561336264663638
66643964386536343534663533663262363833383531656332353864623139313736366434363663
63363039333165303831633131653536633234663963313231616563626664643636663664323837
61623238343564316663353131333533623662643135626561316535373237666332613338646639
32653838636163363363623535636537656138643831353961663631643638633665343731333164
66366662656661613738366131353638306137666135306462333266333530363937353433666461
32653736336333313162363663313031363363303136663066366234643130363663623033343632
66663135653861333834616265633033663563666262313737653737653638346263626664633036
35653663376365346437393436386237383937396237343764376464333033666461396562363834
32653062313566626164393331376638373332663564313064393961663535343136656332656361
61613766343039343739383231636335613839623838323265626630653661616233383333313033
38373739303965353030393232613666363066663564386638646236393266323439356339663862
36643734613433306435613133613663656438383563316232633034323030643361383937316237
33373565356564386361336233613731333335633332383431623463363039663263383330633933
36663630373630396332336166303862653637393466343862633133643934303831646136376162
35666430306264336333366531656232613366333134333037303131633661353361356632363132
34336364343064653961353764323032363531303261636564333632616664356434666264643730
62396335656137353632343261336463616233666434386431323338393131326138396563623064
36396665383933666138336666313534343338656662656339303930653835653136336231396361
39353366353738653464623635613436623066333166346361316666396162373964613566303838
39353435636130306263386163643439646538373037666230376436323737326662663961636566
66333161623064616264343833643437633534656534353738363437356265353130336165616437
66643734613663643964646133636633313536653764343535366131376339393466363966383961
33353035386132663634383733313638366663333462356234333562373235646639613335376131
30636561363333613331393731386335313665343764306563383366343533343331356437346662
33316566383538373139336232643134666438306165343235343962626663396365646366663230
65343964323539623230363736623731633337346230326538373066306365373065633862623366
37303766303832616334393737306335363832616336636637636634656164616333373231333035
37333731333836393436383663653636336530376466326633613262306464613035326539656138
65333464626432616338613437383138323533643261393764303032366462373334626436656639
30396662613832326435373039396139333161623335363238636533323132356435303265623132
62663339633537663064643931343330626235626635613666393837313065336561643264376135
32363037643165386563666665656161666633336439646364303063316538623164666330313937
64343339373737346461383330386537643636303837363337616163363466333664323035636339
66343831376536366365346337373566613635306263653633653534326465336638303139656165
31333031613636393733656165663238623539356337343863643866316661636630306238373138
37316561333562373239356264346434663936316165326433333862373031626137373334336436
66373162643862303437333964633434336633623635636238636437643964373964396265643935
33386562363238343838303163333763383163373630636632353836316631656539623865613963
33636462653664316666656339633331373632656133656230346138373832356132613334333636
38666138646533343434646432643336303364623262633834653566376465346638613831363665
62613531653032613938356661616238626665386138326164643838643964323336653437356434
33316464353332353537343838396635356563373835373130636636643934646138376438306361
66633162373362646465613430633666333530663436653138333964343065633761373565346462
62306539373661343763336635386635303630316634356439386337666337636661663435303735
32313664633863656266343765323033336161353337666266303161316430396165623031333532
63653030333132643738336666373262333035343333346164323665316636316534316265333865
64633930393165376265356466353536363233623130343965623434643161646331646266326436
36616433383534353135383436653837616437306666343938303735353234333235336364353331
62616633633962343930373862376235643561333933356538653566383761656437366662376366
38366436313437326263343462346137383131373431343965373664396162313664656338393032
33613664653138396264306665393864393237353333326363396561323539323133636535323134
34316532373332333566633233306639646162383165376432366530393263316630393162316433
37396366356331653363313632333238353035356331356431353635663139353362356461656465
38306263626133666134633535663863626564363538333637393966306462626164373738633937
39356563643665346334396166303339343232383735313332353362356165613530643162366535
61623333623861363736323938336136366335313364343337623734643363306438383236353166
63333230613064363937363630333731343534663632626333383234396231303765323862323935
30366538363861633431333264356462393764323539383333316263346466633462343339636131
31336434643438656566626665613035626363326236353864306436373338356661303832653163
30323862623831313336363432333032656335303137633833393161663866393638383364323539
35303362383865336262663131323963363165653761656364336361646131626630313363303633
61326332303330663863323539616331393734303533663330633731316633646234346663616362
64623963366365663038643232326363363630666666383434353131303531383635323633626562
32343331613765663933643961613863393933616434623564303031646338613031306666306466
30316230333363396463353061336266623532313633316234396237306563666166373130326534
34366263333638353564383539303136346238303437616234623735656162333862343638633532
62616239636634343831303165373035613566343139666265303064313235643262353033663131
61366430393334626564343066396330386164646535343439633662303735623334393137363531
39326264353233323863613530646533656230343130376637396238336562613936303536643631
36613930373864383632666265643535646161666262316366373232336337386661376435333738
36663165663461616531396562303635376464303263626130303566303534636239336430323739
31373437656531336361386433636161633632383634666133333833616364386264373432656432
61646130656536376263326637326563333939336634363234663032653436356633346338383165
38346363383936633866393638663065356332643830636265623738353536303237666131316263
39383232393963356663663465643031656139333934363565313836336464353535626138316636
65613738343234326466386333363636613565383364396461666165376362616539653932303761
62353366336439363236336164303332393639656435646339356436396236656266643136333433
39653437356638633366633630303236313933663861313438363062316233346461326264346537
33653034386232373739383464633830656164333464326635373662346531623034306532356664
37663466656539353939383862653533303933316564313336633766303661353131383934616536
63343266303836636539633933323036343634326135653666373032366665663864636236376538
62356265623635663462343663643166646461353138353431616331323436323736366337373666
36336430303137663130313133653464343965636332633236376461336133633163383766663431
31376464366635623532383332636562636331623839646664356266323366343331616239353136
39646531646537303564313539383731336636353733663638666366303139306538333232333565
35326331663666353761373565613636343363346238356232643931383239373762616638656337
30616533303338386135666538383363643561313035313634626333616262333766383434633730
37326635373164313835643830383432346461636331636337653736616564393231386131656432
30343864633133336131323631393061653639636138376237363661386333313462626537663230
32366433383232353339333663663237393766626630633764376663363535323539386130643032
66613337633130626331633832386638353063623561353337666164356534626339343736373565
30366365396635343665333931346562373730386135353535313937613530626637636162366263
62363064656137643064643330323265326432663936633261323637656435613038623739656465
32383536323534643936646261633338396561366463346537383236316532363661326536626431
33616236333932613062616463353137396463353638393865633165323535663332613930343334
37643061643434666565333861316635646563646262316533323762623333363933626237353366
63303532333739383137303334633937366132376462616134303030333636353734326263666566
37376635313238666532653937386534353736343034623462653432663034656238323032383661
30356366386665383864633033386134303630393731653166646639626561626335663962326432
38333430326336646339336532303931303233333337366630303934636130623864643064653163
62626233366433306461353232373035643837323936633330316265313739393934366237323362
61366461613862663064383464343063643039613737363332643136353562613232643933326464
32663833663465356238386435306436393738623636393561663832336234633039323731323064
61633935653132326631376264333361383133613036343864393363376461646463646330636563
34383162346466343737613334393134663530373664636637386137333763393631626233643865
33313662633535626436313738633032373761613563656336653039356535343339616164373730
37353934646361333136643337323461326464633835323733336165396536336232306262303039
39306361386263666338636463646535393961613639666532623838373232366566623034393635
38336365356137616638353165386466636330623461363231376565663936336632333937393938
36623130303130356634343935626464333165343963333261323938353836616162656237633539
33316231363736643965643963626339326264633934353738323661656634396436303365333236
31326637386362636261633338636538383637313637613339306662656334383832346132666134
35626331656230363638356162646266306632393164373834626135663663346435313064303233
36643632623137373362393733343264396131636635376162643335643261356238396330646464
62636166393330633234636538626166313934343139366435303664396461656637396161303431
36303035303966396364333730326465323933303262306231316637656532663964633761353036
32366137313139626363383237323962343332663934393063336166346161363334376564636331
62306532373664323532373166623464373463643838646532313236646664323431343663323936
63353130386461333265326330653164623736656131326636396665636664336665366236383836
31343237653864323733343665653537666638313538316162303061646335303837
