$ANSIBLE_VAULT;1.1;AES256
33386366663437316531646165666639636466633564343932336234383336376463336634393638
6135636532643439343935663938313066366532613530360a633632653964336433393362356465
33613533343763663439386637383365376131323365383332363861376565653536303362653930
3261653864366233370a316566643932386437363262303666633061613735666233373836323633
64316365333937343762636562353664386662616635303263633833346561653134613733663031
63393331666630326338373666376465373664376464366231643438663033643263373463323237
63653131383063613262653136323139306265353833353930663166643439316437336364666433
65666636386234643061643563313661313262613835646665616438663134653661353062616532
64643938666466366563366262626638353862323661303166363063363235353833643339386335
31626533376533323730616461656232366530623266643636346661353834663635346263303839
62323730323832376264356466393635383534326561313737656438633832306563616361313062
33623964306236386332343236393165613937363839316130636436333138353762386264313963
63306461373630613531323261666533353433656533646235346532616336323963383334373233
64613134613565303039383765643039313839663232323139303964616532313836646161636337
34636462343031363665613433353132356463343965356336303230633031646637353531303563
30656433633734373339313535623838303933326365353464646336663137663866666430626437
38616263326539356162346465613030396331343134643963623964323231653861313531656530
66326239323538346536316233336466333638356662643237626630616430626362386635386431
36323934663739313233616138313737386136383666343934383361623235613633353933616534
31336535666434613462346565636638346530376537366136336232646630316531346463316335
66643161346531383165613039363265363034373439336463623934376531363134656430613832
65326366646262616363336266306130316438366534376565613262616136643531376261356463
30663163656336376333636166393238663662316262323034393432323436323033346536303038
30373166616364386535313765336562326339333463663835333037653366376261333933643837
62633566656562343832636139363631343234303337386532633762373532333431353232336533
36373265313030313333396264653533626437333461613566663435383934623364623036643939
35633462633432373563356239643262613439646532373031356564633538363631393732383430
33396635333965613933386435313331363464383366623637386638666236653061383163613364
36626631316630643666613234613433643562323935363439653436326663323934643735383435
61346534373639303532656361653862363336623231613736386534303431346533666530356339
32633737326639373964336436356665646563313563393465303836656339373266373465323636
32646339376330303935356332326639323136643866643064373662373464313434393031626332
62303964393237383130623463616262643131313234316132316562386563356262626264666564
32643133363266666461353766333666333966656430386364363662326164646365333562623261
63633563666132366666333038303438653065393033643330303764376330616435343037386532
66626533313635383262303031643863353039626232303861333864333232386466363037653238
36393839663331386562623733633764386237306666626237363066663335356230623966633536
32336232613935346134323730373466353538373137343661316433373133343633336437613337
64353435663262636564323266356433663435393761666263333264386265363130396637613435
36376665613165376663613833313966353231643465343631366135363332313065633933653561
32646163326235346239653238376336333834303035393264613663623766626438396163303538
31663361396137363635636535356164373833346135353538626362646363363833643837383936
64346238333464373635363330333561303462646139373836356135616430336137366635333331
63613337616563386132376333623962613431613731356531396239303530316134663837316261
38366234366339343833333862343263343132333737313266353962633462326634653864653639
65663732333063666564633533633538663563383739353039616536326661633432623866313362
33363733616436666336346464653037383834623630336164633264363737653864303561336365
39663339333462313666623138653038323832396465623265613463653530613134303030323936
38643364306365376165616131353965353139643838666137306562393137383433306632643139
32306130383038313537356464666664326639313130356565393364636431346636373966663861
35613431303733613866346137356231396438333963303635376132393733396236633766636431
32313138646561376532393133303761633232383862336339316333646535346639353563623337
36366431343631636631613730396634336361383566643062626666623332363462663231373862
35393532333931653562633661633866626237343636363464643835333664383033626266313234
64363133653165393763353061323133373633343165633338643766323534323831646431643461
61333736386536373531353830383035346432646238376635353332313536356564363631633638
33316664646662646561656361326565303462386538313337653232306237646231663361333133
61646565353166303534303663656361346663633564396230333837366464626335643530666562
66353762346262363534326132633930323662623064643563336361346162313433653030353137
35373466393164393262356465623465616533313636663939313337363932396661666134326363
39386535303036333162353964623932376266646362653636663431646265373133656532323066
65656130373132656664313334316333393964373932636563323835353036383966363661303631
64363739633936323133333134373061313238646239336236313138336533663534383032633630
31396265613735326464363030313536363466323764326561343265333138643866653934343639
35666233333661306137393863396366326237326432386538376164333435336338636665353863
35636639643734663330643333313062633865386339393462316263666566333933363132393565
66383531396335613438323235303830626333613636353361336338666437616538373235663563
35343965323236323363326238636664643961666435633230383539313764313035383935353063
31343364616164653132643833316131353034616561643133333861633164643137383636333035
63663038623438653334386330393133363864653939383261636639373334633630336335656531
30333463643465653762396463613261346131643531356639633838613233333962393231326432
62303832396462626162633934643262383731343036613636303562663265623530653364386237
34333565613661313439623538323233323861316563323065383564303562353165653333333762
61646565386436306336643331623134343533616561353835373635383231643039666635323730
64643861663066653731353932623963396366386630373461613638333235363338346464633962
32353839393332303765376366636138373665636135626637623737306165336435323635653130
35393534373261393833333830366633383164363861666532663733376461306637363932323061
36393036303537303335333861373033316363376261346133373536303135626161363231346236
38316432626330616561353164376233333737306137306637316164313330613539653963623734
37363133626131383933333165373636616332666431326335326562313463363461646436346535
36373061656139303838336439356139346134343963313633626339393031346338366461623238
63613738333538353035323539303065616662343938363361636463663666323338303664363065
35376661623536333662633365633762376662316432383231383136373863393766633164613063
34393834666639663638386634643936353065326533346561383938656664353861326438373064
66363966633763356637633363306566306263353866656433393363613530356336323635373065
32333932343035343463623234333339393131323239623336396463623033313533653866646236
35616562346634343666366331326331303533616633353832396666623539636635306262626434
36353264633738313933643839663135363930376436623561393463653435356561376161323634
39366163653538356539663139633364343562626561336464303066323265633161336166303165
36323736303238313439353335353066383264316565613336346338663530373437323163366334
62646430393139356430343263313563313161656632626465623236633133623435376639613266
35353863303130653130313363303530386232623865323833653863616533613033633439353261
36666164616530323330666339663038393038363861346137303966363137303065613637393866
37326630313432326366353561613666393836303930313264373462313562653865343230313862
31643833326162643263636137356536313133346139396239363866366530376539383733353661
62356664626132343536396461356163636332393435323066333831653061666133383236356564
35376462333534356239343065333337333331323562623639653838333335343566623535323230
64383164356664383332346238393733343164643633363663653565653037356135393033663665
64323730366235333665363633613931303532303138363631373963636331343433616539346666
64643639303839383665313633613734343736633836366630626164656535303662633236653863
37393934333637646532306330366433626439313933313135653565386130386539353734643432
65323535303761613261663663353433353734333537373135396561383961313266643833663932
39613265373534633438323437316638306134613266646136613738333165646138656263386236
63643733343235316132313638616533616364643437333134623261356134363032326461613265
39663936333931313034303736616337346438393139313434366633646632333063383739353966
31356232653130343262663837633266613065616461613831616361383465646461333436613361
38663139323834306237646666643939376632313235376438343233303632313538653962613363
63383431373363393034343138663932316237303762346238646130663163313034633362303431
34333161363936663762376266326465633132386261386533346562376565653033333130336366
62333233636561626334343966353730653438333265326538616433666331323938643339633637
36303839366234653933656137616362333535613634613466616536663330383963373230336338
31663862313633633961333866616461316131343937326133303061343835643532633136636530
30366665343037313133626234643764653235323461646137313364376466303236653435333138
35393837613338633033396234326236613039633133356165363963376232386162633631613764
63353264643438623662633536313335643135326265656131303738373161653665373436623237
61613837343666666232613831373830396133306438376434613962313961313037336533333662
34653732383361643535616136663434396561366131306537333462633864346665326431363461
61313532326137336361613538363961386663396666643030376232663337336661656239316534
32646564623733323937623431356565333334666339363939313236666236626339663934666361
30313638393134326536636639396330393333666139636161333234636337373837376166383835
33386165393532303636356237653437613039393232333161646130366437653764666165323766
66663666303365366330616563623338356239633563383731386232366333613261316230613062
35306165653835346432613665653565646263343934363536646534613665633235323132663861
66623035336234386535323661343038363230346139313362393636633034633934353331333762
65616464396361336163306233316239666466343565336134323335656135313831653131653438
33626563653662393233356135613063313836653437643966633262663462353762636262383464
32383061626231383038373233306530313563666130633237643330636631356364386137333939
63363264636332613836373939613033363962333338653662343533393031333836616630616561
37353162393235643939393930636531646130323537366136613431656334303263656532623032
65633130323564396366613536333831353736653330613537393330663031336437663733386131
61336363613062313666336338623238396362623831353134303036326335653333343362633231
66613763626162666533646539656463313162346461613532383566366333653432633764333432
36653138386332633962303865336332326432346236376337383236623337306566663161333765
35336561663234363135356132663833633433373563353465653531623062313332633335333966
65363963663935363664633032396630306330313630353761303732656433313434613665346135
32373263316436376461633937643630336133343332376634623839366432316462313638633433
34633261643030626638613935376565393637323362633762656662343834363661343136393534
37646264613233393436656137343431623764333232376537303166386130323935646164316139
61636430646563376430663137653532386130373864326434656337613534663433643634313865
38383637376533376432303833633331383662323231633237623534623439373232623533346563
65663633656161653366393038393830373161613830643630373336303836623131333462643738
35616535623739636663326235373934613235373838323231623031653661343963623432363830
37303536333831343235633362363338343734326131656531353764306538656662613831643161
64626337636233356264323037366165636236396337633464663938326165343738373730623339
33316263313036316634616532386332353832356365393032623236623263306462393530643961
64666336333866656434393963336632313735623137656665363231393239623837633034376562
34656462633762626565666539643863656664643565376534376638393031613365313636643439
31393766656336623033643435656635383031333263316137616330303163633036663737396231
31323930373935333435643338626264393933366434376237383939373332376134303138376239
65303263376235343733313665313962636538363637643538363561326435656132616336323863
35363138306364613462643235623435393663343537613161353339626461333936646365306532
37313632373234383130373835353163363232623734383036643437303235386561346635633837
33373330313536393362363438336665313766313833323932393431376165333761326135343437
65623537363933336433343237666162653961633339646264366336373939636233363362383132
35633232383761623061323665343237616134396634306265366162653438383266663835343731
33633239316339343666623337373239383266323362393865353364376161353536666563623461
30303532303866626137646566623737346638653766306435633766313634636365393565383738
34626166616262643336656635636537336437383733623732343139643633303964663739636231
32343534646664363132623264363838383637616238336434666439396363666362373163333262
31666437353832616231623938613761643132373832376230346634323030363434366239313131
62613331373939373366313130343363373336313533366438323133316239356232363135653935
62646463366566613739303563356532393039383739386539396632646434656265383833396336
34383964306663346439643436323861353633323435363063386633393538386330343461333439
36633662663962323563313964363838383463653036363665646362333666376564666235333666
35626438613965346231303935626632383039356539613639363666326336663334633030316235
66383365326137386231633630656564366632633239663437396361383833396437376233383230
32313434326164653537653861376366343532626262393936383235336464373432646539643163
62643064366136326661383861343238323933323333303935323862653438613636663762666163
38386331633132646337333734353861363462653864323565326339616632613136396530656463
63383266356334613965363338363563346161336532343932366362393639623164346234363731
64323166613363386264396334343964376266623466643731393264336430396637656531666437
35316532336633666431313262633936313364643332663539393861663731326232353065396232
33346338316365326536366237633033623766386464626565363233313131636631
