$ANSIBLE_VAULT;1.1;AES256
64613436636161376537316134613539383038323161333630626636663865386361373862663836
6466613037623039303861346561396230393962333463610a356430323733383730373562623235
36663365613930383931663336366339623536313331356432626262373761343033303266303164
3663383766323333360a363039613965326261323538363764663732303366316435386362663336
66313066663630636433343631366234666136663566396133313766353766336336633530383963
66383834363234373961396337316161643662343938376663636639373761353435376335363335
33386330323166346139303261303338636563313030303931343761393939396634613138313032
37333834636232333532646435316166616262626266636631333135343933353238326439623639
39643266353638346437653230306430313633653761316561313562623562383032386565383663
63333837623863383931383466633065343633373331356264623164313365373330613935393066
39343831623630393734396436663764303630336335346363326336653662366566633666653162
31666638353762313333396639393239356634663964616437383332333465363161373635306261
32376438633935303634373337336561383339646361616262653963636338383035646564626437
62376433336261376335333439366630386133626339386661396363653835356561643737333730
65343338633564383538373838383334646664313564336237666531333237343134323931313663
37353532643062306665663836616266363939323235653937666237613134613930396265386334
31396634316235623039666663346531323966663238303237383638636466386264323234323936
32303063313534666361343864363331326234353162623835633263633562343863383762653863
38326436656563663831333862633434346165363532633235356366653634633866323465373461
36393164313966653933646435306132363064316235353632363465396436646135656665613333
64613739653831336432343361653064383862623964343864373437323862313231653962643636
32316535636636386636663563346562393030663432306436626163613430613432313338643432
32626464376636623030643365313236323139343136653634316562376266366261346232376235
30366534333831616666376232393761636333336363643466616336373739303435656666353766
31396133623466663339363665626262326437653266303834663537383234646232313364366461
39383339393138393464633733613535613039333937663061653661326336393637393330373562
37353439316235646132326138323065613562616461303766643134633038393961653866623465
37393833366538396434386333326137623366316664383432316261613337376437313730636566
37383433373366383430326535356335653262303332633662356234633138386137336361333165
38333639653561343234376434616161646337363765373932663138663733396335376464356263
66396366663432656535393863353734356163613239613933373836326561623233616563316137
39663834363062313736623266666332666134303265633036646439363661366332353331306665
37326431353664633933376461653236373031353266323033663730386462343066383838396335
64633339316264386463323262613432353964656230346463616134396537643662666330393833
36313432303065303239313831623431653734316466646364653762336165623037303263303562
30386564663164643365306136373936376131346136303230643464643265623932363938326539
31643536366266653834643366656361623164323864343266636130336438623663363739313631
39653863383531386465326362666334653737333033353035633334363336383564666261363837
36633764343336316466303933643666643530373765303232393835393131633732343866323731
33623965383862653163306635633037316638616239626265343638333261373031366132653662
30616231323434306533346636353438373361383638636564323263626466376336613731623464
61323837366635316439663063633966633061313331326631623630343435376538646165643336
39653639613961623966313731303135396638643366613363636362626663366163316337336534
62303165343531663965343165646639383664616231626563636634323637653963366262656361
38303632353437383831613433373738616339363562346465373365386530343136343962396264
33306262366539303761303939626431363336356565303738313661386466383664623832626362
66643932303837636264633734636130383064353863636432386538653731633834323764646235
66643838383335363239323139633337383363666362616435336131616130613231633432623734
35666439643863343136396630653461393632313631646637326630343138363533343732633730
61633834306334656131376234313330353666633831313062376662346565363634656365303535
65613937613638323663613635306331373633666437343663646562333862653934643165393866
62363435363462313063623334663530623832613462656662313831323033333937623237356331
63633834623164616161653933303339376333343230303130636135303161633431353665623765
62393534636537396163666461323539306431303935303131353365393939376435323138346538
30633231386135353136386461363966323534643736323736636239346365653137646631326162
36386531343438323965613965666538616437383564656162643461313062666435383330646464
65666564353835616332356539306430353137343633363364393334666437633331633137303831
33613464616136656366663136393965366232386537396634386534653037336437303464623839
32373666633861666131343261633032303738383665663163386232336231623261386238663463
31353431306539313431356236396339366235383832643233663162386634383261656439653333
35623862333832383337303866613062616533343639386539373465613332616461363164343165
61346262643665383933363730343066323665636162306435313161316530356264633630373937
34626663653363646338626331623236353339643461363365663830343262663430656162656465
39363330303235316431366237386139343235666633373430386537353630336466636638636437
62323065633363396636323161616537633431343935343465356232313339653561633937623064
62353463646336643330633935313438356631666139353462643662376639313339323834363936
39643566636237373435633336616433646234343161626266353166643631666462313961646166
38616633356561346436373362396132633337396435666462303734653433313266323434623535
64646265663161393735653033306161636132383363336663373338303233333239353565373035
65396462396439656633353763613531653535323134343431643433326235303031643933353532
63393164653032663630623033613433633638393364313138346232336363326565396633346266
36323237623234636362313361643863613037383436386639303135646530313235666237666333
61616134343732396163336337316464363564653535376536613966663136353762383937383634
36336633666166653132626331323837316663343331323533613666633563396635663764653839
61653434333638633164336162663530396264363662393834363736633863396637356366646564
36353036646531636434356233383735633262633836613533643133616337393836333061386130
31366164336438356439346233353337633638303762623365383032373262343432373262383361
32653433386537643232323534313535363434646139306463366136353931626463626364336437
30333765643936313734616361643232643831646134303538383432353938393662313234366332
34633530616137663838366433386562653236323262386232656633653332653963343835343437
37343633656534393530633930613262326236643365333864616339343064636239323434336462
32343130353530646563333564326232333538363334613932396337633139633638366635343439
34313061313337306331373137393839363438303538623962396332633964666533626433313032
37383533383465303933633762393338303966613439323065326232666138643335373438656439
33363466633930346137633932306536393564346564663065303236356133653135623532383663
30366137353665663235636530313937666639666237353039613638363631353231363865323639
63663132383835383934623937383731356631383938666130636532666263303930333666303331
32363830646432613561653038326234396338646332373534643335396264386639343233313030
34363332346334663866373435373338326432646531633631306663376662303331346636633861
34636333663532343035326437633164333830613831363436616632313966643166666230333731
36366565393164623830623661653861363336303538396565333034623362333231353835643565
65643835623233656663306634636666636436383866653364656435383431333261386334373238
63656439363939373666336238323362626265376662623738303930333761656563623938323839
37393964666631353234313665633433626338323666626662303335323032326331343363666138
66623761333866323165613932353363613639316639613830356331363862366661343063313238
38613036666332646335636265343566656365653465323036353866396464316665323564636566
39396134356262626232343364386236623231343065396330306134633436396439626561626261
33366666306132323733396262396138663430326565356532346332663162313736346364383739
34393066666633653532323437346235616562333638376433393231653835313331323039356332
65386138303531326562333638653936393238366133386530333661313766373766356434326465
37666433646531373138376134663536626131613633383762313637333835353038346434613334
34353764313063623835313333343139386335303061336431313832613337333334383530396461
34663633333238366561386266306438373137313536316235656334623066313466323939633262
37643837353335326536383431633633663632613964613132616666326538356235636130656435
39653339623033363864663238343633663066353731363564343739656634383638653430303035
30303234336439366233646238336166313138613133656437623639633832313535363666643731
63613931663766396162383233333732323762383336336465623965336661333830663634306237
30653231663732633637303232656135663565366165346631326135343239363661653138373239
62333130303035373735396636376161326638383135353335633464303635313863666137353837
63363038663238373631396166653837623133666531323431666337636431353732383036646364
37363333393335303339373465336330663030343131333833393163363262643264633937316233
61633738303530303364313636333638613934653961356461643465663364343162306430313732
62343534366134643866323832393861626238393562616536623935623862366430316137373932
39636362666461636364303230613962343562663064643161303464653532383462383763623531
33353661336261613166373761343734376231633331373635333730313962343362326163626263
66376361366136653636333635323734396337623536396231663638643031353366656331383262
62376435663662376337323039363538383732376665363139633733313433383537323731646632
66633933663634623166303761383564353763363736356236366234643662383833616336326339
64616263336431653365646337333237343136386234336438376566326662396631663661613365
61393938303039383461373832653231636661393031383739383338656561666630626538636462
65356435326162353233616430663462363931386130626337386265326365376336353135656663
32366162663864306534636239626137633134613131626434356232313139626563636161363531
31386362336165646165363762633137313064646237373431643964303966626331353462386536
62356437643334616166663566633832343139643237616236386434323934346332613865336466
31343262666464653031303066326432653230303664316431323864353365646431393163653037
34363165663561653761633739336133613461626339663366316431343035336638303862656138
62313834363832336664393035383338336632356132633032383466353435393838323631626164
30366235366636386237656561343965656437376439626233666434623363356365343365356162
61646163383335393039313462643566653365313937663337353235613230326434366263383339
33643564303038313062633836356237656266666633663361666532366636653736306365653337
38633432613034653562306639623630313537663537623265386263313363326631326664643039
65383864353635343836383032343930376637303631336566663364386463633930313063663765
38306261306366653537653764366336376331646537373339353639393339376531633231646665
34306564333335343731316435616262643561386634383734646530343830303063643537663766
36616563393738353865386337643166366631313961306162376531306431623239386531326262
65626436663136376566666665326137383239396133393564623933653131313838376266376363
37353830386562613066363339383763343436366534383539393062356465333637363036336236
61316537363662376462383335333265643238643665343063663632323039643130323062656261
61383239363562613438633031613963656565623863313333653661313039383336653135633830
66333338346463316639623935336235376535383734633633663839623532646266643634646235
34343637623439633366386561303663363039333462353734653466366163616530343766633561
62623663303836356636663063353761636234653438663632303362366137386232626363306238
31326362366431366139626166306139626363356134356266363438323338663663613735383863
61316464663766323634343661353933626636343236373636313665313164646535636537653231
65626437353164633937653561363233353163386665373439343831386236656234633537303563
37303432653637383130373865616537353434623732366161656566643032396462336137653266
32626335386334333439666137643533353063373562626539306563323862316534373833646534
30636632353166653934303364323361353739376238336235366338373063306635613861656465
34336566396363346565363863383539636638616630383637373561633737353337313630313439
62333837356363323662656564623462333064303064633839333738353035333637663864336530
66653563623065623638396437613763323635313635316262383638633535613836366634336662
64666663383037643231326336666339333239376635346430316438346237636135663732646633
61333261333561343435326135313962333236613332633530613463633363333631383232323765
31343065373663326464663437613231646261623835323036663937646231313435396261313461
32383339323633616531383432636332376635393364393639663531616534663637663831623234
32356266623633303564346437656138613636316133316631353966306263613532326364633434
34633962616239323065346136613434363937623063623465646564643734616331666135323032
34656433346439356332343632346630353563646634633630346232386162303737396463623530
30363931346535323063353930316262383335306338653534663734343166366334613436623636
39626135663033386366633663343038313534633661613336373232656234326637613730643161
33316534643134343630656636393662666236333666306439623539623466663232643533353361
34613639326633346231393337346537363635343761333738376262643938366234356161636262
36353035323362636363613733666235643635653263313564646365643033626231396165303538
61613330623333353730666533393330363639616465323731333464666632323137313330333435
38306134326465346565636463623535616566383264663539356138626364316661396665356362
36323338363762643038383633336262646565303138663862313032643134373533303965343231
65366631383033383933326431343266306666623439653764356434393332336537306330646338
38656531633862626531306366656563626134353432643135393066326663623632363836313537
35343962626139303834653466353430336231393737663035376637616439326337303263653139
64373336643238663032666462336462356633386566393530376263353938623035383533343661
37666335373036633339656632623439356338633266636238646137616662323836303264363333
65343230636332353737613439656238616262343938386631323837366362656665313835343463
34656565343864313566333539376534336261383838636532363736633763393561663734303130
3361616634623331306430663930313037396466623232663735
