$ANSIBLE_VAULT;1.1;AES256
33396438623935626633646230646130653839353037663933333439326265326566303236373935
6264393132633337353731653763333061366563623361620a316464626336666235616462613932
63363365666366333266393766343731363537643737316435333334363363313638393331653166
3832656465633235380a323732633139666538383635353764303034653639663661303461363934
65353130343739306437663434316437646162326635313964616231626263323330323039633534
34643032323730353063366330616430333230623236336561366531656466613836326663346665
33383536316232326636623462623133613934323131633563636265373837653763323061623536
66633837306132613536623834623063396135353365393734316232353536626634386166316430
30306139653732313832316564363766393333396637306566326335313838396632346366623836
38623962383931613063343138623765633232623966663663636663613063313634313164383062
32366166386666626632386434653565666563306431653364353131623736633337336538663837
34636532646534393864303563326638663864356234623433383038616431356161626361306139
31376363633538363766353632326333626437363564313765633731633134393831353831303735
61383032366230666139336562363735363835626263363438366235663539393765666266653136
65646132306532346239663962666538383962373230353436646334393933613833656264656263
63316339623134366531353739663062373333633336343564643261343863653231616366666662
38653065653830323330373564653064346561343531333765383538353335626330373863653664
36393330653436303566373134636566303062646465396463656334386332636432613062396332
34323837353563646631383835643433393931333036323833393663623965636636653938623363
32663065343535616239316338356131303765613364373534313333663230383266346537323334
37313534313836336434353365336663363731616562636435633166313738363239653833333234
30333234663061623561313936666632613334623662363736346162346265386130666465613766
39666561363030373037636432396263613262643736356261666534633361636437653365306332
35363232656338356461373332663562363835376433326537313631663561646237616635363864
31303833393761333665646635343532336562346436653436356333643263656535386162376337
34643134623932386362326465353736663037396231633934613162333162356466343365636530
64613565316564623366366665356131633936616562646535616431626336626262663064666232
35313837616164396262323131363539326233633031356536626166353165623461633031363764
32383433656530653532333031613533303737663161656433616661616464323839313530613065
38663834626536366534656663363762343936313763363937633230356330643833306162663038
65316261636439376538373337646439383133396134356230316566346438366566636164613833
39623662646437623532386663393131663966336435656531653166323333616534626162346533
30633536623365663065326537623766653337313838373162623634313966386162346561383534
32643232343461336366656630396261336537323233343239633937656464356462376134636463
36303431326337353130336337316663316234363065353136306561323235336635313738396132
32366337643137376332353632346163613766356538333937626338313830323362616233383532
39393263666437643037633864336439333536386564376435653430376664643634333037353439
65646230336665643234373534356434333531653030363235666165303634656163666662393936
66386162653839373765623961633863396436386663313533356338623035333237666461343734
39666461613436373263386338376263356566343964663732323038313336346338623336373465
37623938323535303536356230306538323338666335356636323237333530363362393764343463
36643962353866663934386137376265366562653962616265646138646261653938646538316664
39373534326336393033383963643830346538306530393733633032343730616464363263376533
36323236373235333033646634323135393665353035323166656233616462663666336461306663
39326464366336326238386135646530343336363538316633346538373138356334656366306136
39623862326532353634663331393062353230626362666336643665633536306262343132633930
30353438633563316166373133353263636563633137616430336638393331373262383037363966
31623432646139656532623239303138323733616538393036663933656531326531356133353363
36383439363762613037333964353463303937396265616235376431383338363164373863383732
65386533313838306262313437363864343331633765623263623566643763386531346566383939
66663631306334333530383961633033373366373739666139666365396266656435653134613664
64356239666538313439373538336435373032396262326566643333623766336362633635646564
31663862376335323332316163616439386138383162343565386535333235383836333538343233
38653833353039363635316566343633643132366539373765613065336336306238383639326530
39623438303862366634363232386461303239663130313064336636616233646538326565653664
61663765623962613132656664653433363639633235353461623563646238393438643866336630
65623732336266383961646466396263623335323237383133356133643436316666633233306434
35623564353535303165666333353231663134343530356566373031393266326437633765383862
63373634343733336266363830303866373134336663653366323830326431613764613830616432
33353834346138396331333835336264363765363237366561306562663663663237393765313963
31633433346631636236353935616232386461666331633639656433346235356663366263303533
38343232643435323330613730323164636536366362633365653861623932666535393961643131
64323839646135386366633862323135323662653562616463313864643666306130373063656638
34373437323039663936383061376237653033333833323039623537646162613538613435646137
66646133643431616338376438616462336464326430663861643930393630303066393464623934
62363938336534346463306637666437623036306133663065333730306234646233333466336664
39623437346338343131356239346631376461346565326630336439376336393333336431376439
64613864653666623538386530636431663163303064323138383133376465376632303034663764
32663036623030613338396661333364353536393136636465363430663538316431323530323036
31303936623561393462363863343831653164323936376432613566663435336266653936356163
36383563663261383866656664396339613862663533613663633666376164613639316537613264
36646232633634386666656333313738636333306332306331323561363538306463316162643064
33636238383939666464306564333235663662613266346231396166653736313930623236663534
36363337626265343639373063323463313061386536636661306431313737646562303663336232
66636430353138306266666539633633346661313765393439373736623535353539656537316338
37396537663766333135646665363938653664303631646236353232643864376330346432643934
66303266663837663561383762633236303765656562396533373237666233656137626637353030
66663933316661393636663839643066663838323839656565623538346166333466623730396462
35366162623638663063653139646233323063323639333139636362393366653731333366613962
31333832613631653437636632643038656638343865366435316335356231633935363862313135
64623063356665346632336238386436393164373632303831623163393136333234303739363033
39616465656436363336646332306634306666353233366539666131323232353965303037623530
37323361326630633866306232613836643064343661376334353263383630313932323433326463
37306664626335666234316433653530396539353661643334386333313239626133366430336536
31316133376135363765393836393432626333333666393838333163383661643636326437613332
65326239346566646431323332343639316433306438383531383863366333656365303439613537
38303866363964306536663561306165323034666238616232323637316237316138326461666463
32393930353638336531306137653265616530313536316630653366656539313863396562623064
30616135303631363562636261396237353535666637663364373838306636353030613331383065
35313639373032363037386462653636383835383963373063616237343130646535373239396130
64396666313633323933323830636434643038666435366265653264353164323338336162656263
61663339616265313236383064326532356561656566323962346166643239353339643631623966
61663636393730343031656532333764336261373232373838623636633636653862343562383565
31666431366262346630663164653564313438383335303065396331396262663034336435343261
61663362633639643534356434633730313633616664393538633430353038333465353163653464
34666662343833386538613532353231656166343536623932616138386435383737303462396633
31623532636438396565336361336163323337366337643436313633343862663435653961656239
39653533343161633730333530376265313761613334396639623432313539376234356166636234
33393635663337616539633438323864623164323166633433343863333137346332333936353038
34623731366236363766393563666264633831373231646665343161313532366139613162363130
39623366643639663662333136393531306631376238343861303965356362313466336538343437
61383566386336663835646561383764306461383339303532643235393561616134663430353633
64343539363362333061373830626266373862346236343034366236316435353963663738663635
31366462633530613332333236656230353934373835613436636564326363353134616231626438
66666630353564326234613265613635393933383938343166623132646534656634386538323565
61633839383065383965333963386362343735313133353866636133336262346237336332336537
30643061356132393533663033333663643137343466363865626139626566333938306362313039
31323862353239366365373737346533663138333264303936616464623433633031643932373933
32303234313435636239643931393634346361643965366331333039353363616533633539343535
30336432326635613062623736356637393064323934623834396561653266396630336465373761
33323738656166613666396436633439316464323564626338363632383736393031656461346530
31636138386430303233363836643935316661616565383735613737656463666363353461616262
30333231613333353462373639663161353661633637333037303162663737353939336439396262
32623735333430316139333432356563396565643365633864336434376566633134366331336162
63386666373739643934343238633731373665666139643333613836616638333361326431613263
66626333343132616565373361313764303962346136386663333066316538373461396535613465
30616539323137643639386237386664643035646432363433333264303938396561393333363738
65353735613063346165353932663664363564366238666236373165656564376565386239626462
65373565353232366666353066643962333165303662363534386362633330666261656164643066
36646466613465316461623533353735643062386538376630316366346366616638346236323139
32343233376636363035386439646531626266386631343936633063383666326234623136373034
30636334376364656162376630393936326530313535633336666566633238383963633365393966
65386435633937663033633366633837663432663662653436326138623235353363303661396332
36373737616564333439366632623833653161663337373664616463613865343661643561323732
66396437383863353436393431623334393032663434323735393832383230323936316231626334
62323336623834313332303032393832613361383333303032353964326462643964356131353832
34326364393739346534313238336664316533363036646635353062353465313530636437336665
38383065383765353334636333356635393561366139666130633139366235613064386431323566
63366363396530383230343264316435303066643034346138383339303564326537373064343636
66643665636163643532333762343032303462316536323936353464393761663237393630353536
64366562623238383439313530343439656163643231346261373631646239346633313365643338
36306432616165666261323737346466393539613062393734356630316336373139366331303330
34336337316637633065396365303635343030333263396166636539396138656436643434313865
66613939626164653463623464626637303531663532616564363838396235643166656362326362
66323137383234653935366564303062373531653532343464346462663764636435386266626135
61386563643564626264666466656262663735623565313965376665663034653732373765613265
35336631323066343239643631326166356238623762363136386663656432393064613737353531
61636164323937353837356439356437613136353762366261633232376566316339383663343564
36626237613565646662663434386531383266363637373461333262666431653366613132303162
31373363333266303566363161393663626335343234636136396536366637343861306436316166
34333739626436346135626538633964366465306436663764656261313237356433623062366434
62303434636461373662356236363539313636346634633763373961623865613362633436363735
62613661646361386333643766376132396331623632656364353961646336646463653237643064
61656233623832396163383331376538653464633462366232663431323637656165323639363566
31653738336437646462666639626239613636656536316337366436313937333965316535663038
32383966353930326161633866633261323033396366643161613738383462626131656565346561
61626236323365623339323833343833636664393161393866336662303433656232393266373338
35343536623564343935316236303366343264366362333430623137616661656564613838376564
39303533666430333437383833376539666464633030343266393162336538626535636238343061
64666562633330363963633430613436353133353834613735383863613663623737333363376163
66656237643566366366373962343938353565396566386164633561326563393463336264363061
65383637653138306137643536356338313266313833663938373032316333613931346635633930
30623234353966356438336661353139383139663733626562623131303537386432396634646431
64366365653362373835623062653864393038656530306233306238663664393239313832646532
30613930366431613533323631393132656537646666383137613835363831353334643633633532
64386635353033633333306232626464656338636161346465633837646633326136666138653361
30613331333232636363663036333365336136353665643464623530306365613762393832613965
65366166356531636433636134353062373262623936396334303736346361383364366534373335
34373637393439643338643430363536383333346566633264616462366233623438333264643662
37653538633861623339383232326266343231373261643432393230646164356463336339663239
65343832306130653833666564613533383437326232633833313932616234363739333963356231
33383964393966646665626337356365656666383066643365363764616163383939616561366264
31303861313966623537346332343365343662303933333939336331376235613333343063346462
39356166663637646461326436386431616437386533376334613232393965366234336461363762
35346162616130373039323361313336353036316634333338383339613935333163363065386166
30626532333433323135356563313834653665613964653037633263323632613666613138396461
34363632613130373139646362616335333030633033363862353962373138353331393630353135
63396639353636623634356431393363653631613835303838636434383339343562366666643263
39363431393862323864373932386337396332346132366261326563363039613731333532653531
62363762353239383635333565383431363839303131333933383362656263343236633734306537
32393735376634363439333963613837316664633436633265616334346161633033643166633062
37363732626138393435653831626439373834633462303732336239636230666362653035656565
65313031373035373130636434653631363731353866313937346663323564366538
