$ANSIBLE_VAULT;1.1;AES256
33376262333439633530653639396131316163343234383962363064393265363134616639333337
3662326161663639346662393938323930636464613863300a646464343637386466353830323162
32323863313230616438383734623331396132613833316531646539346431313430623162653961
6162393438353337640a386435343363666639626139326165353165353931623331323932633233
31663430613633396638643835643631393730623362323231356361323439363233396461386434
66383239376637323431353130613464626565386232663630363335303434623064633336383033
39396238346665356231326334386266343132643130376466663036346662336665303163396262
36376433393630376163366139633534356563376164663530316461346265626433656630383733
65356166323465663136333433646338393930313731303036356531646265346234376263323337
61613031653165343664643836643563633530303530316264396662356464333330333734666139
64633461343161636631343038653165353032393234336432393262653763316237313862623566
39363739636537646461313536663531383664396163623633323166303766306638376664626136
62623932663262313932383531633465316232653231343062343864333764373834316535653634
64656164336633366261383961313163313166376236626336373336316261646330613634616162
37613062663432646563333166323639663531363232613138326639636636353630636337663035
35346466666161366134343037646134623432373635306337636437653836363466346364613535
63393564343564613833353962643166633161313664313434393038316638363562326165306530
32636237613131326164313063376561386333626633356633366231373261316463303935643062
35393939323433383161313362356164633834323062376339323662336137303233643539636664
63373264653961326532396439663431663965653230346563373261633961393239363934306639
33656537366434343266656239343863316336616561303730343862313464616537626365623464
33656338353266356139353136336264366336393031376435313664626438366631323738646264
33663736326163306266613631626135343135353637333736366237653461343566666365386561
61316233373464613734313738383162383366353263633830626166366363393235376331383066
66323039316162623234613339633732363965343363633636663837383561623266643264663736
64303161306261323030323934643836633033666530373931656465626266323964346462323035
61386237393136626537383261386261366162376430383734343137633661316265316564386464
64316132633336356462383034303538363063646535326264623131666334666539646233656130
34316539323434643761666164343164323734663738626635356130346331393230376331333731
38643836643736343865373939323435393337633439336236353731386432643134633330343864
38333137396330326465333465643565366463343634313061623730326337373766323932313562
37306539373336356433343861613231653863663665623036346566633937306461663837656431
33613964356435613431303066616132303736363665366334613033613134353663323637313161
37346662623237323938623163383333316139623432363664323562653962633339303132616230
34306336356330353630376166353466613832316262363866666335373463333839396438653239
66636335303662363666613266333632366436623235643932306339633966656536383733663330
63353761633734383836306130376362616566373263343433386266326136653234636233356562
34383661393961313835643937343437663364656462623564666563623661363830343937383234
61383034626434653835363634636237373738336366643530623862656338373733393263366361
37616636306462383032303164303661363663396530653263343534346163653330626638656431
37393634376464336139643434313664633763316636323030333331353366333438616164386637
38386238363733656263633630323937643261343633643064666566353863313635643532663338
38316463333238316361323466336662336365623733623639366562386634313032613939363466
64623532343164616138653136346561353838366565666631393737323466303236613833396533
33353638363065316330643132663535386638653131393865623034646565646665646237383734
62323730646239643535376432356461376665333332383634623463323133326662623838653935
65326630363938383737306339313235313936636331633233643866363862613263613036656463
39303463313765663730653531343365333036636338656564393034306235373132623934613737
37623230646564366562623965656235313461333763393866343966346162353066613966353234
31356333633734313532333135353864313639646530366430343033306335643531616262313432
61366462303262313435616165333464316432383665346233346261393962366532323861643466
63303234316330653164346165656331643065633261323331343466316633623364613037396462
37326234393966363936323362656463373130383830376634326337323936366138653162613439
32616666363566616430666433306130636365633335396130333038353961316438303334613962
62333036373737313339613134646333613763643839393762333135396661643135363166636637
62383063373734666535626166663338306162323165646134383639323964633633366632306638
64633134623666626330656333333134653337303361313739356532366361366232383061366663
31643234616164633162653364313937343534383635316135653130313839356533643332323933
38323861323633306433666334383838623939363962373462383037346534626633383138636539
63623831306565646136613161333536313035313232333735363434633030646164366337386234
63343132363661663463373866303363656630323334376564613633623564653432363133306165
36643935616432616463666139376531396633643864653039383730646265643134396163633733
34646636643061656665646466353064616136353736643463643261353036373961393232633437
36636237396634373566333162366333396130616137663031656362636439646666356638313836
66313333613362653733313931333731613263376333383639396366623161646564656361363337
35363930343730323332613537396263306434383134643265306636353363333966343436393138
34343835636661616130386632666635626637653930346565656634663132323963656366396233
64353938366237386634326438376161623162653236656639366266353165343766393166653334
61323230356630633631376566623663333330393139643132343936386537643366343664383336
32373433333430323431346339633632366162356663643030393461623739633732386465323437
30313734313236396162363430313861343339323438393532306333336365306333343432656432
37353538643639313437363836633864396438363664316233383538386266616261636431653463
33333962303135386564646665323265646230383333663230333561313537623037653833366135
65653062653735363434343064343866336230353032346564343439333231653363646634383765
38646164623339346335663836316338306237633735636361666664646336636135343334383565
66343037643464656238643131383334373564653639613030393636346463636135356236356362
63646166646335373261623134346534383161623763616234653439343065663036313364393361
32303233396232323932306535613737363261663238613738383939623335303332643662393938
37333261396535646633306336303638643865646666343636643933333935623066643265653963
35623762366631363732306562383834646335333861343764393362656536346631396536323937
36616238383664326565353437616433663265303938653962636634616232383163646464643637
38343435323164323134343637363262393532376166636231636332666230663262336666623634
38653633393332666639626337663934386462636235646664636561636132366163313338383734
36383564626430643537363639326365643533306665666539626363353238643833323132383030
36316263313533306165613663643532386564303930613030663066306463313633356665343731
32333562393632663638343162383630616330653437303632363436383930373231366163326132
36386130663533343030376564333831623030636136363432663038326637333864626165373132
61633530366338616638313030383364303431616163616332383863393165306339663032363961
30313366626563353133313531373432383535623664356266376438663133646665323136313531
65633839343136353664646435643438643332623737616464613566363837366665333638306665
66373034313563656236396638306435303664616337643837313238303263646438353764323737
38656535343333623732396236646435363935333666326464353735663966393531633763626665
64363136333737396262376563346633346435633466353436336631626230626161653037343636
33303138326266613432666634616134626634333432646536663034646162393136643766626535
30363137336331333939346465636265326161643030636230663934613635656561376336393566
61303566626130366333633531636438316432373665383438303662376663663261663961346133
61643066666335353034643536343633386462666330613331663130303962386130656161313663
38613138396335396464306234653535653737663465376532663135373162363062633762363766
64343163633263636263643136643330343061326438653331663535356236623964396534346165
38393361373261303465393963316230306535333263336663396330643631656430646438613631
36613438343735626166346436386338393337393433336638333864366235623365353732613737
32383530643634336364396436646666393934633336393734623138623865353438636630383563
36333361663963656135373438376466303364346130663934356334376566353065383664646566
30336332363437353661323762373732643266613532656463313131336238383434376166616534
63313435373130643263386465333961656466303530376365613061623130643133376664353065
31393535333131366663653332343364396138643639643332663034346365346461373232656633
38346130346565316538326132343638383063636236636163666238366532663466333462626665
32383331366461346636663763386362363837323835306662346465363561323932623433633361
30626631376238663733306265663865353262613538396635646137316165303563653463633539
36303764333634363432396531623062356362313061306330613435626338643563653861323534
64376664356634333136393763393866613639393230356564353835313437636465346635396265
34386131373163646637356161343836343234613634363038633035316566643035613339396165
62656637393534333566333233633831663162363735383031353433636661326431376234643535
35383061303065626139613864396464616162663638666533313233316631373035333233356637
32363733386233323162303432383134653232623637383264353530396537356337363231343130
34646462646230303638666231366236313163653234646434383964326136633265623037643033
31623639663263633335386132386234336439393935393065616438643037353337613164646463
36343033616339313130303536333232643933643865636639363261373061643763393931643033
35356338313733653962363964383064386561336337613136316438626336646263666563333665
64353636383531393936633831353665393434666364313534383463656136663965396334356138
38333563393665373964386635383834633038663166646562383334643563326535396235653564
61646465393630636531306637353763316430343864353166653131636265343365343034613630
34613230363265626438303333623064633631333036633538313765646436663965333636633637
64643836356436323538643334633935646364383638373339643534366130663065363336616564
30323836333938633231373234316461393338363861356163353035333737366566663134373437
31363562326534346337656566383933353238316166363630396530303165393566346266623938
31306166373135386366613832393035613035356336393233656564376339666162643238656334
63613531393765653764396436363432343533326363376230656262646163343863303032623164
32323637353364666438643536656330343665656331356266666561303761656631633864626261
66643861363531333937653461386563623631333635336531343661396331353833616235633330
64623438613931343662366636343664613065353166326461396131353637383662396535343635
33623863386537343933343266386336323862306430643730313465636163613231643964363965
36623962353136333566643838643665396336646266313639396661333435623763633134383931
63386665623064316263663861656237383935343439333734333138393931303036323666643836
62653032383437343630666664393263383735313465383535386537366138326566656366393337
66343334323762396331663865396364623034633537323365343234333532396339303637303737
33643935613138393038636565326330363838313165646535623233653338383863366535323437
66373666656461303833623062393733643233643232643639613938323531373366626365663537
33323830653538626638646663643438303065623930633336306435313966366531313361326138
34633562616234343861303037313931373365326530316337323762323234373861383032373261
62383939656230653337656266303835376537643636326236306266623532623831626238313031
62373636623534653736363431343737653532353338663265613966303437333637633063643364
30356331363236633333636264343139363931616537373336373362353638613863383734663433
35626330653663653238396463323464346138383662363566323835343564666334303638303331
36353035313761306561313163386232316130313366393434626462653330353763636232343737
61333866333838623465393330366435373236643435353662333934376561623836333838363738
33386339646662383763323762633936373735333638623764626333323963666336393833623731
30373266366337663539366166396638316235316131613963633562346634343732663932636632
66663230663530303364343863303739376637326234366631383739626636636664373163343863
36373234336363663664646363653361333364323064313363346565333438656532323964633433
31303366396561666263313830376133396135306562616230376434623939653338366137366637
39353334346331333832333565633963333066346365663462363762316165316536623038356632
38393334663932656137393034333261666137346337626366613539393638663939653637623866
66623135326361643532363534306663646130373335386235303337326436623236643736663364
66343565313637666365306262333739653163613033353335616464303461373030383438623533
66303266343434663637633265363261303830663530623734656264336362396336303230396361
61336632626332363633396266383638376462323865373238313638393866333763633039353530
39646534383230643632366661326533363230646633613138643565326539656132313065356662
32386439353235376365366663383764386438363361306431386336366635326130373439613630
33386532386665303238643731363739363262636165643064363564633538333338323239393261
66346138666530383930633662383062323035643332336637626134356166346132666135373033
62656431353436383666633431646636313735323337393565303731353864616566636263636439
32303963623936616334356637396663666430313037326662393237363932343964353064366538
64333038326636396362316636313165313330306633663962373536366634326230313633363964
64646236613531613234366137383435333137363463363432373162316633333932303139313136
31643736626361616661326161333936313731376333383531393730633039643232633830313138
65653262663738396464333364303032663566306466396139303239313864366161343663313263
38356661666335653732383533333031326230336465393864663866323932666536393336373239
35313836633639323631313034633635353533393834623634643238303532303139393736353862
61376239353836383439323035303765616562623033636537656431336238363363353563363532
35643630393461373337343866316663333231316331653032323335306437343235383639343162
35666438353339363335333033356434303834623763366162366431633732653930613662613664
37373632303237303237393963396336373462386339626130323031383066343438
