$ANSIBLE_VAULT;1.1;AES256
66353665656235366565656335343162653937333531646666386232626237333065343935383836
6336396464343539633136653130323634626366633737320a323261363138363730353930343961
35316336333066303932356466356462666336333530623138616434396134666464333332386166
3232653336663932340a323334616237613436393566393832303034366362326437616131306563
39383030353238306430313464653537343262373063303235303264303437623337363636663536
34616562363763656638636262666238616436353136396533346263376534323735653931316666
37323539373061636530653534383032316632343037343666663736643761623561323035343963
38373863666433633734343138613765376132363966643935353630656166653237376162643930
64383539306261336133326166653439336433333363313765643436613632363661373139326234
63376261343061653762396564306133623831393061623232366432356662643561643930376666
61316562663337393031633035633565323166363965643761616163666238346631356665316135
64326333323563396365666637653238326235623430373133646131633930343638346434373133
31316232643634663436626232633739396162373237323336356666343830633264353336653666
36356336346233346136653731383838363435633861323739613432383861366563633463303435
61616432633337346233396362393163393365373833393662313939646538323237646130626135
33376465333535346262356130303266323164383962326430616139386264323639613866663563
66643130333231613139306165646238366663313261393036326338393931623039303264626365
31326631383865396237303361316630383733613536653461313232636537656431643464623433
61356662623666343463663732336233666538643162666262626330393565373165366531666264
35393939313532373063333266343839313261353631613831616461393161356135316664336462
34363464633564343566616463616133663932623835333763313566636433306632623838623731
61633663386162353864386466333164383934356531646139383861666362643566346662313738
61633535393438346464366236396535636631323430363435373734346661353463313066616563
35353664666432386665663731326431623363313762663163336538643033626234653136626535
62626634343338663937316466383835323635386630306531343961613164326639333465356464
66393737363834363837383834363731393363633336633038373235616463306231613363363064
33656639653465303764353136346233653530343437633135333433373265396539386135626531
32356338393238363561663437646538643933666135626331623365666363346363383636336465
66643339356232353364326262636162336564363732346636386631646365306339636264373166
33306363363163333831396539616264306239343963376665663831386237666539663066373265
35336263373239313033643631633239656163343163373239323861663462303936366364643666
62386231306139313638666665326364353339383332383661303965313232383533303566303135
38656632663065626265303632636263376261643036636264323436353737643264336132316634
33373834376339636461613661333561303033376266633764366564383034626466323031616666
63333963313261383763313631663738303763643162666533613663653334613034393530613333
34626533333030363863653132653062343738313739656361353634323830346266633965313538
64376538353733633634306338646232306131316638376662643531333463383239613935363562
39623334353365353534383061376331306565656164663163636564646330326133393633636564
66383366633339313464396266333337363939396634303838393734336539323335306439386436
33313339633962363136653761343461643237646539666436623732323164316362663031303532
62356134643738363839666563323864653630643565663830323036636531643335306463346333
39313737646461333730643032336235356531383739313139313833326166333234663834373861
34313333653938363737653435393561393537623264393731396663353366313265303637363931
32376339326635306261616236376138306633643335343331376332663037613366303432323638
34316539396161333637373636363733626135656430646432623162313266343866633564396535
37333963323963633637316366326232363037353465643335336436353232333265353565613862
64373063343164353463326634313566613334313830623836613237633365373664303034656465
30393166393435303831323736663331313266363864626366373433316331363965336632373937
31396639663339323930336131326363613939333263643164653835386337353432653862313761
31643936373237623830363066333763313337663635623266363634393539316233613034316430
39353265323339326566623437633038396462353663616136653133646262333930393031363631
62356337613937346432396531626363613531343831623063383962323333636163616133393165
39626631356438363863633236623137373062373936386536656230336432336438313439653639
33633935316539623161376433623461333062656665626266363735373833346361326366363238
35646636316432336639383861626335373730373461313431356562353339646439643536376132
32663334303434333736383437326331303261346364323665373538333435663638643434613966
66386662623539306265313337623464623131343961383734656234653834323535653632343632
64643633333438663062313561363535653136343036376137326166326632393237316433393734
66373834653736326336356239653161663937663436666564373737313039366365643339633366
39333165303337646239613538663763636234646165616235333236303332393963396137363665
33383538633533316563353935316135363534386635313464613264613265393462623735346434
30393465636266396162303761353463306437313836353864393233316139323835636636366261
34663964623332316137633062316430623935373936343038376335383362356638396665396461
61666465373764393338303066346134383137333761373862396631306366393435616433303066
66643865336339333133656436633830373765333032333034303964636437393265343239383363
63333234633334653362333237313336376566333739303966613932623432383837323434666438
36396438363261633837393832636438316564343733343435316234396535356234633462636436
66373838613961316637376433333961353430633734663135663132376565646533633332656366
62643138643762393439396662343831356132643164313364633539346534353863356531346536
37343930393233366466356133643932363434386463333764633834316236346364376434666665
34326665393733643633633938376135356462356430643062663836376262613638313633636361
65613162613631313166666334646536316634666362353964336438306564356238633139393033
36376337626533393835376634396339613461356530303130633830343739386132363165613835
31306438313464623661373362653538393265346164353237323362663835663864306637313966
31653234626232623630623535626166613931613234343662353438333263343739633738376662
39343536643839376636343062353963666238646165653936353339366633613636633339633630
35313937623863346333643036313031643731323932613161623138393662396532373636646164
35323330333439303962633637356266653833333662386461616664343337663638363166616566
32373062356137626633303436333234356133376566343234623435613930663762656237663731
39656662613861376663613530306566306437396339386262313739373730383363666237313761
35633531353839343735363566323538646630663963333066373739636266333535633931383534
66336330366435643138633263633936343238666238386231633864346661623836323038616631
63313931653763626636323134366438653735346264626239366337326662646330343635643266
36373038643265316566656438306463663834383361616565656138383063313831646536356466
66633837626162333635376662663664383961313763333365393735326338663230666530323232
66666131313832653039633436313762653936646430356666363263663962376161616564373233
62376165643532386133613866366234376132393834363231346331393063616264306565633364
63346362633730626262306230313339323164326530393934333130646338363061383266333438
39616136343932636437336166646433653939336237313263353562373730346339666437323531
61353866313866363639303163636165663636343630656132636466356665613238303162376366
31623762646465383262343738353866363362653231353335623566343064616130373636306263
34306234343733373539373365306631623239643466303632656163366433333833623733646131
65333537323039323335663637383637663265383063643730333461303234623032373330393332
34666338353232393138336331373830396164643866663830613237636533316336303833393666
31343666333334613465636563616438373466343863313637373334346339623836666163613866
66303637356533386661373931363463326638666237316633393730626630656332336164363466
39386465326438343362636562363139663264316461646262353866656230396230323234373438
33393863393361633565376266656233643534356438313536353937376436363331303534396534
39386166333361346539656639666130376637663338636363363630643336643161303436656566
38373333643939653932306132353132663833346239626361353863663363616261386130373836
32666266643761333334353835396661393265666431373562633437326161316161393338663635
39313363343832306435633736643666356133323036646363333661653834383861316463653563
30353130353438663636383363666535353861303935663238363762366536386438386561313062
34336565306234316639623538336238653564383061616431376265663363383831316463363638
64663137323161663638633139323735396563303435343733643661343034663166356361623135
37633430306162323337356231376666633863643133663966623964393435343836396566323531
65343239653263663466333036653666653237323536663766376337613131623935636439303762
62346531653239633263656636636137623364313263383965313737666430363336666363626463
35343966386565333762353839303733616264373666376163323735353237336664373061663235
34626238623863393039653034386236646666396265373239356539393030653431373730343536
66616135363231326239376463643034396339353636373763326333633435363232386133376266
65323664366530336462653239616261396564633636373334353530653739623164313034306234
30626431646264333531376131623032626630663631636264313261396466366235626233376239
33613831346431313262623933376438393730336135336234633563353531626362353432393466
32376236616438613034323432346265326564323532623433353966636335646162376337303730
61656131376133343866643862623835663037623762656436306666333438343432316166363039
35393966626332393938373634623463663562633362323531633061316237636635343138646331
63313339383232666431353963353731376461366439363535376338333939386166633635663262
32303530633863303561366461386633326263633563353331616530316531623338306530636338
63343235383830643731353538303037383366333736633062623862303938656563333934613938
61306163623834373535666562323132363737316530316633313263643361623866313933333364
30666530326537393731353730373038633437636631383061663362323166333033303230306234
62393261663662393434353034663831363464623866336664376531323835646564613262323934
39336437663366333934643032663539356235653433613134613738663836623535613139633165
38663861653635343730326666646661636465353961346165316336643532653064303837643564
30313466663039326263643564373764346531653461643530343531663336333137343730366533
31313135326462356536316137323633383734303435323030303733383164613261643431393937
33613462663262626561313135663038373830393733613731643839633962303731653134313434
63363432396534363135386166393332313735613430633032336266306165613438303064323165
31383535663332653439646531653139363833643137316463343534326637323330356334643137
66656338383632336238373730363438376164616439633330383232323464303763616461316634
31616436616136383463383936636662373737623637333639376238646264343762663533376438
30323638613733356666323135646265626338643037313761666636353638366631623563336239
31383638333864643430393965323930623736396661363138653935393032633866383236363134
32323037653430623734383563396334353239313832326161613230346264393635653161376465
33643432333034323662663135383030333062323263626633633564363637383131356631613533
33353338643837353332623165376366663364353539613533383830333063376536326230393335
62626235356365373264616531633362313436623937616332356664373336343932386235373336
32333961623561313032393362643438623833386136663635323838303334636237343264343164
66643636333833646332306537616438373331363839383363383830323566313231383563326135
32336139363664343236653131646562633130646235323832343635393863613232666633376162
34376533663136643337306331666266376332626334613238653531313464336333633366323363
32636363666631653632383963303731653461656566316235653262623566323039663836346132
34623462346562373939633465343763326532626137653034336566353335336131643361613134
32623265663865623465653437646433343135353237663861613138393833303432653839663930
31363162633163343732653730653431383162366330353463356431623231666364306432613330
39623438633464376132663439643131346633643365303766353266353332666338393830336634
64323866643635393638303937333339376564396531373036613461636537656136323334323435
61343538363838656165336231356564303438653438633139393533323665326666363066313435
66663234373562306566626630636536366136636565336365363034613566343765303733303962
36623033353335353133306435396333383734346665346238353333623866643363626637303832
35303762663965323031383863363538346262643735386638303733666539326530303061666465
35366566326137623135366161663135393833336264346234396263376335363637373866663339
37613031613861333663643733303934643563303031386536376431393339303562636661653739
39313634363762303263636437656239323962623661383636303637636133303364356333626165
61656165663062323264363136396463386130313034303837323464386634623965393764616133
65363962393539376635363335643034316431313866616561373937386265643365343562363931
65653962653539613563326636363963323633333632663338613033353438323262316365613962
36616462626434636336353737383562313962336265653765633437613938326361326534666334
36396166623330643631363938646266326339306637356565616333623636653537656561666639
36303865386539646639336238643231626330643635643133383266366636323333623466643665
64393933323162356235356364356164383937353434333735346530383864353963653036366564
34343934656631643665383661393365313933393163666665633439633564376533393339343833
38616535373366366435316564336337306661393931616538656431666537313035636133353361
61393935656561663865393133356561666161346430653761653437373361376133383738353133
62333662313439326435336533643065346535336266653730333666643134313337346463626363
64393361343738663166653939633266666332653365643738303135373962373333366437616136
39396138383533666663656634373032623262333534356664316561353563633238343264313434
31386232663735343064616635636236313536623633623461643064323866646438633862326565
31393935393861333362636261393466636231633862653630626233363962303666393463376230
34626266613563666237323066323436633137643334303230376266623862336336396264656564
35306664613665353133613537663466663438656231616531386232316166613463393132666139
64616462626438613637363436336363633335396562343136663965383162663931
