$ANSIBLE_VAULT;1.1;AES256
32373430666539306234376465323435623864663835353234333932643864326630653335623736
3364613963656537663831326333646339373732373264360a343766383534653435653764313465
32396236316466393732653338343962373636613866323130363034646336343836363034666635
3364306261356538640a633965373962636361626335663330316462626130386232646265323134
64366566333431636335383963343730353935613338656563383336383466383162356134396138
65636239313161376565653630323733356232616432306263306162666662316634333438623137
63626366303237616466343061393136633838373863623230313439663361383237366137343138
64316331376136383336663661316461376436626561373064323639336262646664373164653234
36366433313565336132383562383936643036623831643562666336383361333764333336313963
30363733333635616230656539303539656463336332393834363335336462346263656139663038
66323062626532383438323466663863646332663434643333356561383864396265393536356132
37626433386338643537613331396634626366353764343863393839363231333338336564346332
64363838393435313436636465376539363834373234393964386439656265663534303263623639
36393534333637373465366237383631626163356539356537636364366261353264613964636562
33353139316130666331663634323338336235653734306330343839393564313435356661663434
64326138656234376133333339343231393165646564313239626136643535623964656434323065
66373065343338393762386435653663353661393538636466613766343431383430653539356665
64366136356435613939336366633536383132396661323731303638343961373632316439393837
62313832613537323237366534326534643864663866666335313236653163323631326339303238
32613163383538643034633738363334363438386261633263623139663566653933346633653831
31366633323864303235373132316262313465353739613032316333333338666663346536636534
39333764626661353437326465343466666536336337303561633361393336396664323231313532
32346662353931666534616337343438653835666234626236333264326533336666663939613364
61383833613064666533303561303432333233303664623463373464396634656230306435626165
62333262613438303036326365306632386430333935613435303239303366663130623233613934
61373233393361646163366234623061346132633331383861373438363537373930663730363431
64663761373531643035333839383530326433353866643733363331663264323630356366396132
36373431376664613939336132643431656530343862663637356439316338356462343066363962
35366337316636626537373231313062326331343832393065623135643030313961356135393830
65383234666163333163333962383633653230376562313530316232303638313862363266663364
30636462626638383030623535633235626632373835353965653038323336363131643739303539
31626565316231346466343561323530373366356431616266633165383165353364346234333836
31643434393839643339336564376336326366636536313032616238666663323364366564613763
36666366636537363237353937353838306162346639663437376434363433666631643239386130
63663662353264643762396133393963643866303937383833356537303666393739373334666137
61613066646132656362633765313832643333316133643761313261663837373234356630623635
39343739646233663063336137326535363366393032326430643737613161356663353432386338
35313733366233383664633730633462623865643263386437633339306664333231646364646237
61653363616466366564333436623532393235663035323466373436393831636432613666343536
62356231346135336637643665306435306432346433346239663635393461393331396263303264
36313861373139373665323534393066396634356633326365316137313465613238646161303634
30313264313764613438306435663162343635323738653733313931333632313264636630303563
61663331336465613635663962313233616639643330326136613734386234336139383364353565
30663331613638306433336633323031373762613334336335343334323835376231316564616566
33383963616536303766303630366264376337643030303239343765306139346131333233633834
38353339393839376434373638346431343437626635623130646337366632306564393431346235
35353165613731626234346663373365393732343433633338313538306162363332663732303938
61313263336665663961336562626634393736383838346261346561336138303264343161303835
30356237326665663263626463663731353130633532653833626531643664623739373636613064
63653763353163313735303938313739616635636235636165623161303266306137343461663235
34376265636530393134613138656636623039306266656232393035363561326432656531613135
39343262353631646363323464346538646530303561396166303565616430383735376464663031
39313430353961633437356366636566623634666564666164343037646266316666613132326634
30336233393463383034323939323937383764383361653264363663323135633563616536663330
31353137633937633634653633393065373731313662343962636233316162363166613237393934
32333364613533366535353635633733613964323765626563626464656633643733666163306162
65333936623462366535343066303135313662306434613135353735313030643238386165646333
61623532616134373137343064663066653863383565396362306462626465623731383532663839
33383666323830343861396363313739303738623963343563363436653664376564653631396630
63306464346338313536366331303733323537376231323536366435346531346636666331366463
33336465396361653064363732363565613962303432623534663561323265393331316134323739
35386364373132333436323833346364363934333766316638306230373130333662373233303834
39383330663265613132616134646330313637323964393530373334383138653133633939353464
38623037653066636332643262383830663239326539613065376133646433303232366139356431
36363132316466336239363639303062363863643236353338346436363135363033306436616533
34373032356263646239633739303266386637656632646531633033373663393466663931393233
37636631306639306631356134326364343561656363373462353134336332613430393438616635
38653533343337633062313263316564386634316634633665366332396631663339653430646236
31666235386630663431383637396632373633633935383662353333356635623964326361333839
35643362633338633035333762363636623261613030343062633962343563646365613865623864
32323630623665633234646533613664633065356332303937366236386234633363663365633338
35363061393631353264656330363235396235653363303839326165636431386638306363383736
62336537323362663037393031626538383236623431656239383265386430383631373135656534
65336532666333346265346138633337313462313264396262313865336566663635316163663865
37363830343137326632373037373335346363323863613161303532656134663966373562623839
31303733383830643039333038306139396438636364306139333533383361636465303337656339
64306363666337333165643430303031323530376333363838363963393235326232373430373063
61376463396438383435383663643633303364396530356164303536323134653236306437613131
36343338333935623336356633393565346462313637303737316262353036363135626263623333
66363661663437306639326138353635323337396235326164356565366439653836653261303361
32383137376463366465336135353830353262383666663264633430376334313330653934633165
62383939613862326535383463333464313334343432313165636537306365643763373533666663
34306533393865386431623437633031373633343866656630356137333966393130313638373635
30316137366339626537326435636162653531613963383265613130646538356238613131643732
64303766313863643933646462373931323534303238366432313938376438366661623035363336
30386262303830656437333666313166393733333035396532666239323063323833616436626133
34396635626262613730303263363337636266353962363331306638373739653733633166663465
32383935326631356236346166363061373434396364366435323764343138616534373361316338
34623263356266353632363361376561396164666233386662613662663138303033663533653565
38363137646235313530303034343339666464326136653562306134306433363761393166646230
33633035363235356234326663663637613434383437343562643163613762643039623864623638
34303534343064306365336363636130643362323566383936393132323032623035326563356562
35366262343132373961306434346563346365353238636335343431393937376137333935366238
63613632313538373163323037636239356133323663633361306537386630306536343861623435
35363062303539663665623534383335303436316331373839323837396634323665623237313861
34373364646165396139653432623536326661346661386632656238393335303439373761306262
62636364376466316331656432383362343263623236336636343936663133323435346561356532
64646161316364653139306465303962393666356262393730636337346430343737396536386136
38376136613034663537343863396538636330613634646430323238386364363131393361363439
32383638643663393333303834616562316237666131613431316334663232323836623966303331
64613731643135666663653734393837633962343461323766306237323064623437386233626433
35656161376465336537346439353764316337626562326639346665386564633864343838663139
38363432636461386133333335396435303639316665646438306466363936316462636330616135
39623630623966613839336233333865663032303235623663343363303832656138313935383332
30336334303732313433343634306666333031383936393330366665613166333833323638313662
64336366663334363332346266373738363662353234653431636564343830306539646534393930
34666333663638633434663565396266323366353062643463643836613439346262643337643639
66386665336366326461653966623566383330656663333661663565376333323533633134313834
38656163386631333561316462303462333335383063316431383564326436636435333536633133
65353831363731316461363334393432643935313864363430643862363039643231396539643530
65646435653437386435633530386338613730376639656433393435373237646435383533303735
32326665633638626330646331363361303864373032373532326362633337663533353761646436
34393764396164353161303738353762646639643838653536666238313638613165633766316263
32616533356262386333316331326166636337643463656630613734373164653131363731653439
36376565353364646264313837333862376661313932373161643065663832386138383863323738
39396365396436306332323961616665316463646364303332376432306166356161656366383335
63343134373266646134346331353034353761646564353338623534666436666632623136383164
37363865306634313833323035316532633437313335316633353136653662313566353833383064
32636137623861666333373838636661356331356535323331353262343938393961316339346663
66623135386631626662356462366365333332363137376561356234633139643438386235313438
37343331616335303564656334313831336239323062383265666662333665336338666663623162
62663639356661656239643239396230633161616637656230633635613965633064653436623364
32393434383037626638653936346362646164343764633333386565363962333633613038353465
64393863653832346333653934383166333430316434653261323135353262646563313163333634
39626561353132393033333333323365623435393832303365333164363964666634623435653137
36626165313836353164646165653564316634663562613862346166373338636462366661343363
37393236656566653939366463363636396465366433353739363339373166353361393831633635
37326361646264323437633562666365376531373964616535393935656239613636643665306437
64633864333330316163656338386237303836303462336432613036616663626666383963633031
38656232623961353238313338313363623831666561663234373964633934313862653038303434
33316666653632313861383635336335313633383866646639633137363566373965393937653633
63306237333733373733376236393436333561356263383065613431386462383334643632656634
61333664663031343930326334666230303062303830323339303839313232653236383766633266
31613166616437363632323934643333373764383433633761386630376335643561383766353061
31353838333937333765396462383531663462633738313633313135356235303638353737343364
64396664623939636262613033316130656533323335393936633236613537373333623838323364
35343066326233306130653530633765376464616631303963323333653834393634636539623265
34393430336136346231633466393630626532323935613665343439303238623533346137396563
61323730373937383538313639636638386132303664396632643064306637306334336533353961
34343762323838316337663839663863613933343137316165616336623139343466383666616665
39613564643038376137393862363165303032623838316635646464363631356437343534623838
38653866623035653838363439626239356538346664373662396439333635346262353634663066
31376432343263303032323866363037366238383739363537356166353861666135373062623034
64343834356164626464656631366137333631326433316237643365313064376232343236393563
64336631656335316334326661653939646462326634613233633538623238396465356237626131
33393761636664636533613337363832356263623864383439326263613834366631646361633339
61616261303061633061613832646437653530363639383565323139366231353031656465613436
30653331633635663765366634626166646230326634386435633934356634373331366464343332
32313031376364346536653463323766326230663839636366623937656138623938663330383131
66623831366434313466353231363163383039346630653531643762646264336632363063616534
33306634643737616633353864656665656163333362343364333364343634663766366433316634
66653639376236303130373133626665396138643032363033353431373463663530333236366266
62313030653831343266613739373635353930363134613461653031653630323138636138643964
35653764626438316131616565353638636665643230336362346233393963636366313265333262
64343633396531643831633430616665306430376462323162333639623437666139356664616662
62383036313766653562336562323863643637663066656637303336663831376365383365393162
63646435383034646637646230343736363230343734383633643630643734666263613262313164
62646364396166623034333738353139383334326562383537393433663434623134346262666166
65303462366132646339366338623238616539653735666233653839383465303965376438316237
34626466363837326161646336653465376261663936666438323238623661383139323337386266
62343036393464626330643666653531353731666666346639366534626237316339336466346139
36666565373864356438626662313261663039346539646537376434623935336637393662333332
39383063366666313031666566656661353737616537616630333433373765633030323434663430
38373235613761653230643866643939373434383236393861656339613339633231323135323666
32616435633463386539646638303264326631383864656439383331623335383935363534363461
37323164613432613461383330666362653466333863303730386135643436656265386236323566
30323534336264613431653663373664643330383935393732306161373261633039666436623538
61643362393139373962613435363138393432366465643066363031363832393533343836313235
62613961636161383430366566626138313461623431393432656137383364656333316265636132
66366232396562653336623365316264633036646333323833363837663337623733393536653039
34613261663262636265626630663934613935373534633339393634666632663862656362313362
33393063653239656134336666613236616261663863363436303433376261386333656634343864
32303934313466653139353261386162326130383233376363616339353733303735
