$ANSIBLE_VAULT;1.1;AES256
34386633643832393636303533353865623731383333633732643030633130386364393265346335
3866636238373033303366326361313437633733383939310a303331653539313866346461313633
64386131386435346234653265373736643835373166633164313235643234383237376434666233
6262326261646536320a623739303432666636363261326366323462383837636362333537333661
37333534393633393139616131653566633064376239323439666336623336303434316135383635
32333765656662386362386563313230303738356565353235353962326463366338623838653533
34643866353266663337333865613863653031356332616463363636333834313033366539633866
38303662396566333664653065363731383139623636333966366634386433393661396363373664
37653433346462313265326139306365346436316166633365396334653865303933663533616334
65633964613234303763616631656235643630373835353231303464303465353238366634343437
61653439363733353364626463656461356361633862613534653730343863633465623265303065
38323462616161323763383639366430313865613134383530333835393963663739653533613135
39356532363931616336633462353038303166343463623832653266623237313931333934353563
34396532643465353364643131373265623437306263656538326137326433396361386165333936
65363234633164326530303061366131666565306361623334663936346662656537386631356464
35333335373136643137616263366538363230653430613435393963623136393938333730656436
66623438623965383238316233346333333835376138633863636631643464633534306437653031
61393365373261643661363961346332333236633231346363623137663334323162356236363965
34356639633337336638313465316636326366663365613139343737633362613336376639636235
33356537323266326635393263396536623131316436383133346331303161386362333730643637
30663037363535616539633237616162386233313366376636353936626138383736623662666664
35313362663236636433356430383637633664396235663633306464323962386635616231326431
33346632373137613130636565343530633065383837373636363431313134646636366163366435
30613163306166626362393036353437396163666436356463363033663863346433633865613662
39303931346661353963353330663536666436653063373362306637346262356566353433393339
33666433343263653362656665316430646132653266386336353933326161636436666338356538
35346139643834383961653761383230343764313165303431343464613462356539306662656636
64343366333330633234346139323332313663633133336565306131656137336435623063616436
35313433303831623433396131376533613939666430663763373833353636656231623434353231
62633466353637623133623065383861613430383863653866333838653463386630356335633563
37633262363031396436333266613532613032393030653337623032313762666439646530393533
62333662306533343964366331666633363933363532663430363437363234623837656462356162
39376537393965656266663939336133656133616164343035323232353139623866613234613237
61303135343035633831373866663436646334336337356632333333353832376664366432623339
38376161306431313662336633313063363962363338303162353861663139303864613636333731
34316634326439306138356633336166373064393534353031643035316563376331363936646235
64356236356631316265653535356466663835653161343264316534343031363336656533343233
61343833356239653939363863383334313834623039303837653331386631383461663633316164
30343930383963643365643966306436363534346532666464613531306431366133323930613838
35303434373839396631663563633539343533306432366639383332643432633831336361333637
36393436343236313836386562646466396231353833363333356530633462663932353135366164
35383365373464323739626564636163613065626539336664346463656261653163613733383263
34643438323238376336633531663337393063393936353239373136373364656530303936633132
35396262356635393233316362626163303237346365303431366665393163336331316664656663
63323263383637326261376430616361303564313330343438346162636431306166323662326238
38343365653731313537613764613062363035313839346430363630373166303962653962663030
64656135633534393538623135323239393933313737353266373532306335326336353266323737
32343031373436313462616138316262636466386134626437653066613633336434326233323465
38626566313465306532393663653330313462373037626636346364386333616232656462623331
65643433656464626531346530366164396538633464666335613236663966643137656239386638
63613238363830646661616666356361353166346462613034353638303437316632333232323135
35653237633737643339323162363931313134386531663932613731366436323334623363386264
30643365633161663065313734653231613835633634323035613964656562343835353066636461
38363339393235313136363739643537383463353931616136643664643833363037326234396666
35383065666439363732396461663562363661383433613566396161376466663161653561623539
61636361373566323635383932643137653461353535646133356531323730393739366563643639
63393037356665336530336162613932666231303663646364633062326630336339663764313531
30376635326333376631643065363234626363313930343331366134323039393331373866376332
65373030653631656231366231626661653466343934356131313761303263373136666631336239
63643337336238366337363038396339306232306265343238343462643662333962333432356239
36363334613232376663323634633736626261626236346434643031626466613235376266323632
64343339353864323664353063626131613034616333323632333032343034353634353964613863
65613832616339373861346138633664336533393135356535663432623962303535653333323034
62346132323830626631643832383232613033656665346665643639316333343662363037643664
37323039323266303561353064376461366635326636343263316635323961363638633065316534
65353734373731653262656631666433303636303837653432353063393433643238636438636231
32626138313962383665376135393465303563376363613763633932346565663664636530646633
63636164316466613832383064313366623033303532393762303833393262356238383337343733
65373632343238623066623934383730343961613461303835333230343864663161616130643939
63626164613232313639383736383766636631613966663662643664363463353939313237636161
35366335643366333336363031313331613532343539316530303230376164343263383261333134
62353831633963353864383532393639356432313337333530353430633331323636313162636130
64656439656366653136393539396466373335323330363465373732383964373633363833646431
62616563386332316365396264613039333732376236656231666130623366393738613863383166
66333365646261663439636463383766393266343131616564656633633866616432383335613265
37303066356262663265646236616130306331643031656261386265663137653936613662366235
39383632343832643130326235393136386464336130343834626663353930316531343833366163
33313466323138336538613063343735623836306362643861336161633434656361366162663536
32333630373431313166643134643862616666666335393433633730663837363931313665363734
66336634663864643035663965623266363333366162623139346362646431663230653566316531
62336163306636396566666236393839623432343130613666613231666535623234303730613030
33386365653262303137653535333262383065343633373338333336646639396136393536366265
33303039333231393731323033336266363161346336613266626536363437396363376139646461
66666234646632626537656565353663343430323338333261626137303465386566613734323436
35636138303135303161656263393262346234303734313664613738653264306464643462396436
37373833623361663337633439343463353037643637313863326333633665356561633734663836
66616630323261663835333631613433663735376366306434356338313530393239393066656431
38643364643332666362613033663039656632633531343062383166356561316263646563363036
64363030383534623431643830643231333636316438323636653664303834333738353535333531
39636537323133346532363532363064633962353262363466363238616235656361663266333832
34343132303237396362393632353338303535613631376136653061383334316634623130356465
63616361643633323762306665353137643738623332653636356139353839666238353537666537
31356433386437633330636661633734613338323633646632653934343133313335626339646536
36616235396537643831306236346566353461303366386133323662623936393966656337616563
61333834383265656565633866386230333233373661383562393065386465306264336138666537
35386631313933386338356663363239636137646363646537646237383761323164333537633762
31616236316264666538316633313931323262376136346233363137323266666239303066386262
33646363323136336665613430656135626235663536653437613737663035613462373436313931
38613333326665626432626263623939653232396334643232316232303231343437323830383135
61366135636231356538373031616262666363356138373161643461376363386438383036626265
39363761633139386163323335346139393463363238363139626161336566616639323233323166
34626432666561663262323330656239383266663738633566623239303039386234366333336333
36363631326565643666323465346265666366393432633834356364656538343137393661333931
61643235356666613635646439636535303932323562653735653534636232323566363462643865
32373531326462373235326530643930356662323863373561316130333439663964326332653130
33363261356364306638353839386664373233616562306231613038396133626366623565373264
65653064373930376666336139643864313437633431643132613135356637313636633063626631
30643863343863323536373864333234353565383135653136373666383637623866383130343266
35383265326534623762373063623932346433366430633966373530663366396233323164643966
63346532646230656661343634323634626636666463656130326266323762313230646139393835
65616265613430383863363864643734646438363161636234373338383064343765646462336636
34363338346664346637393964656135316664323238636637343133356364643434323235353261
32306133323164636562623264306566313231356233623039653262616565326661623864336234
31643433396133663130386263666566356566653462383061396666646566373935653739323863
66633064643737316530353935336234313630633261346363303533646130376538353433323730
33663635393737323064653033393133396165646566343265373466326138343066353735663762
62323434326637363764393939636662393832316161336165646163643561333636613061356262
33326461316132313234613162643263353364366638336232636631343535303936333266616164
36643530666331643732623663393164353361316633303539333763666363343636633435323838
33376238653930313831306230373336373463666563663035663934656238356439396137396330
37613933303333333663373665356366366537663165653464643166303139613763663232316334
62383137626362333734313334636439626638313061363662656333623734316366393163666438
34363863373163663665363236376433363536386564303334643133303461303866613531373530
35323139636530326539656661333234333032336139653263643566633939336231373833333064
31363264613861303863343864643962326361303433636664386130636333323830373163336534
34346338353439343831306133653638316439626136353961376136383634316234383331373665
34333535646164363563336235333536323565326333623061323032386534323062373535316333
39356137636236613038373835393639366339653338386264356634396266373135336434656435
65636332643331363238663338383338663135616631663363313866653161336237323938663966
31376532643564653530613231313935383462363735656630366539656662366232353965393966
35343232386564333234633165343438626632633862613436363163623261326537613438636134
61653264303930393166326231653538316361343237393431373732383239633034373634353134
35323762393064383861306337393536626535393638663133666461303532373830663861313632
61346564653736646463613235306532353133323839616561666137336132393739346331613965
34303762616663326130376463653562376435643136623737646265313131643431316634613361
38353539353361393534333535623031323965326634393561323930666239303165393065326166
63313339656339616664306365613465346161393031353734303363656564393361326162356337
66306233396265383166666333623030623762373237323337393735666562393461623532353437
31626630313862313039646231373335323530646466313539376562333063646262306434666530
36356266656566326637323536366635396464353439386438363932663031316536663131393036
63616435363835386661663830306632666436396539373034396637336363616433346366653031
34663338326162373265353061336165613463353365343031396463366532343335396435663432
63303535313336363233346161353536363531643136373033376538383630306566646239396563
36323162623838396537333666303331653365613235656438336365303033643365646561643565
63633563316331353838363066386266393939303938376664663331373965346330336262326236
38643661383162353765366333333263363035333061356161613533613931326363333537653536
65616663323939366437653330666436346133353938623861303263623134323262363530613961
33386531316230366337383864323638333062366161303633393234656634626364326436613334
31316335396630613161643239356238653736376666663731333736663235306132336235376533
63363732303034633261643164643062643064306335613663653161636362623231643839646533
35636139343536636238343735626362313266306334656638316337376661623538396632666165
62313664383363393138636338363639613533336139323666326631623666393030353231343461
64346335306161323430303038653934663666396664386566393864386432383034353930343038
34386231326339353636323463616166363538316161326230336433616133663539326236613532
30333831613035633262363266373361663233333062383039646361353163636265636661363963
30663931386566346231386439646466306662626565383165353632643631383363323331353761
32363030633633336532633333663831313239613530393162346365316236313330646532396432
30356536376232303863306664616661613832636539393430643830343963336165346462313465
37643637663066303231663339666435373338623538376338353634616433643761306632366531
34653634323539353430316231376461323262613233633838373265376566356461386137663761
30373838333866303165656264353239346631663865336465653166313439313463653166643061
33356439353963616462316238623836396362656138326261376365326430653265333264356230
65376236326435666533303733633739653236623261646331376561613766643737323666616232
36623439616532396337323264326235613833646135356162616235633165343764323330653966
61363630363230656362626138633033343765313130613039623834626639383530313966333132
62336138303739653762623937613731663737323664626138383735356632386165376537373730
32363363333666366263613138646461323465336134626363333736343163623733343261323230
36333033616431323664636666346639643130303433363562663261643032346232333764653232
62636164643738333131313766313664376439343130356565333033653263613830623133313834
63363862663261376366663030626164386637646538653030643161333662356262643463373365
63383231653039313536363538656266316235313438333565653165346536386337376534336465
65623535623166306437643433313135373138396138316232313133373839303538623336663835
62333861366539343531353366353539633136356665643865393137393436346435343533323135
6166376464613632306339323834373162663131303130356361
