$ANSIBLE_VAULT;1.1;AES256
34386436396438663037343737303034366164373963613563653333323337336530643362356138
6261383131353432343565653731386234616433366338350a393564373331373965656461613637
63613761623833353234643864363531306139633865646239343664636463383839303865316138
3538306439386663300a316664346465303739336433653465653964306666313033666362333066
64373838376235623161336466653537353530613933396135373037643237663230663332303562
61633038353862613562646336373864313964616233623266313962346334643738396561326633
34363264626434373138323466653961636233373261383362663930346362353838613133386565
38636137343137623734616139316662653034393461313935353764616131303366343761626130
34313530653264373466666436646261616132663537653434636565663263303964366430643465
66386366336462396533663437393562653930386565323632623434666235666637303065666437
66343832666530313466653763663036336661383634336232643732386563373131396535306139
36303033393334323030373666333265646235626466626263366366613331393838343762643761
37396534626664366133626532616663313030376639666637666130366661623336393562326439
30633635306564613939373037343763326536616261353566653864343433353661303536343861
35633063383362306130643164323166363162373535623331396632636633303365646663646661
64663636626339356433303361313339613534363230376239323333376135643263643333663831
36386431643536653363633737333861626430383735306636396135623062353138386231653934
63666233346362386239333366316334653162316235383836343332313536333537386236616339
34333765316264663936636666383465363832313564656430616433633731613632373732646234
32343639373930353263313135613862626662666639386533373661636563616161653764313464
63356538343739636632313230363234633931343836313231633865613037616137303639356264
65363366333635346132636536316633373265666236636361623132386464356461633365316430
34356432313735356534323635373435386364323833663130333165323165663335313331326636
38666161366265373036623564313239613237633863336430643134633339306438646130373065
35653437646238396433366539633332346163356261323430316232366134656537373239303637
34646661303837333865643037383232646634336431333338653137353138316363396532366366
30633063343939333764393231393739616234303934303063636463616330316533663466393864
32323134383139636663316466633864663835666531643530383032313336343163373362316430
30303132356462333030316130626566663836343063393034396136323963663031336337643362
63613639303931333666386439316336316661306536623036366131306238633163663838633439
66323434623761636336663630613562386639373030393434396163346363313433613736616233
61353338373537366133393934633433376234653837373964613764376336653262333266616431
34306464363937386131333238626635376338626137343538356566643233356466343930343237
66323731663039343464356434326266653530366634373938653065623638323138623730373165
34656432646462343064613732316662633361326561376137383164343638333737343264373563
65633165353333393866306439613737666132303861633331633337333739346664656632643431
39623035633330306461633463396436666235386332316161623332383462666566623331633537
33306637353164316634613862393563616465336230623736363739323161323632636331373263
30663931656363656633343036393036383064343439383534363134336138643431373361386665
39653161373135616135613264636136303163346332623439663832643535613463313434326338
66616435333234663233306331316431373130326437663434316365616238623836326663323564
66333466646638313764613936636439313036356563393064386531653634313562613766313539
37306339653062356632363833653865326162376538363439363331633039333432636337303635
62386431373962653064633632633931326661353465383636396432626166363163666563343062
37303762633035386534393561343761653438643661616663636239643334326438303632333132
64336636623436386161336238666635663662393532373935346564613233306333393661386163
66353538383532373436313765623734656332366538353266613637336562396366646536323264
61373134376432646439333065326261373563383336613535336131656633386433643337323937
37393436313032323265363034623562313863313330633034323731356334613836396339666364
65396534313262613864323066396438393631356562313264636131323133613434643038356266
65366164663939356435363665303066323735663264383932396637313538336632643335613136
64326363633433313538386136303530373237333139643539346465316135366161373830323639
32333733356538653739306334663439616336616663306536393933623264313731306237356266
66303435323236326461313562623863636664353663346337363539376339393734646565346231
31616432333162666662643565396631313235383431653030643433356261333061653033383836
63353964663966653235396236336265313035376163363364376637633439386232353663666634
32376439333264353232316130306536366433646561643764633261643034316566346162326261
62346165663834663934613363393464306536316136363932326565383239623962326363366564
36386464313963333766633833636131653433393330663738306137663733653363373230343632
32333835353430653831366337383364323833356237656361613361323733643638646637646362
61316631323864626436306630316133393438663765653038643230316535346434323865643363
63303564373466363863326361653839616437306536623164386539656666323663623333363363
39383566643963336538303232313464613835373163363134323539656666636437323464353732
38646130316535653133386166363238393732663465393432303263386237313635663861663962
64383630333838336364393531356132613862353534326533656464393764303736373333356563
31303765333734343861643136366237306261656664393438376132623837613033643738666464
38316566653434393763343337393666363133363062333765666362326161633261646361323431
32386262646436343465613963313263333532346165316633336133326132383039343430653632
65343537323965323230333539356235336561393630356337353636323439616230626131623464
31616230366665623265656162373866646131623534373330393362666637386132353237306235
62363731623862353332373932643734343633633930393362643733313235363031626430356566
61376332353235633039373133326335656262326665363764653431313037383064393233636338
36393232386564363334346533643338363533643065366239663761623364666533313264383631
34396239363638306362326237353237396531633933333638313933303761653662346533373136
35313866333430336137616337663735666436626362373737656635373031383139393735376166
32313131373961363266346364666434383132316439616564386435353336383536393566373531
35343162393331383937633664633363646431323532373565636235386366343561353563643764
36653636316238383234633766343930623964643531316462393361663131396537656634613664
39303631656234373166623538376566653735633534623061633638653831313037346639626464
62306232356532346365656330613233636165333937373765336263383937356435396235656662
30636334306435393931393266663434393764613232663733343430303338616435616331396631
37353136656235313938323939346338313831306335613239613039346532363236306431643835
34663965663733386466376331393862633333393463313739306265346639326537363931646437
64313633363063646439636633643331616162343937623230303438326334353365613964393462
64626136396165336230396438336161363136616230333565623635393436623930366666356662
31303335366232663565626331333536663166363565616231306138633038303235656361336563
66393130366537393231616439323363376565353734666161643765373631303661663336366333
37333162323766356234396634323738663433643039613532333063323463393035306536653839
35373762643566636533376365653634336436353864653135613966313835666530393037613231
38383030363432393839336137633338623962373066353562653435356230636434323431383765
30373534323534363761393833313166313363313231633564656364333165353135303737636538
32306230623961623539643161393266616361323136613464313438623333666632623733346132
61393865373031623133626264376562316263356139396630336238653566323565656164386465
34636463626634363637333434636434626233326266323032373237313434643930656430353963
36626239663734613364313666633161656130383261323936353165646231613234376366636666
33316435633439616534363061333134653963376561643033393333316532313338383537656633
66303038303337333737663132653261316232613233346632373832326432613532353239653435
64333735366566646339653166663537373738356236623461663561333564666632613032623564
65626662356266373266646632333931323065626335333461373333333238353765626439386230
31326134613764396130306330303233666430623261383366326339386463656464396563646265
37313864306239346130333734393863326436356635646161623930396337343366323933643036
36666163306561303530623561396531343032613036646237626132666266633432633161316438
31326462393962336430303330303634363263323230353538623637643732653039633835393630
31343431643532626231383962336131373263653538643263386135616161623465616639306130
31366436383662643334626237326361366137323862336463666535383063613037353534323066
39623466393933316137633731313837383437626332356262633132383130323435623366616663
64643464366639666630626432363765613338326330386266666162303631323337346532323938
63313735316237396338316130646637356133623633386337383330303130303463646664663038
66623137353165303435636433383063613630346238383532663131333735363938633739636630
37343635643766323632376664323065336566383732643434646132353562386664646234656334
63343565626436303038383163346561626461336531613164633030343231353936656338316361
62356661393662363465393638623162366162646465363932353862356564303739313462356361
38666465363635343563333866663365376362366132623764346233386463313664643338393239
62643733353935366633346261353535333765376136323961383333353337303530623761323563
36616364626562643039643162363164306361343037313563383861356539656564313665366534
39376638393130383562613664653734306635643730353834653934633661346532633033613937
63326666346431396230653336383938343465333735363039636264643236303938386164666564
35393161396239646138343638333466316430663134643263393137313039306363666562326133
38386463626664363334396637316463313364613162373133363430633439326635366635653734
34363762623564363431666161643563613637303631633436626463623434316465633739353036
31383730656166663333333139343562393938613738336438663466346135656238326533656361
66363666363134666139613961313636636465626265356236346162323263316331353363616636
37393031636263383935643734323639613164616639623262373863613833306363383564396263
35323861386664356663363538356637376435616430306165623331653566346263343730363762
34366433393735656665663035613139663532636165643664383839636237656234623734633739
64666331326235383130363733343734643664636436356265396632623332643564336230313266
64636433666232643466613030626533373938626539343861333139326136383437383263613361
38313766646238313165323636393739643336663164356532613838373861666264383739636262
64636437633637623166346337653562666163323665646564653964343334646632646330316464
36323531363930656233313165626638663562643966346362373135666561633838626637653537
66633536646634383335633030626235643236303533636139393766386363373732653938336535
61643038376639306364363937353633353434333939396338663034613933336438363466323231
33643965393434376336383264633537646131623235313163326538366264356133306564363732
62313135666365646665353037373364306433663231346530356364306532363963353532393061
32623935373861636534633165396236663736333265663466643933633133613530323738383665
30396237383232623461303830373566643136363764363965643933333764353263626163663564
65346635333532303664313738333639633236633366396139306630353530353063366532626138
37336235356332306432316465353434396162396135303436633061353339653138326562353730
34303863313935336166343439316538333430343364306166646631323330353537346430653561
38383033626435616164353063376336613464393962646535613533663462356430326332353239
37323764623130613163663936303062666263643431646333353361323235306364613364633031
65633632653937333263633736343135366566323838376434643238343037653739343664326339
61656165633961373537363831616564653937663732643734373339343531643366303034653039
32646165646539303133643837393332393132343331656130313461613333613766326337333830
33663737373636646238336362373430393235303835333963303430623737353439646137653966
66333832346534653465303532386538373033376334356239373336346138396264663831643037
32623532373037643066626630666232333463393362386635343264333137343530643566383862
36313466373531626337663534363164376663306161663639323538386437656230323164383236
61656639643430323032633432373334343836636334623933313535613563333164396631376534
37313264636361623734356161306138643930616263326464616437313561663561346663313765
66306134373763363235313530323239663230363363386461653164636162626132613039393932
63633836633235353936306432326239303562313134373562393663383336316461323230366636
31343935653163626466346433643865363030666531316432633334666431316138316662363366
61363162336334323632343633623631363662326431656336353532643434313330613534376162
63343736613138663633613932653033626162313035366265316230666566396338373738396262
61613730346236303634353734623462383863313465353738363034316439653463393537623637
37626434636231343138646338393864613330343036663666636536393133623535633138613163
31356431366362323138383964626137376466613130623837356436333761323761613733303566
34376333643033353530613633653331623134393436666661396534303638613366643531326433
64656365316264663363363231323039303163363366343436343537313933326134386363656632
37373330653564303232613437653139346162613838643663623566306337356436326134656331
39303337636330633634343933363736393837353331346532376536353132323730366338636466
62666362343865373162346632323765393432333363363662653364383437663462623631306533
35326338363639303163376435653632323363623231383762343864613663663235306439633237
35383739383332336235333430396661323538323131616163663238383131363835623966376462
31333464363765663032663565333366303565306661343136353231353835303666663633623230
34313663366631363664313165333535626133616463343531633937353937393461666237663762
32666134633631623436343232363361306662613865303430343766623235363062633235396163
64306366323832656230333639636561303236316266326638323265366230643138643966303332
34303436333636623134383266363531376432623763386263386139666339643761306533383035
35306663323766323235343332303838386235313765366333393333343765656564333266346138
33623331373465373036666432313533616237656339623234373934303534373661316263656430
65376339623761363162613633386236333439383730623763343562306432646566
