$ANSIBLE_VAULT;1.1;AES256
36306430333630383937356366326234646631373966363139373334313334373666643563633166
3736363865653933316439666433303264356337326136610a623664616662313561343436656136
34313030613233633039643432653831323838383365353736303133663661363338316361376136
3732643661626265620a666435333539633834626464363166373135356361376462393931316563
35663233353837613262383630636535623366636235303137386535636334383337373830643237
62353631613334616533643266326535353265393262633234343533653262356534626265656366
39336333383837626637626264396566636263343464613230646161383961363731353037356563
31646465656231616261363230643266346566323132643533376332643762393637363237303337
37663630623835343338303330386165623632643664373266346463343538376265353561613436
35643937643262313239343461653064323265656531646136616239646630313638363164613030
30616163333861343639663132623530323763303339643364313838626234316463313330653232
66393466393339633536633366306562613437633231323731653538303862313437353062643933
37613132353361396237303461663438306366373030356533623435353635316663373064633462
31656333356537383562313133363630303536333865356337306539623261363530623532363661
30663130343665313163303939393532623733343865363363653862363933343063663434303334
62303363633464623634366133663732663934333734643661313865363064363664393365643639
31346165356636303166346335313863383963333634636130656439366362306531613535393533
61373263396466636132306334323837353366323234336535656235643031336331346664313365
34313961306562333439643665626536656461396263623433326432363061343630663765663666
61386531303838353934303162663432363638643636326237343032306662396634323135313131
62386264613164353039626333373963313566366336336239616365353539363961343433616462
30306331313838323937393366376536323631396630636336646132346537663539333735306436
65643765346366323539333634653366376162326238366363663864666432633431323431306430
63323236663136353463373233623332323438663131316463656639333137643865633631353733
37646634666666616332343036306365363334303161393566373736396435393730393238643631
66366639363638646664313131323535626362366465613765626339303539366438363533656161
32666563343965626237646438633934306434613630393439653336363562653235656362633464
38373830666137346430303162353434373830623937653633393662633835633862343765643130
38366537613263313337323632616237653862656137323730343265383865376630633132386530
64373630356332333638386562333630393165633533663163393930656230373036613363656261
33383661316638663738393030343938643966306237393930396137633837396235386161303338
61663032363662613330643761303038656435333330656561633032346363383261303736373939
31346432656239393166643461643931386362303734353566316433376336373539633461303634
33373962393066336635333766323736363961386563386432353232363365393766326139373236
39366166386337343538373736656165313538663138666236626264313036343636363430326535
36303830303661353437373235666232343665636337653566386134313633396666306639396462
33326231633438633434306430623462663965346263346337333535306631646161316464646234
35616238316562636431323765343166613730653462646162343936396439376163376332363138
36393138346539303134613066303465353839643737386138363162653938663231653363373637
62383333353731643234616230663461373865363535343166326233383963623265623661663135
31343235303831393132623763643636373939343563346238666262633161396233376230376231
33616163336161313237656635336137636661666565363137623939366432656636646363633339
35663165633537323039623533343537366464306566636162613838313364613733396161613061
61376439636436613666333166356138313965333033343366316332643732366537646163643162
31663730303336313863336563346434366437656263613530616432396130653136666163616635
39616438343631306530666335313137313032363263336634366231303639633130356136303033
64663836323066636364613061363265383137363634323537393065306338383332656539633632
31316234363363626361386235613933626537616363663137616263353362363063313066663762
30656132663166353864626662386462366139303066643565663038323061363166316163343735
33363031663937336636336563313233393433346633333466356134303939656533343031633362
31663730616539616336363432386134376366653136366661383532393532663463626137633437
36343537353536366230653662656465643939393136373836666532633063396564623935383037
62396132396238383764623762623332363665653633346164656265353237653437316434343038
65366432343861363263346565333063646361303233373538323765323533653465323630613332
33366561633439353234656534306332343935666565326563643932333030643863373064663333
38313166343163616636653134646237323063343431643437316431616563303762363731396636
34663961616130613263363036653836313339633964313864633333653431383363346431653938
31313730646162366131356561636636633133323463616432363262316666656635326665363830
33653665333637303132656133303238613535303664616365346635663630663961343831306637
32376366633463613661653730356137643735353762653539366635663631376232633532613139
33663862646261663831356234363132393163353266636561303564353263376539353765376239
33613235616635616531313135663837666534616162656664366631303931623834313366356166
65363538323934366533616463636366353132326437313037343738396361343333383130366639
36356636613131666165343365303463323232383465636261663962333237353936383537663835
61306366383765633430343935303737316164393038663163663063303266343130386131346438
61616165656636636337336431353838626362666565646135633663333262623061333831316134
65383261623139343530333230313634643439666333393063333563313234356564303432663562
63393433353938343731386666363836323238353037396663376632316533663265363633353936
66366334346662373338393763303862303437613565666432343561306162363934353035646666
33313330366631613266633166386265646134343639343830643638623566653435306633323564
66323663653464323331663134626264393638336565356433616638333931333461393636626130
32376465643439633731343261363364396662356662336561313961353632386134613335613963
37623137313963656563306235616264626161623538663062643261666632636533383164643835
33643234323162633963366132623636363533613336366434383233383434373365623433363563
62326333663937616262656233636636333566313834323435626331656533666664656362613731
36326664363763373237343630323434633664386433393139623237616664363930633666326261
31363031643836663532303162393835666262323138656231316437393166646461363330363663
30613232663839353761373934643632333139363933643432376433613830373439303832663734
31653730636339396636633864306236323631323338333433323566623139393865643463376163
61653033643537376430633535613536313266653031656430306431313532666362633833333336
66663762323935373365313463643031303033356635653764383338663339646134323565306135
33306263616164343565343165653865663866333562376334613461656132353964356661336362
39373930366138626266393634316164656663616536376538343835623865666230306364663732
39353033346561613832663033633161643064613865366135333835626362343030316465646236
33336330396136323534366566636533376662353766336639666138346230343038656633373232
30383237373562376264366162313438353761663933386337373832383932373963643734663839
35616630366530623237363164336166623436363964663763313135663566383165633865623861
39636661626432363365653839313762353639303236316431623938333333303535323332666461
31393264626435343837393738303766343461613962336235383563366334643963366332303938
36653363373238636538346432656530313338306138356430326236613364666435363633396464
61643931613764336139316239373738353631633666353634366330636566653039323737343162
37353261313034633165626365366265313635306662313933326431363638663534323035626338
35633337333165376335313633386631646534313735613765383566353662646239633934653463
34326263323431663161656433656462363032323539613131393166643137363565613465666538
63643134316437386630663036663163646166393435306437646433633331666532343331646138
32346335333431633836396366396230666337326536356165623566376538663838633763306363
64356636653062363363643436333835633961373435336266336561393332623862636639326632
37313131646130626662663561633263353937316434656337613662303733616530666565626265
35373838316461663732343233386231386336313632613030366336353631303865616136363137
63306230656662316530303934636164396564643832346365646536363039303466363561373166
37633330373034636337323665616661353266656465623463313232613631373561376530643337
36613832303739336335626463326235333339613666373230653166613962316538656336383462
38346661626531666463313939656363363337336230363430363565636335653061333036326465
38373137636534326632363730366237393063316262633963393735346139326634636565613162
64653038623837646162653337616133353539393234373034633236366633356465646264303035
33393461346534613066656134623230653130313765653231313765316539633838386466626437
37633239626237396537343037363832386439663264393964386533343562356665363432336638
39643437346464333331326431363834313239343735653963666265303730383336636665353637
39616632393962353966303866343134393931623336623365616563383334316233646534656365
38616637333137643136653433663331643838303838303735623332323162326538663439613432
63306639643262306261303431323535663661303632356361643361613335353664623161623733
38653336663139623766303336616362303265396563376461303731666165616533306562363337
34613435366132653533353231653334326436313737366462656631393136306436633862636464
61636466356161306431616436383761316238623334323933613634353737383037313537353562
39343337353465306337636161316637383838646635386231336462393463326366353636653534
61313566383630323637313534643236653266333463323362323061313465343836633261653632
63653165613332623335616563626638363336633630373961653135393936303636386330396566
35366162666336386235616264666336343064646130643333636138316562313435616565376361
65643062626633623739646539613130353662303765663635666135363237383839396133386136
35363837613635343630366530633361343662343863666165616164313164333131393137353331
64343064376266643836323437363361333235363463643039623339646465343764613736326263
34303165666562633038303639653138623538336166333235613031383530306138363664633434
33363435616566636533323130333366666238326632343330666466666532653638386132313636
38373838623238316337353362373439616634653962366530386232353533626331326230363533
33616564373965383933643437336337313232363763663066333437643431383939653066343132
38363636393965363462653864643430306161663463643535343266393866653365646130396431
30343732346433376462326539643330623562653539386462623232313835376537343336393364
62613137376562376637623231653266303762343736613533353665323134643631663462646437
36326261646266313730316464333764626239353561616231353139343166666536633639623230
37363866643730343938656361616331623666663839373063616362326539363462326163303034
63383034333930656432373063636238356464326531393061623230623466653639633033366335
31646236623430356230353139366635373535343839646564633633363565633162363766636234
33666363653134633635306634626331396561383338386630636464343630376531303263346333
33373337363632386665666364626363326336313766323938646331626238383561383862366262
37346261373032386238306164396136636639306535383432326334343837343232323966616565
37353230666561656331343563326366373532383532383131663035623435666235383431383261
39346330643033326261303263303434616334653661376264313539623766343835326337353833
31653531623337646630366562373164306431336435386164303965346566323965633331636361
66373131323964363436633232343932666139383461366362316632333865633032313531303632
36303738393035353734646235343863323131626634633736323236333034313536356337343461
37316365653932626238646263656634633538346161393933633331386664336562363363376361
35343534363063353439623031653830353139383632353830613632373134396565326233643236
37396364613866666466373035396632393236313532353632653135643237383830666130623433
61646335353937303863366430376338303563643139363135383061353431643730386239343764
32363034653162383337656664303430393938363036653730613063333832343432623464613464
34303638646261666331393934353862383430613731343661623831306232646339373061303637
63333932646131666539383238386564663435643766653564303339363835623531623862396433
34383737643164303565366333646262666131643066353662616630373930393734663430306163
63623865313365616662363962363062316139393663653062643633623739346339646331393463
37313533666362313534333265636235663238353330333263343139363936326263646565326339
35623763633466623335393565643239613433643830326530396431306165303163363161333232
63336361633134646565316432633262623139363831653330626636386263613363356339343763
38393339383462343234333732373765396333386434646365316530363530666534626365336438
30623933613863346161336335396363366637393731313062323465633662336230616465336535
62663635373363303735306430643531326438363463306134333138323737636431343063323861
62366435643732323130376534356133653034633630633033346538663932313738366365326531
31663066633434653263376339663333636538633261383536616537633539666565613737616231
33613737613431633761393031386366393639373137323737656439646537326130323934396330
64616636373536373161613736626638613866636663363034656439326638613035636436626639
33383665633764333461323666383861646239643234316537363866326463373939663938646631
62613962653831356331613265623533383263343036623637636334643839616661666432343731
63633762333933396236643366326334656364653061643863323763336465363035666339363735
37333439376364336231666431336538623430616337313635333432626666373966376534653066
38653636323265623061663964636130313236353332363939386432363765613962363538393765
32373161303335326438613162393466323631383966363138323130646132373039356437343633
62633963353130633366373732383834366632303461663764393533646164653436663133326631
65663639373637663461303336623739363032363064623263646462323238636339366430396563
32373162373937633435343065663738313865303539656339316531383165376664326239643733
32386634666465346435333563323231393837336465303365646539316131326464353935633239
38626565386138336236663736343531313365666263613063386532333930346262613234363033
39336338306261306633313835616335366264363534653537383137623165633739373830613364
30316638393235366565393262303938646133663532643566363838383665393565306564373561
32316261323365333935346330323030326333656639663530373135656430393339
