$ANSIBLE_VAULT;1.1;AES256
65396236333966626530653738333466663962356336636363626135396532613837316438303065
3865623336623033643732336333386635336165373362330a646464653538306334666139393965
62303165386466663861353234646561666333373635326231386535303732623536306266633136
6132323963656634630a336562366361623032356462663664303930373437383661323036373766
33373938343936326264333361613464383965653930313034333566303537336437316631306135
62663866666334666537313162316133353736303565623632373833386232616332386332663366
32616330313830623765646462313936613834633064346631663136343162336462636232313638
65353239633265653838656234353034343939643139336238383033323563313734356131336262
64623061616665303130333434643135316665333133653032633865616433393963383233623336
31323133333361363661306462393438373635383235653633303933313862616266373864653436
62306432646339353737373734623234343866396230333761666164393837363962663933616362
36376633633166383731623663616638383432376164383365613037643636333066303830396339
30666461306632616562663637303962393762326438376131393830636135633365646362663031
38643065343065643330376237373030366234393936363938343130303965633730636637373835
64343933323364306562326336306162353436333936363335383437323832623363313836366235
65636662343637663633643833346464653239356266323437303339643539386161623131666337
30626537373563623565343830333038623761326563316438363634363564346133653532393435
63303638313331633063643363653466303566303933656561663539333338343534386663633162
38663265656238373861383063633639653934326330306433336437363864633366636530393633
61623030333665653837613864383832336262313435383539616238353335653830626635653331
32333165643235623762316662366564636232656462326432323232373364303532363231363766
32633039313039346135636530623465393437626338333762363538396363663334646666386166
30373735373264633532646638386165666338336133393039353930616438373331313931316262
31666562306630623538333736333230663064633530656538613935336566356264306231306166
65616539306630363733663832386131373765663166396334646536626262636236323038643731
66313364646238376437396661303264656239386661623739323062663861323034323664396530
65313739303839656464306531623138393635646461623463363466623066373361623339343964
63373334343531616331666639333532383765373732313539326636646566636464363665363064
38316565663330636164366631326439383734633730373331643739333162386538363135623132
64383538623436666530393464633963623264616135303965636133396137653061633338383634
31353838373438313131303864646631316437316230313339373435643739323161383336646238
30313265633066636632366335333336306139303638313535383162306365376436666463303664
36623461623061663364643036373332336264623730326335653531663166646661353331373632
33623334636433366637393164626665626238336438656362363535616437643564316235373962
39643964383934323738643930373736343363613564313065623062643261323437353938323232
30633362323065616566643332613832326163313361653233343839353466383730626631323530
36613866653136326233396238336238393235333734613466333061616339643433393462303034
61396162633634306135386634396633326530613131313263386432333062376264656236656662
34363037306563326435316539333633613663336231656134616366643966316366393539653462
34376139376235626431346536373138303338326530653733333539353732343432336566663635
31656338303331396239653732363838356535343866363038323966656332663566623339633330
32653430626332613332663262393064613762363432643330323332653136316236313730633239
31643035386138366136396430643933336333303938613933356462356130383039356132643561
36303831323962336264323436356162303436346163623534396238663435323064646663633037
66383337323762656338613062373133363032643333323836646461303230626534666565366633
64636466366234356463663661323131663866323335323138336665643765333433323037376235
35663261663634353565666536396465653037333232626266616330653464393338646431363062
31356536313965366433346235643130326537396533383732343936323166336261353230366539
37333235643566346264653934306536636634346265326462613534393666303430646462636239
62623930613263626533643264633133663864353361353863613231313235353264616365333363
32326437333664336238663836363530376437373331323865373330366136313830626333616630
65363165326430626139396536323563643665326433646331613938363939313466303735336238
61363235323763663063626638356663343037323938656134316339313264333561373066383865
65303463363564373462316565646666376238393465346465616332646137623465373635316238
31633165393964636636643461323062646638323431623864303837346534623736383739653766
34376236343731643862346335663264663336656437633936353338653838383462323430653633
63663166373839303164636466386333636337623236393862623266666232393161636262303831
36323537653461346330666264666234366437653535616230613430653566633466636364633363
38386133656534353838313736373230666430316238613437636634636337343631343538663731
37306363356635313864313665376439383431323536666562663739653031633966346434623433
62316132386263326464343564313835313031316464613633656233373338613564356233616338
30363532336665313732613661653938356564373365616337383166313461353466623366343039
33356462313032316561646361616363346635323465393037623764323038623431373438376133
38626332336465383934623835623566663430383061396235326235623539336263656664663535
63326636326363356334306435393539613062356532306133363164396336623065393438396639
61316366326362643363633236613964383137323537633739313464333136643735653832663636
66643931393237636662323931636362343535663534323565656563373430363037346330323130
36326666663339623936303066666366353139356637623633633262643836626564333439666336
61323030613463653964383539343634653239306236623837363734643833303735356664333666
35323633333337666262393761663764616337653139383865633939656661346431323037373836
61386434653034336266613965326162666561383936396135333938633434616664323661393261
39303237316134386635313537353734333233643932353465303162353830316161303361353637
31636466323335383237303065643863383836646332373431653639366131366433616263303132
30373866626137616365353433663537373730616161303661313131633035666433623630346437
65663631393739663366643338616431643836656365643165633837626632653263366135646638
38323163643937373433646261363731363162363336333663613333363139626539336536303965
31653263353862323837306532643339376666373035396238313066333831323264326337343766
36323537623866363163326136393833393264623763333833626364663830313766363433313863
36393332343237633662626662333235336430346436393138653234623235643631663336376639
66346637383433316662633232373136306336396133313532323233656237393135356132343030
38326664393531656637396364333263396530373861656262613938336539343464616263353564
33343762643862343930323165636238663832663437646463323332343061656336393463636365
37393339383063653038393063326161373337323032343236653734383135616237313437633336
39326363393832343764306632373862383337646161363430653039356162666438623766323165
32663238333462336564616264316464326566623765363833616538313531326132393461343930
38303235393563653530346362326566646337633832393837336361613131643263326330663764
65303339643963616534353365336131353630373533613239353062396263616536363239333538
37393037306334316332353339613061303563363463383465623465363439353565613632393033
36316636316363383738633364373630316461643362386466353839613436303264643162616537
62633334653230356461376366333038333232623330626437383939373539363931633738633462
30333639646466653562363666623865383134353362353863653964623365626235663939663364
31313465323862333437393838333334313362333261373864356338343332386665383031653163
62653462656532626465316563343165346235386261313936616161653165623730396330356630
38613363306261313730656639633462303934303664633435396339333236346331383261383266
64653737353439346531313362346163323332666562656261336165323431333833633435343264
64386636663965313466353561383366383033613666323139313364336130666638356132383637
61343264346436326361313063613339323461346261356234666530616538643236373437653262
35396232623236333139316564393064663063393665316131656562376466366364303634363261
66626237613437316632636238393630393630366239313339303265653033346131663739316237
62373133653436346431353732316362656533393261356364313361623036393936396161663434
62653638386664336537643539353865663431316165316666346338303136386631393934333738
32353762353034303363313139383063386566646137643735376461303630366633363362326535
36366663316630353837366463393961313565643332306230623332356234633839376163333865
33613538323135373733386638663263353961393861663338353238666536613432323436383863
61323634353535656231633466386464303635626535306231636663383036383837343661613766
63643736326662383561316236343131633631323165386565626639303339346434316432333963
35626237333765653932366332613031383137663236343765346331613933323664333832626337
66613063303765376263623839666563336164303933366433653532383263333335633135343963
38643437656632363735363765343735373366306631316234653232616339356165323236623962
66396230393638383235623666396531393930323139643930356435306238363634376230303934
61306563383764653036613735386130623339393765386465653366303439356266623030373131
65366239376561313835383465303332396439636266623930363235633661623332613034326539
37313463616437313131663331323332386634663932396333326266393266393536653538383166
31343861313465363335343538336431643565393465396263643830613266666665633338353261
37636138373537356165653039356331663664336537353935313065356266363930373432326438
65623038663165306532633434353734636564303939366361333336356134623565643663616133
66343133613432613365363261313838633534336637393563643239323030396666376639356335
39313338653236323230313262636131623732656135636263343263626331376462313631363264
39383033393830326639326230373261336430303237316539316363653235653863363463666664
32653264313731383939386463386331346439393233326537363833633930336461653731356164
63633566666230363637346333343065323833623639393837323562313861653635666538336432
64353931316164636665383061306430393932373332613239633963383032616662393763336430
31633336396131643131373639623466643835623366343164313837653565336531303062383961
62663032373636336465633561303936633164613666323866396432636439663165373164343062
65306535383237656330323137363036643265393763333364623236616264623962623537643562
62643066663365623036306161656165663931343238323237376236323937366431343939316561
37636532653261353535626466613337633665386162313563356462376165313433303230363638
63646236643636353934333334323263366533326436353635376363323736646564633462616430
31363135646537656334623039316130323766626331626463646632643063323231316462356332
66303565376433663332336336643662393931373339383963363638333836356537323735656263
62626666386634623664373931616464643262353661343336326465636363333239393631633634
66633237626432333864396564343231643032386633643837396462366166303434613531376237
33336366373839346135316230653362343261383533363162666536653030623732616130376338
30616261336363623361373637303665333461613532313031626235616162386430333535306363
65383464343236323630356331633538633831303764343531323763623963326330373333336564
37343839663130376265343866313633663431396161376465336137663066396630386664373062
65623836366330376236616161613236626562613833613932643663316339393364666139643538
32303737356462623138373938333139376634623430633639353163613831613265393139313237
31313362316231326134653537666161313437393864363937313939316566393862643734303861
39353437386163333039653435353234656166363865663564333063383363653934323735336461
39336437313331373465633362643530646461666661373130336138396633656136366132313065
31353130346664376436303033346564326639303537353765326631656563303239386461393434
38623639616364373431393365343831616261336439323039666135386237633564643432663632
32313862343333366635623338313432366430323532383161616131633865363263346637646564
37373234656662353266333538653734613437386330393038333930613361316536313762623962
30383662343966663761663030343235653832393731666362346235386165333732396436633664
66623664333463366437633139656432316662303332326431336630653932616131623562653865
30623230623137366532346638353032366630656336353865643431666265353962633662623866
39366461613361623661373132653062613230323038633039323661333564333161333565663238
63633637643536666638313037396666643065353732653464346364366135343035376262616632
62323233646237626664333533366333373463393637303032626133653566343665353261303766
31323265313431333061323130393733396162653733396530323438626261356631373337363038
66656363363134653562313337306335333432626338656263636336313334636432633536613437
63353430633031316665336262366335316535613664616330613365386237313932353432363866
64303163633164323863396631326563353939313063616632356530393664653361666435643331
34626236353239316362323634376239613535363463663137653930346261356166633964396230
31636536613834353563346237653835303263653439653961393937376139323363343534386461
64326164316134303966653062666530353031633135626139623833663166346339396234343466
31636638353563646533376132336536353630386637343034396332653532623661653261636638
64356463393462306364663163343331623832393430346663373338313933343264336436613732
39623631656239653236363032613961313863633063623061663732323039613730613733343132
36323333356230636262376530666166393231356562313663353735393731616361643734363630
35356135383138356465643237633832346565373733663837383831353037346538386133363361
66306338396239333939336638366466373963393338373534626166333365316639346662656337
39643739336362393732386330626437313163313738343166363833376638616665363065666532
33643166653036363561323636373536346537363736383365633434623362313437303732383239
32616665316561383461393038333066363833393862363866643563646530323431646134333131
35633238313730333364626664643764323035313635623636353436333435623431333861353136
36633666613933363431373938383563633139333035303064633538333836663866663733666138
37366339363834656166333034643235393934653831366233663164623665356663643732393038
35643333336564626463373737383862626236656139396138366633373162346465343439323463
31326639383561306565396338663433336431356638376338373533306537393931393339316463
37383661326332656161396634376336663338303935663765653263656535363262
