$ANSIBLE_VAULT;1.1;AES256
32336635303730346566383662613234636532653339323938323266396231383566386466646535
3064656631343734643833326364393464383761316261380a393338636665353337383631393866
63313163643639343333653662303038376532613866666339323136646431333965383832316137
3131326334373062380a356437383734613038633366373134336634376637366161636132613735
37643936626530316261373133663739356238306637333862386536313936633330663433636665
34306363633936346231383635653865356531653766616264363834363963306361333834636235
39313536633630356532643462366664643465623761616139316335376333323236623961363464
64363364333432353935646264353535383061346236663031333838353137636430326337316435
38383065346338366563306537373561326466623766623835343265363438323338616633653732
63366434316132343235323833383034633965313462313061353335303864633935643964396432
33343135376533613533376139353230353636303735346561343663326637323139303933343436
30666232376636643462626235656138613765353364626562303330626164663236316434346537
37666339353539663431386336376364626263623536346132633432353661353065616663633831
66613863353835373838343766663134343061656266636539373838663563383231613861613631
39343430353835646665646233613164386333373137643664636164663262396336663633343333
35646333663330663733326138363531366363323761663934653637643634303435336366626531
39383461643666646661613334306365303164376237393639383533636338356166336164663763
61366234306338356236633332363433663132353762663732666131303562383030663366323038
64393964353834363730643266376131333762356461343565333134323536336266373837326533
66353065353334633931326138633466343234366339616239346466303835656464393261663638
66323234643662383964316337316230663633636230323733356462613662653430383435303231
39363364373431636263386634343132333963313631373737646530616135303738336366643936
61383039393535313333623136356530316130663464383530333232666331633663613632396161
35303566646337366434303238366231343565363266623838376335633132616132356438636531
65666561653839656432623332643033383938376631656264343362613166373365373535626535
65356237303965323839333061626238333935653138313763666131383238393431613739393162
38326236636636393166343830633466323061313465343239323065646566643134356633373233
35396462326163663430346162383836306361306530306564663030383235396661353536636166
64356663303263323439613037313035343661616165336330653339353132643535303665306239
65383133343337656466333536303461313962383030383765646664383135356432666235366135
32303934353763353763313838393938333764336362633765616333666365373663356461343438
31303263663330666133303436346136303461303161643837333334353630303935316163653039
65336262353466373133356236336563666462656562613735363661353034396334626339393064
64646338653236386561383764643433343236633435353564313637376566633330643062626134
37326638623335393165613138316337323131333131323666366130343735663738306337353765
36373436326365343732303666396137376332313635323839376335383865383333376537373132
30303636333038303465636336313137353336316538353362626235306532343561663461356261
36646134323062346461333665623238643865396332663631316438333133343435373037316164
37323838353531386232316437366430653032346631343138383636623536336435343532616661
61323534313066303033376538366362656631306361623862343633353333623231386338396262
35373861646233306139373638646532373162343966643337326138616434373061306637363232
61316534393464616362666562633536663232613734303633636234373563333665363234393134
64383465626437363164393633373863383132663533643531353666616634663231333231333639
65326239623965643463653834313937333264353935343762366137333437333666363162343431
66313138333938323062623633323263343765613038366330353430616137376565613637306635
65616364653738633536663337353930346138363466306137383331623731363162373833393961
36643138323331356635336161306230303136336133653763623862633532373333346639396534
31613861653261636333303332383339663031636666353439393961376334323532646666633239
35386532623461626665653162373131393634663637623333366362376233633332333761643664
34363963616634346165326530353666623061386639326564316261383931396166343962646431
66306436626239366163663830326630363534346636343066653834333466333862353734383238
33346236363630653331636364373834366131656531306139646633366435653034663362383563
34393632653865393261326363343866313564616133366333393066316636666138303961376336
36653763643234623236636264306365626333643931616634623162333838643962393264646534
37336663303437636661663732373662623830356231616130306363373765373734626432393434
64383935353363616635376665616137623232643665316238626665636238343931313366313166
33393262366532303436313263333230633063626462366430396536343361393934346362633764
34316336623137313561376161656662366364343033623766356161633465313931333536646233
64626133623961393230303631323238663564613433666533613835613139613961303430373062
30313037343461396631393136643864363737663633313839616431393032313936346234393932
38363034373331353738663966636532306433326665306135306533323038646532616463656363
62376263663066343738646238366166323532663234333665666564613966353263353466346433
32396631366165633637346165653762393265376166396138323732326537316432383635666361
39313861383064613935616163313631313065646230626662386433666134326465356631303933
62626639663139303339363837363061656461326233366236643738396166643466323664623730
35393339313563313032663865356235333135356166396464313539353436623432376439333739
31663061623963393833363930363735323633643736313562636131323938656437656632613761
65393438366262393235356439613466366536323538633336633634356339383330303661363238
31613463616135613738333234646465616461386136323634356531353233626233636430626534
32356235393231383737373331626635623439653532623933373464643163333733353961313936
34306164393533313530366162333165346430303438343431353535383663663735396232613765
30336631623732656166613564396161393132363230363438373730366133613938303736366361
33393939303662313235323061616639363532363138353161666432313664353361653534653437
63613066326461633238373563623733656634643463376631613565616633346666303735336239
31326636303662396663636238316237336532373932366531383163663338313233353363383163
65313731653834653936636136333836383039323863323235383939376631626139316433303930
38353539373630336432376134316264613238613630373863316533316535396536313538613835
66336433616263353833613236303164343566336631376131363166313934313961613034616436
32623661663939303666366539343966356663393236633364306638636331313932353266363535
65323734313039626662383165316438393166383337666466326230313232373861633632633736
63626565613963656461366239383462663132393665343235333061366636346633353738383062
30633235623761393635376637616237396361333963393034323233636561633633653063313937
61663366373039663733313462386361356537623237333365656335656330663864353333646232
31613039613237643463353536616265343033363130623062653661313431316235306538396635
36323638306432343834383561613166346663316332333466666535376665663439386639346461
31353566366636346639343565336330323635623234383464346530653932306234663030373966
31646465636535383162656637353739353665343562303763396261353932363832366362373534
38346134663639356333306339393663653035306431396332656265636666343338393233323035
39383263333337656461306633333239386666636265643332633738346235636133313464386636
64303735653263626332653036363462613534396565613463386662373536643135666237313234
39356235303234366137363336633964656361396534316238323534376563363238666137323239
34393265383432653266383032306531393661356639643765333539373165663434613832393737
35393661653264356238316131656235626266336338643637626635633432326130636136643666
35316664303138386339623865613637316631313638613763333239306162633637393566373630
33636438333435656264383632663063316530303835633034663861343736643138396336303262
30376231646361333730663634373539663835353233313066366338356266373030626366656638
34333731363461313439613235656230323664393463646130363336366237666236306266626336
61633631623835333163303162663835353530646162303233353838653237393730396435386632
33313462376165393966383161366531346632326235653931623436336132663538623836353365
61623765363239313865363530653734363832656130393331393434363538393335623231643363
62363536306662626537393834353865633934366530306166613834343535333036363336633138
37636433383132353464393064316661396361383735323933646639613238346435656233376463
31653764616338363264633562303336366233303061306237663563326333623762616232396130
34333161323265303736653138363366333266313665393264383361613235346564396466633839
36623461666130366432343438636533373238643764626561383362353332633763633736613638
37376363616535663163653862303964323139376538383936643530613334666139633163376162
31306366623334396363386632653934366161393231663461336235616264376436663730313233
32663463656135376331613261333136633035346432616434656435656434383138353662383835
31336337363034353631396332633531363633353362653964356433613730626665333330346162
35356532333337396265306630646537643838393737323263613230363235616364373936663862
66346139353535303338353266303866636263636639356132643034633064393136343763386264
63326464306332633230326233346437313937393633383565623866333461643237396663346630
34393233383838353963383735653663626235666631666262333864326238646638393966663562
66373338356636386534333362326531336663633964383633396534333131643965383736386539
34666164346566353966636261396463633733343964373062626334386130666363393766316432
66323436356263643634633934393831643634363162663763636664373834356466663262303833
30343539646538363632373631623330376465666263383238353964613962313363623630383730
64623538633637313466353966666431343138646565313734323631376234626636653362656263
63643933316637353238336332666536663334363961386234636565393866316564653461316637
64623234613138633865353637303066313463373434636337366130313265616534386636373662
66363630316138646539343862353763383034306263353433383661613132323637613136366364
62356132343731353538396461306233643863396337623861613562336237333538343830346634
32636233643763613466623264306461323466396239356238326239366132396530313136333661
31303466663164393437366338313233653534643335313237386332646165376537303831373738
61646431376464636133346337383166303635636263643834636131366433393565613864373431
37353634616337623762363838343330656162396430356665363062653666316561356231373336
36636435363633663263323639363061363761643936623838343261393030376330393236333234
38666162376236666135623931396434656630386134636232636462666435633038636466323862
33343934613236653539653662333139613236616136306239326164383137616439336638363161
36393130653161306338613663363335356138343034623164366661663361316561666533366161
39396666313861363361303732313161333536323937613762656464353265396565613762336639
37333463663539646365396363373864666139643865663862643864353261363030613934323563
33396630366265356535343566616261373463386365636464356266643638383365313532346432
34343034636466326431626438353037303934323730373933613866636365613537633635343966
35373662336639333962343663386664646365316539393630386463326665666266626463626162
30343634396266363531306564383265643230383034313432376337343736633663313065613063
31616538353139333532346231653961353163613062346264336436656162646364613466613666
31323436313762346336396136616266623362623232643536346466393261386561303832323864
63343334333831363563333638303431656636656335326434656531353032303834346561666461
66333436633631376137366233646361323833376362313036303635393435333331316463393132
39396431386235346330313561336137636638656536643465343963343962656466663438643131
65373433386336626436313264396166313662323463633063393666393239623530376639356339
63346434623030363333636535653833373365346539613039666636306237663437316330306637
31343363333964643831396633656463643638653561333430643532633232356534363461353165
32646232363764386566393661646339303638373039656561386434643832353664343535373932
32653561663738396638613138363266646330396566616563643338623437663432393533303561
36353264666339646232373463316436663232376264376466366237636635333036303039366138
65313663343866653236323230326265303966613064666436316438383938336430316638346430
63336363663137383332396664313663303464373064376334616631646365383030623337323637
32366564373966623262366538376465316264623438396365663630656364613134326134326364
34353763316533346534386136363762633262623535343930316138663462613533393565663464
38653030613131353661653362356363636466363866333632643130653562366661643834336237
36623932333262643337393537633663623231366534386162336638373066643065333031613936
66636638306236356333373263323935303231643137653265373963323437333033313835626532
66646131326337393961643036323066653330363262333366393436356565383866616132303761
38616636346364363665646637383433643161323964303963623137656461363832643336343666
65343262646434313431353735363732343635633034646364613638333865616366363631616631
35613363353162323833353161646536653033313633383962373530613435353239626366626432
33633963333833383236303162366630363534663166373661346564633936376632333337653561
64386165393933393431326362376334323839326265333964656135396531383638666135383632
63616231623535613033373665653862633136373362393634616264376265363063396531363333
36646261316665326462363564333563663063373436636630363861343937343964353935326238
31613063306461323133656138643565393039343139383836353666333265633131356166623965
31656132663964336339346563633463633939613639376534303961313533623461323461353461
39366665653134356664356332356333393632343438323264336139316238613464636539643363
66313564343366306563633963336664356536633839616431666635663236313531376432633262
64666464663833653234313034633836363338663164633734333061346630356661646364346537
32623232363865336538643361393936633139316534643337613135623961366366373435396466
31616232646234366233663639663934326130326132333961613136616166613762623961346337
64626337346136386165653137393935353438646630623361393030613239343933303232666639
33373637626136663530323162353438376661363066376165306435316637626139353363333933
36656164616563333665663831363938616437323036663336353065313465393566393066323434
34363464633763323137393136646331333634643830373830646666376438303135
