$ANSIBLE_VAULT;1.1;AES256
34333561383665623832313463313337346336343635323533326239643133636566663431663033
6533343436656630646266373836393134646538356265330a396362333937313433663835636362
33326439326264643638363961356539646138623838363138626132373765306162333061656431
3033336265616165640a626137633237323862616134313135666337313238393463303965326234
39616435333930383662623937353636343765303838353233373834303566646433303239663063
61643764613931353736343531373832376138633833383232623836653030623736383134363438
62363038363961623562643232613338646535653862316466313336343063613864316563346264
37353338323064336564303230353834646464613662383134353964363466643863366334396539
33383066636664346536636634626435383964663665623533383336303439393932663832653030
35303465663361646138313862656439616261616262316462613633636161346235343761653333
63653065306436636464633634363265666134376263643038353330303533646565333332386430
30363336313864613661346533353231336336393230383061363261666264386466326231353565
33313266343438316664303536343363343536346465346639616263303961333365626432383265
34346637383536353164336130653033313263346462386161356134323431663536376535306431
38343231613566393532326131656539633263326633323436613963393339366239353535363333
62333639653034633866626337353937326131643935333532303332366230313435323938336161
63663364356439383836383236623761666334626162316236396537666237383132376339366535
65653562643031386461333132633938633862323665363564366636336130303365363362363965
37623635613862663263356337376161613566383332363966326533343334323465626161393164
39626538336365643636646533356162323533653963643664333262613764373561373430343434
30383661333730666365653262313230326265626262613264373936316237356533306438656561
64616339373066343837373836626639333234646232303466376364316338333032633539643236
61306233323261323763363732393466376433303964333964663363626133663338636562663263
62393966373464626365366234353966373939396431663865333237663663343666396532613434
30376662396566373561386532363865313035333361366135383838383038623432393135656133
66393961346263653538353065616238343864663731366662363563643230323066646237363033
32646134376439313165376338333364663263663563336462303232353539343237663863363465
35356630313438373838366161646635623163613665383931643036656237336566313163653334
61353738376338303466636166326432336164613039666461343633366132623836376339333437
63346637333464643236363933393838313362386431643164346233323039663838343736353638
62396565616134313865306532346134343264383934666434386263396363316364656533336365
31653863303066633430633132623333646633386665353965313935613464656561396232653232
32643137373363663961613633636565663661326639363134613338326130353661616634303831
33633464333766303162383136666434383932366461393266343763303732393631316332633364
30643637303932626236376633636638633532383565383732616336316231363233623039373736
38623465663733643033303133356130396663343836393462373838386465346339363364643330
35396637656232356661643635343739353638353437623861373736363539336663363039363266
34356138643036666632626162663964393432346132313166633463323365353232613266613961
30343631636363336630366137643230353436663964646334633961663439653465366535363130
33313863396233613761343364386365613535346262313464393232633638633366663363333838
37373936663066326138326338343830346335633631666134393762353833306264613938383162
36386136623132383666353936646263613831393837363337306366353939623939373939306665
30343138393533316136323435333663653066326465313136333934613066663835663831396636
64313932353133323039353331323566376235303063316136373439333463306230663361353133
38356664623662663461663062623562313562343361353966663137366462373036356138373739
37393430623639656564646666323736663739656230366563316235323536313766386435306230
38636466636535663265396634633065393938636234646366636535336566373732353130616233
32306538356332366439623562386432613164333233333637346639656463646233393333373436
33643032613166356164313761636361633338363338656533313538386235636434343737656563
38633761666564343433383363663864643663376432323637313931643861613434313634636461
64636138336131393636366438633032373162613365643034363335613263353833333931366138
64636365316235323166383233303232376638363031646234333636653564333133636432646666
66353565643962613365613263383639393538353330663330643761373639343938386665653664
37363333613538353939646534663263373733303431663331326161363231323231393039613661
39333439386538653763303435346335653162323631373863376166623037393939333766336630
62613061616138353165393337353735643835313538356232633531316638303462633862666635
38323061306434663830633334356165633865623062363632633737393536333465393264356564
38326461663337663934363539323333643463333337316333346363613135306638636361343339
66376265366435323839393236383831303730363932653735313865323838653664373165346364
66313639333966336362366236316538656366333535383761383763313262626264323031326631
36653166633463306233353030666464343564386437346531643433306634393634346561636135
62353063333336613964663264623465656239343734366630313661346564343332666462613561
36623430326436623938656134333938396438303231386537646461333263316535343333626531
63666563373766396431326131386436316231383138376438316365303839303837316635626634
62313034643838343963356561333134633230363433633165633264393332366135653734653562
32386339613431663531306566626439303335343136333638393335396230626432383131376562
34643632353733633830653062373166636331353435353463623562376335626663646632313266
31653139656562623464303133636163383365616231643733643864656138616661333139316234
37393164616438323639323663326362316437386435363161386631366334376262303634303532
35636533633334666665326262313737646639313733306133306365313462626138326336396133
31653863626333333135366231663734613264633332343664306238353963643766306335333463
37373335636566396330616432333735393039643838663330373337323862373461663638303237
61613938393364386164383031356536643963613234313165366161633463643138393435626666
31393930323962616361633863316430666234636232633938616564356535313933353930306231
30613638613336373762366165396666306665643463653561623666323637316133356564313234
39303666383235306464313533306539383031386538626435613034343333373736636338383631
38346166613733656530313934323764366661343335393832623732346132633335343665646230
33346634303364393633333762636135623937313566646561313931653164623239373634326138
32653862623934653663616164666566366334613634316131396536343935383036663263666637
32633636626534633435386531646636356265383732363733343864643265623866653566353234
61636664333132396466666361666230653361656139316538643336616638666663326539326433
37633930616538306130363664323636373265666337323339376462353437343138666435363635
65393830626566313963343134313562653533313831326133366431323237376263646330386638
38373332383732626230633766353730386561633161333138346364623962393235646562643736
31623439316461333230623261333439386565386430366132386232613762383436336265343061
62633937396336363164323064666435393164313563623362326534643430353033616362383164
65383561623261613331326137643633623534346532643531666633353137653664336632616264
61333137653965616561373133633263343862616633316637393630666432323537383232343666
62393731346232626263633536336132653734613130313664336332353464316437633565393939
35313461366164323234323566376231623233306463623961313031383133393130633732313164
66366237333434343732353635383465316666316136386134666132616238333732396231643632
31613135643366656165623730346663356561633536626231323431613363323836623435356261
61353763306266626164633766396237666663366530303765636131653364376232646530633631
32623334333732383439343532313364646537336130623139316464383162613965633939343236
30373730326131316464313638363566303537646530396432616262656338616464646334633266
66616439616336333765333063653934343966323564363739633831313336396364333037366437
34393031646638363835316134663632393332343161643463613331636162383735333566656633
66363139636131623135363533613164343233613661323733643439643231656661613637356366
63636135386564346463646235366563313864353864373337656661343566636230326162346364
62313137653136333531633764636264626331303734396234323931626539646635366434633135
34653231646434316564323262366363616166396436656435373633356637396564643066363236
32386132303062386133373261303663303135653731323766373666333134373130663765313636
30333562313962306337393132363430326164653732343136386230363939613533633936373337
33666538653130356630313531313831656431646230336331656139333238333063343939336239
61353930373135313065313761336430633133643762306536333239383437636665343461366338
63376136336239386538633063356262323231613138613039393935653932666338303361323262
34306135626132666233663637633361363264663162643436613837663134613561613966613962
61623630353938636232336563383036313064643366343830343666363163393831363565316365
35633065383238383535333564366637346635336237323734366665323762386133633361366539
66323962303236356530356162646234383763383262653863663739343064666636643135653134
63383635363735396263663632323862663662666633656438346364656334306662393733373061
32636366313337326133346433336562336562666263363436336262626639323464353364303132
36386537663132373264616332306139393735613861306165373866623836303263313066623037
61643163303932383133383030316535623436663930396430323730373065323165623366386463
61346430383839323032373939396138623734393632643631313763383564316339653434393439
35613038306163373833353966333661653931626438303730393730383537313933353538306535
35633661326430323836323265343665656437306337653662633837653035303331356431653334
35303038316231346630636461313463323530613232396562386439306535313335656130616434
66643535363639633662633934383233636238653734633564313562313431333031366561636432
35616438653966336132396531383364323665383061323635323566326337393936666231303466
66653832646133323965373635623337366630373566396530356561333830313335616439353731
61616339623634623566646337396537383935636632316134313838626261383662323639653239
31383365353032623034626262613734326139666433333363636637646166323731616261613463
66393535626561323037616131353733663462376439373736373534613234626335316338313431
62666335623636653463303934366132666434343364313331663763653631386137393362633730
30336637663038346335646364393334386563373563393164396362333063613761356133383832
63316138303331393166306563323431653263326461633132636639656165393461653333666366
37663337303536343131636631623831396537646665356562633638646432356262303932346334
38313234303130663330613563633938323933303031663732326232306530613061663434626536
61303536363535643237366339643065623364323164663162616665343261666435363433386438
64653831303566356434323530343036663461333431343261643963336663613264323365353565
63376365636130653539616534326663336236306531383033613136346430306131306566353539
33356166373734666138396262303766636436663636323035333865373837636534393035336133
64366463313634613632333634323439336232323264653538633062616432386230643961633837
34643131313134393838613038326233306666663131333039633637393232633464333534376164
34626131363133316134633335366433303636623066666536313730613130386234386664643937
36376533633836333030623733363437363331326433643135613933366433643031643435373765
37303662666264393735336432646663643264313539363032623332653666393235623430323462
37383537633431346335306332376136636261373731373063643635323863366338653332373761
64663733363138346630373739613964396337373361373764643031313237656361353566636631
66663036396237383263623436343436653961643161326635383566643635373237366335313666
64303861653261376632626232323239643263376165613362353164633434633664646238323936
30633766393236326164316166313233316334343436386134363131393537333966613039393235
35383564373664333135383030623365313831303463393164393961316630393364643266303661
32383236626230386336396666393137336534376636363965343939336462386537313337623937
66653733656663396132373635636365393561326233636532616466376564386465333834363564
63326630363765636338633862613666376139323437626138616161383432336364376266343664
35623633373031343838303263633732396331396531396338366662613461393961633065316238
63336561373635613132343064313031663863303034316135623664356234653438396438343035
63356664393132663864656361626664363562653734336237343432353733306565316537373537
32623265643235383961343264636537626134363065353331386135343739383063326231383465
37353034663762303764666332663838386432373266393966313731393630636562303333613939
35313037656661323338393665636665343037613331306433633238626231353533383165653836
38353733386131633236303135666633303864633562656464356363353861393239613135663532
62336234656437303239303962623939373936646664383334633563656632633036623137616131
34333039653036393665316536656134633033636531356163626463323235376333373865633233
64623066616636376264353535646336396137643438646266396464363539396364633661326362
37376236343361363330386466343866356234396366323539323539323833663466613263643733
33333737343363616465373165383831613633633831316337333161323030383764366364306239
37366536326138613233346337393865313031383630663763663939353065316165313431306235
35333635393435636265343134386334633562666461383830613234303138323938383765303730
66623231333266326432343533653834656330653562393366323230346230343132653866303238
65333166616131626261373535316461636334353032303663316537353036333432653430336265
37616565646330623334343830616162373031363462343764363232303437653838323637373236
62326134656165303737323532343036303630633137356462376631353734656464643465623463
34623665633865303265353166373030336533353766316261326136353137653864666530366130
31656438626430656537353236653465303335356362323563363034616237366230323530653836
33643633653865623265356433653739653134396332313132373766643165313632623239303361
65303936646439396663643938363636653763373138373839663261373436333138646534323133
37383263623464643235633030336336663038396535646439363931313737376462646336343365
63373663353064353537326538643361613863356465323365323063333130656463313965383633
33653830313336353133613263613163663265363763316539623336333336393666613236653933
65623137316662633337616532333033663366363335323161653932386361613232
