$ANSIBLE_VAULT;1.1;AES256
65653835313566376237323934646630356165306565653936343235633166623966643235383538
3034376464316533313533326266643938656365636332310a316665346432373138616430613531
39396635303635373332376363386164636166396662643063636131383866616635363264323237
3536623665653035360a306431323133643038653436656539336337643132613034366161623536
64643665363633343037373133353033386561646533326563336232333831393835643839336636
37313233636466383039316331386264303961343965656462613732343139663838633963303036
35363637623461303436616361353737646437313235623565373565616561393666326338333933
31643834323734623932383661396661333761636337396462326466303331643264326337346637
35633065333561373635333432643732396138396430636465393136623138303832366237373465
61643034663837303137613062613662656366353330353862333036326337633534666331366433
35303362383037386438636131633836663731313935643935613837303339386464643662323162
35383634373232666538653231616637346330616131633133333263613836373565366561396538
39373433616635366335313964383564623164356364343434333661373630353631363234646532
63643464663663383865333735323761383735613335633936323236373665633964643461396363
61303832333665326337306262326562653166346339613264646366396164323936616434316337
31303031633161316532303538343262393337343836376165363936663537613930626262303133
38616666326465316534313163363233353131333963616163383162316631303637633037643934
38633737643865363237343965303335333135323064333861346163633431623062666239613333
62623162356163383734646436353730663539616161633531396665396631633535323563313932
33626262343638376264333632376339346137623461386437366238393361313031306161386565
31346362643034643566363734636532333633623138643932323038656565373739386236373734
65323031656338613432633939396637303334376230343131393939646463353032616539646436
62636364613730323566636330356137643237636564636430666564653961396239626330313739
66386238346239613236386332343064353436336432353464376539613862326336373961306362
35363134343439313033376365396465666435306637643733326238386130653336343039316334
38373561333465356162653535303639636238383831303236306436313930333233373230333839
62666530663933383939303638363535346166333565373864306336396434376536663762643836
35633535376237666133383538333632643661303836383931363534323631373564343134356231
34636165306136303835363262356230346130333163633963636634613330623361663866393766
35393332363162653361343131623838383163383534663464356632613238353135393937316263
62656363326262316130366336303764303662643161306330643633356236663764373136353163
66626531663362653637613737303232353730636362303262616236613262626630303936333234
62363237376633626632323061383230383930646533363737363539616366386234613033626136
39386630373166653338323435363839393866323962393831613237666237356365656366323261
61613632653835326331633965306138393164633236383834383261376535363233353133313066
39366533623265663264643565333639623638626631386164626366653337643435386536363661
64356639396336656363346565623935376330386139316633333833323736666631643332643233
64323864383932323462303663306239393061373531383361663861316537323637656566646662
32373436653865363039376137353339313738346366346161623264393963643735643737626130
62353033366365306466396335346339313432613562303937313034396338316365313736336466
34363863353066646336333837376565636133343938373734323433366366633030343563393332
34643837386635626461643831363433323863666338316234623530626331386637623462363164
36326532383465616430303564303635656432623836323966386134333965353034643065383962
63323262633938343439643630346362313334353832316438313634366435646632656331633966
61636462343138303435376331353133373766363865373531346436646430396461333132353735
38323838613437653935653035386462383861346432356233326365323339313961326339323533
65353931396563376339623237663236306437653861386262613362373030393766663764666165
31663239376565316331346133363566303936366630643866633634383034623535663164663035
65386661383661363134616366666261636535633030346331343335316338303633383431353062
64626138346139323032666461353339356136666137343865386461626532643233343734336564
38353133313630383037393432376166653537333063353730383533363063646539336230303532
37626239643363663333363863623936336265366163356431393938383234653535346234353862
30313463386130316639343063393835343763336362376663626237666337656530623763633238
65653263313438353334366361353634323263313561326536623833333135343630663337356566
32343534373439363232343333323132313732366561363664316630343934363436323962633663
63363930306533623938323139303336313537343534333138656563346234323064626132343131
63633238386639386632626438363431633838383338396163386166386334303239643966353739
38616434313434376330383832653538313561653334323832386537323835623336343664663130
33323236353962373762616631323963323061373466363431343033383638376636633937393864
36323135643464626631326264636230343831336630653335343665333562313631643732356566
63646164353630303731323935356332353733346239393261346339376663346130623264643964
61383133393438313736633833386563393239356333303535363761303762323165616161623434
39623834626530623266626563633062663163343738303662373731666634383262393638633831
61373733633135393531303563316563356332633730333938343737326235393662386163383630
30393031326337303062666530326461633238343034666130343066333139636566323565303961
61356132646430633635303763626166373832623135326534383433636465323739313733366461
32363062613030636464386664326663343764646438386563376266663336313934373539616463
65363035346132356461323739646332626636643731303261663066666133626666383236316236
33643636613833616430356430396434633765346232316331306566353932383436663232646536
38353030636363653439323834353866316238653432396165356261336333343663363434333635
63356364613332643730366463313332636435376664316562613666323139326434316232633932
33653635316432363935373965616434316337313939393930613331623433633965333538313533
63643163623737333661356439316462613338353764613936613235383665366566313132363836
66366239313737323938323730353837396562656666623963333738306636326438333031623264
34363939346636366266343265643635653530376563396264313037383237333563363833633338
39323664333066643739346339373762343565616432643766333930383230643137656439643137
38336538383734346265313938336166656635353630343034393731666436376134613165613061
34653834646462646364336336626332346135643839373864316433393930323133396331623431
62316131663436376433323165376462363263326634366461396131373136323335363339313261
61363734646331366334316534646161623533363563343662393633626237356638643138353934
36306135373664303163393162653439316633383861383631313930393264653262396161366161
61316136393561636164616531643336633866663432303932333431373939353864333635316564
36333235666261636232626463376164353161383934653235393162306366396266663032653961
30396139313362636534376139303863383239376331306463653766393032643034316636343135
35363137366532373635366666333766646331386530303536643261646532616139323631353234
34336264383266636632616635336262343435653263666431613361626363636336663733303135
32633331313930356438366639326339343934366264323466393136353831626466366138663033
31393539646239613264356565333930666161386666386464666232363661623731313434633736
62633831656537383532623736396362623535636133623362333739373536306435663234383665
61303463323237656662656331656436353264343732356639396338666233323064366638323537
63313630363865663137396364633633376438643936303037306362663533663763356537333232
37623034323964646337313966383137656666643164323830613861353633376432386330323335
37633234613039626632313033343764623835636562313933623665663064363462613937616161
64363663383138313739356562663433323233653237646538653834326232393932626434303265
39316633313766373261653233306361373731376135646564653566653533353661636333333336
32636638323966616663656366303635663935383938643532306637343236383261316635336261
30316539396435623038356230653135646535663431376236663533623661663861353437373330
63303863646437363530653163633638333334353635636336386638633464366165383831306262
38613837666137396666363261643661353330636136383364633432646430663563303334313238
65626430613161323064386436383764383964386264303961303232613237653464373764623638
61656532343062323131393534343464613739373733316430316132666433383434613433393261
30373231366330623232396230353830623234663038383234653835343639383233333634616664
35363765326164333137363734333964306566373562393737373466383537373637663334613262
66616166353462396132623131613038376462666361313838613538623364363930373763613131
33653738666561333434386261663031393134656564613864616331633166373464396138396130
30313131343331646566393164396331663538336361653731363266656531303364643335616362
35363537386164636430373565656638363139393663313030643639396366346164326535356431
36343635653331376334303438353136656633376466666635653766303161313766666436356530
34363462353134386635396534346533373533616431316638396537373137633736316266646266
35633764363533396238383161396665376433316337383231326362333062373430343265613835
62356366646537653763376633393336346235396533643366363731386537616138656530366666
62616130633636386632633862616135636462646539363566306638353463393435346239396532
36323461346361313030366530326536616330363130356337626530653061373436326132323536
37313835353263313531646335303636343638303337303562323937616336333533616565643666
37623033396365316537386130353664633162363664356462626565313138323336323232343362
61653939396264656132623930633632356332313738646535666462306637356532623939306535
38306436306635336538626563316137393638326335383635383462316539383237663134333462
30616438646230373830316436653839616437623665626136653065623830366464343133636236
32353636633736316238313662363362646136386265323931636135653666623462313665333665
39373536303230363839363439313830656431346362393465323239386631646337373464346535
31633231343663316333663439656161366466306231353134393235636437646633626134616131
63393635356365386132353262633935336331316333356335633530306665373336626533326166
64663331626463383761643636626238376232386265336534393437633763613432656236666432
63666163376663646235353137303161633535393264646163316335633562376264633330633138
64386238646163303462373938636233636461626137313263343462633138346631376433633538
30313932326233613366653534326431643536323461656234396130653738373232623633653939
65306366623462646362636633313763343365306463333565353630613863623664613066353666
61396665626561386333396234343531623731313734303766346434313533616162303835383631
65333565396334316265393039326463323430646434613331613263393234333737643532306534
38613231386165346434383936396331376530356639306536343863646664336133616564343864
37303836336264393930663536613435626635383533316166333864663133666634393261666438
30653665306634323261313766643938343233623037393939363637366637643332646664313066
33313666346236626533656633366662613063643336326566663430643732393437373866363939
39363363636464366264613932383162373266306333363064666430363561353537363237653265
62666133623061386261373631663631363666383135363534636262306662663666653938636332
34623131353537303737373265633365323565363234313162323732616164653334396237366131
30653135306664636164666333353732326235356263653334313839306235623562613536336262
66333362366563306637613539396339633264303333393465373039643537313564306536393663
36393835313633346261633334343939653366386464396261303061303236343363316563623734
36643166386464373937306664643133316162663038633365633862393466313664636235383237
37616666333430633063383939653063303237316237386236366536633637346239313235303263
32376233316465316237663764636631643439383937633166333635643335623232326562646434
63303334336432363736653437626665366264323063326561333237393061306437613939333565
39623564613636326132393933373936656538336434626362313663396362346639376136643930
35653739656232363838343532343530363065373137663763663133383163623137643363336330
33633937323838353730333463313033623837393832376265613630363339393138643237316237
32303065326536393530633264613631316231616230663437623933383961613431373965613966
63383830313735363163666339336565626334393739633565363962643362363063616465396333
32306163313739313762393834613632336464333131313934366264663839633065663062343134
35646665313336326438373935663165633739383935356336383638633262386135373761373138
61313233326230303934393339333433383933333738643164333832333663343139633537653637
62393030353838333831313038326332396134353361626162396231366465633538616363633931
66343164616337316631386137613136393334653036333863356335386564633034326162656233
63623135326364613231316431316561383066353634663236663161313338363966306432323834
33313431333464636137633139623134366632643663656539336330373937633131346630393738
62396463373336333531306434636136396536326662396631643338373234656162653331353531
34383034303164653262633265653063333139396436643434393164656639613466383534366337
61643837336261316133353861623966306431393062376433626133393531636666376164663235
34343637366234613733306131336130316435306538623064396531653832303230336536303061
64326438376337323633323637663861353364336336373630326239343836633833383363363936
62323230376235633461366534663637666330303239656636373436373332653832393538613265
39646237393730623864636566663734373239613435663663613231666534623930303338616533
38646261663038613633346335323965333339376531343034303033663565613362366465326663
39376334306533653263633838396261633362663530383332373462616534366330303032353863
32373265353139623834646362663762643863333166303262303535303536613631613132393537
31656638636639386334303539633535393436343537383632346539643261613234353966623132
31316132393537633037303933623230646639613932303739623865396565323465316334333730
30333938323630353133643066613763616537663436343039383265613435343166376534613731
39646330653137616364336330333032636162356137353532643665326437313564303037626232
36636262633565393637633562626330336566336230356633363232366636333765393739653430
65333163386536626535663732366634616266643238356237636633623663363837396164643135
65653766373934613563343064653661343631643832373233663435653033313361626130383034
32613663656636336363366134373066633438663133653636353962323762396337
