$ANSIBLE_VAULT;1.1;AES256
65656265626461623038376336373937336335613335353530386363636563376337336239633831
3364303865333234636461643234393765653239353735300a373535336136376135653637643732
63383737326363633835636366653730323037323839363937326162326530396565323836656632
6261626638656562370a656461363163363263653432333562366663323133643263346530396538
32353064383630346137386162356536646666306365363432653866366630303966303765623839
30353332643363333931343432363965633434353761326564333930626631393039386136626439
64366464386234343064333862646339663937626232373232616333656230386234336136363634
66393366303633643662656164383530396637346162336435303065623537663763326464396439
33333637643431653965636561333133623832366266653330393032343431366438643562333531
34323135643131663663633164666231306233613532313838383461386538653035356266333164
39626461336436643931313438303664383366613031353632353666386261353563356131343462
34623639353466336362623731653861303661303731386433633366303834656563373336303765
34653835346237333136396631303532313534313231613266383639666536363134653464363134
62313834323263396262366462386338353561383036663164353665366361646630613839376439
63353438333237303430383062636262383365393164663731313662663531663938643439383130
39366631333264333239393133346662613963383237366262656136333737306434313038643566
33383738646565376261326436386431336463313933333238393836353137653465326637326336
65376632653862363139653232373933616539653035636132653861303161393365383935666364
35333236393364363038356262643837316138663864303065363465656430633433356239316334
38323963653836396666646436383937343535643432323130376233363339363135623630373765
33326335383465386563633934386435643835306466383032336432636164373931373737653663
38373537313733313663343531656431613331663939303066666432633536386231663063666631
64386235393937313035323534393532613566613963623935633832386135383936396338376132
32646566656334343839306430326231323939373234393038616136646265333163633765336434
37316434383438633033376231616230323063336237333630393266396363633166396238373838
36613436346364343064366163376632656139353430646630356438336338383134316439393865
63346236313766386637653961653566303266366165346134323634333765366535356163646365
66656130383565656539666536656464303563346436333630373330376332333534333432303963
33666661383265306533613035643738373834636265306366623138323566383835313732353731
34386631363434363336323930346338313337373233626637313136663430393536353166383235
61323366616132666631313039633936326432333064636231666335663265333762663263353061
39653534373235336432623130303665303761656162653461666138636665343033313330323663
64393561653861626537333065653266346537316139356430393333653737323565336633313733
66343366303161666436306134643061333861333435633136373939323561366565623130303466
38386333316230656130376534646238313866663137343061306164343636616437323838343439
66353531386332346533363636313166383232393931636231366336666636626539656633643830
34306431663333643066316331356433326434356536656431306230373264636266386230353036
39326563663036306335343064316136323963303437303937633339393735366463353032643633
33616430326435353638656536363664613932663134333839396631643634323534323561383961
34323432363731396332666266343332656239346139666339613436656663393661386464323266
34626561633361633866343266613162376564613763303263353565623764353335333837663862
62306463656538363831353363626564373039336430346138346263306561333238653130663038
61353933356331333864633136383635663433633665333466363761306637313865646637646630
36313665383835363933323733646231313332386434313130633563623539343931323131323432
35623536626532663034323464366361336336393432623164356366303538396366383266316132
31326332303038396333333839626430313762643339326565326561373865666162663139323236
65363137343465613836303639653735616161623232346236363533343564643666623234383336
30356632663362653536383431343338376239646131346632623238303338336638623434633633
66613431393038333738663532316230396337323838303162363366616331373438333330316139
34316466353332616564366430613738353730366463393339396264303762343962313663343963
38323132353139333737646633363437656438636561616662363866363237356132656234626563
35366264653230356135353437353865306436313561373264366366633764633334353461393033
63393730313562396336373235353538376133646334333264653931313966323636343638646265
65623666616436613236396665376433326662613033356331663661306430626261653732626530
65646233616339336265613461393938363031393331376361316166336238386536636637643433
36623062386132613738616231613935396465636663366230353837303338356232343036353362
35653137353261356363343661623230626235643562396632343832646630333263326633323032
32623635313861383238623762363863336164373331626637346331343834383432616361356466
66313664326235326366333930386432613166316164633935386465663463333232343837616333
38363861623361333734626336643136646338383864323463613466633363663062376236396236
31613331356266636333653366393132336535373136303030353362613734346634663832366261
35303235386133363163653637353337306466646537663563623661633362383233633539353164
64393436643066653765353632346434626432383566323561633630316133636334366139323930
39353036366665643639303562663664306466316338376133303434303238636666383131393433
33633466653761303630343634656235663530633465303965336431646138326666653630353433
61346135623330373636373736663338616563326663353235353065323630303365343863363263
64303732333639316130323166393336326335356436623862373466383836333961316535316433
36646635316339653734626636383339383763653032386334666536643739653538373439343938
63646132333063333637353936373233343831346536636132313464616334636339313239373536
36616264393538643938306631386165616238353638626161306330613261343161306130643465
36666235313566306465323333623961323932356264663730336236353866363865653461663062
39363739653930333338323466653931666462303930396334623532656633393761363838313432
63326439663930376438393136646130666165323838386566323734626662306661363964376365
30613362633235616164663137656261376636396565633933313762643465373031376534656661
61626366366233373661356438383334383131623435326234376266333230326430343739313230
65633633303461393631326331386162373763653864373262383664333939666262616139396461
62323765633738343239313064343835636166373638633735666532393266323461393663323662
32336361346633663132393538316534626531396432333839303736396461393136316262623065
32363561623263313337346632313938396635623333396466613462313531363836626665376335
64636636306265303666343535646432626239376366323435306230316462646632323639623538
35356364316135393863633039326139343236623339303438373236363339613430613666366666
33626438623464653335653636313431323333653037333833323463313463353836666133666265
61393132643836336263373137306636383661613932343030653562656338316434323766363165
36323531386461643663643964323637306334343437376330343465343662306634323531363031
33323964363766623861643034366537353561306234363139353730353935633665303634326361
66316363353531363533326365653731386666643939353461663562323031363838343033646634
63616462346366393734373731376633303830633863636131653231313936636464363266663764
30666531613034343063613037623636633637366230616562396263323061316434383462633434
62306337623832323062306564373766313935336264343362306531663235613734313730626233
65643638346638313832663437643263393237333165323935636636636565306632366664653134
65346331386233373433393766383630366539383637653330316530393639383263623338396339
61303939303138386565373065326334303066616135666562653361316639316435363135303832
35626533633061336537306432373333616637653734613634633264643633633931336137656134
62353639326265303936633931633235393737323237373166303166323262366462356436633365
32623162386563666466316166313134616361326639343164383362633836343733323834633930
37316461386531616239363738613139336261356635353462356331333932663434656163383239
66366663316466333835326363303263376532613565303664346634373137386230353530356535
63646138343933333437643435623635643962313463363065366662346563303565363039323435
31393264396330616232363835656362323131333337336538376166343064346239303634333863
39396338393764353039373037643831646362303633623561643564343264646463646338386461
39623239653534613430346461356534646164636563303662623837373264653031666535656337
37383637393936333939343765336536333765383332303538366531656337653037323563363130
63393064653061636563633061666566376564663336313266383061666233326462343066333766
34323339643839626533366231303963386461363331663766383437643131373565366435306338
38346330366437633935373430623937343766313965373435373864333735393136656332353236
36386362393566656630363932353539633335343563366465393965393364626432613237393834
61656561356437386634643336373765626330393735383730376265616136653161353438383839
62363338353734643064323032613462386135626261613931613438326434303035646361636364
32643737623736323361613364383562303834373133303733316165333034343334386638616130
34323733336431333734326430333032626238303963353837393466616462333433363835363631
64343564346237333639386435396566353433623462346431323730336361666662326564383062
35376165313563353265396531346432386235323833653037323330303362366137646464633665
37303136633233363435363733323938373764366365316537633039616334623033626563373333
33333437386166376631343632396431393362393534326330313632646631663666613139646262
63323763633934393465636564333330633433366463393438326633613231363130333464633638
36626431633566366166313532656130633162633430653966633161373138303961613362396436
64633062316231383335316239633933373036386262663866653463343964663866363936323733
31643431633933653236626139373236636666313031386338616630373063326534376265316138
34333661313963353336613737333066383038613138663136613530343937313339363738396234
37343034343630643931656638393735633463373265623933623336333035626638636131333130
37646437326163616661383031373363313763643938343366376365323265643034323431313864
30663936336262346435663134346134313331653530343562306663646435383337316530393234
36663831613037616639396336306530626561323262333965353331393062396538343963643937
62383364303136633737633239376539323636613061323536623038336666376435356132666330
31633636393863333532393335323265366664666337333765626131636564343634303162663634
39656465383763656139393839653664346136323335356237366331343836366635383966393132
32363963313130656366613839326239336266366239633935633939663861366366656461336535
31353537363334316262316563623133333335333463653165613665633162623462303237613539
62353731363232363030373231393063303632393334646561313439613533396165303263643463
33643436353735373338653332303464663862313366323433316439616132663362313237396631
65353935663966306134663661363233613235383434333063333963373764663939323739396638
36656661343339623365633733653939663161623266313531613835393231366434663562636330
61643230663764313163633233643266383436343462326139356139326339303136313236666161
61363130383966393266393933343763323730666133313732633337336165663534623530363334
61666635383065656266396632366137353638613836373634326162313132363463333037386264
63373634393338633936626535363164663334323663303665643661663835323232363533323863
64643465373732653934663935343238343531393566396565643839303831626433333337353738
39376433373530303633663363636531643237666137323236643761303564353163613565356362
63343862643539323230353164366134653332663036613338353338373738363534316633613730
61316438633163613063656233313264373961353434393064653330663566346662303561643132
39306235376461306238613231633362623139623936336163356332316630663335313138623962
32333461393430303065653663626636653266353531373933323062613865393864363632313666
32623863343937393335366261376332646166353566313130646139616238336132313563623436
63373137623930626138633664326362626430326162643734376463396261613430323438363731
37383962356130336163616133616666386537393530373361653166616332313331376666373165
39353366383232363632313363343434616364343234616236343934616532633534313964383863
30643233636338376238363432623966613531323132353063336232393930623430316435346231
66643339313932396131663435373361353364346664336530376165343433653361323264393833
63646431303431346264643430356637313639623362626365656630393461663038343830373662
38323963623934366263303132336337366130646637383732306361306564326566383231626562
62393762616263613464616366326330393937373533303965396237383830316665313966613233
61666166636138386134303966396638643363313366613461393339666263373931633538346661
30376266663534633139353830333339303935353766616361323033363662616538666165346334
64613061356437663665383434646434373366626366306663363438353037653361323332393064
66333630343636636133663339336634666230303436643664336461373130313532383337333337
39336166636239663539376432323635636562646263343961633265343462363662306565386564
66346463306639343332336632643535343964343738653630383735636638396333393230663462
38366264383535633766653061666236643766643631663735373531643030336463363365313061
61366464626363303463383663643362633361626366633832623961376361666430396434393533
39363561333766356163623661666234316133306235393233363036306631303836393163646136
35366565336562643133323631363165343061666135363062653238623136626635636663373965
36366439626137303861333833623461383238646166663037373533623438343065643131613032
34653164316431356337303163393035303334633865336164393436633539303338383838323836
32343033613165633163313764323133666665343431326162353236376664353862343339333832
65333962303634643530336662343237346636663562623831333866363834313835356338363737
33346338616339323264663763303636396138613461646331333931383939353130306363656165
61663863336430663338646366623134626362666637666662653962373630373362386231323736
66376132326539336363643038383165333062333265623164386335343039323264353634653866
34346333343362393434653438333063353264613035353233396165373062326264363162326137
62353961383832353739626462623264633536393436643237393438343466353863373438653330
66616262653063626466346136633662646130366339346234666266313237663262323935333663
38373163323331646464656466643831303736396164633336373862613461616432633866393133
30366561376161313331373038383234653938326337353137643939353561383733373234303863
3863353763366139663534393431363038393938353335333761
