$ANSIBLE_VAULT;1.1;AES256
30326232343466653631363463646439366131393266333733623466306133363633353639383762
3237646335666334373262333361396265626565643563650a316638353036386362643637323337
65306133636261646463343433333362323164343038636466653263656363303938363530373362
6131653664303433310a356231336662353936326664663530383264623761626233656565616533
64396630353635633436666331323065646633633466373764333734623531393565643663306633
39303433306261376361323632336264363236396433636635303063653033656136363233616362
38316632373662633035333631363466663761663566356166613835386562616164323766313638
30653132336538663235666232613234646665363464386239653936393139373538316536393765
66636566356361383264366334326532356632366639653032343061396533313736373732393638
38656362303661616637393963376632363333376630616130316636666665386362623836336232
35613864386662356364376536656462303062353063613763336336646434613738656434316634
65393536386333393933363931623334653632346438646461366364393263326630303039336139
30666331383534643562643262386665343139613765633564306230323134613938323762376132
64613137313537366666613061616164626532323164626533653839323535316665363333393330
31633033303534393161666636343134323633333831396333386337383865383431363062346432
64623130366430303430313236356431326565626430633932316461313332623930363230353939
62383066653365633335353236636330396164616233653839323861633039323033356464633233
61623335643964343062643637666563376431306362313233313430343034633038626663623835
66303861653330386531383961643563653332653931643563386263623039316164613561333838
34623763643935373630616136356664306136653830636565343538333664373163353333316436
65313535393330646265383737633063656162663431333632643838623733306230336237616435
34373261626334353662353032643166356437646261383633613239356234343536376533326637
34323164303033383762353265373232386366626563336534313730623635333739373830656265
61646437306364636463353233663838633161643034643932376134366631383338653065316431
61633538353030373637393834633661383134313435636663336535356136383039613765353036
31623436373235366232346138323963623730393964343865326161646231383266393235343163
30333436646139356365343431303765336139623264333632383662323461613261306536363966
32326239363634626331636133626631306264373138633864326132623536393264666461303631
63383965663336663766373732373738636130343331373664633833356664333535376339393563
39376534653431363763383333613230393965663436383165333235316664613637396231626433
34353065656334316565663766316462386364306162653733353661316435306232363662613831
65643938656466396135653161376636663635383035376434646365663932623136653064303562
33643233623532613534643038316637326231663431363161623664393066643838646634666665
32393733643531646536313734613437323136376133313163363834666133613463656637346330
37363432306663646463656431343837323866333339326230376334393361353434386636313164
65393837373633346335393837373936303331663862626438656361626535313236346234303263
31333937633166373633316639316433663862396134333132333836653937666164363532303734
64393833323839346533343066626135663633376462643833383761353533633530303835303534
33303766666236346566373234393934613536366430613062333861313937646263303835396631
63316664303862306232646265636333646261393332663735333461633330306464373761376264
62633935333061376666306539386235643838613931303962643364623366666566663839326538
65343831316431623865613537326430643666363230653134323161643465343435616232323866
30326163356161643135326561646266353666386537396262356232303162313961316464643732
33333532386330326361356438366263396334333032336538326532376338343039336466353132
61653865623033373362666336383339383961396562383034373762366636343661633662313438
36666664366263356233366239663232356163623764393862633237663961626231353432313239
36373233653238643531323936376633396166333031643337623563333737346662353435613463
36303062623261626633373939613330373137396135663632633933313963336538323730373832
33663265366633363133306563666361323533373830326464333264616564316438366162383361
39356131366130313638363537326364393063346164633465663962313861646432383236356162
34333166353864613538333263653033333936373837633433623730353831333835666166623864
35353264326532393738613062303965333232633934303939326339313663616637643335356138
31653932366239616430386135353264623337643435633339326533306166663938623665396634
30323631643266383937383261353335316536663638376538343330333137343835353330633136
66666261383332343331336665633539333430386430326265356531633936353166313966303531
65643433653163643333613437393130353636376165393231316266346630383163643064323937
38326366306530623731353930336262616438366535643364333164333631323333313465396137
66383063656536373063333662336639633238326239353464303930636235373638636534616538
38356661313865636165306331616633313730336665323037623336636534343334303562656238
39613930623163633864613866616130343665353630343437356533356232306633363461386434
33386632363534633861353762336461363832313237656631313961643766393862343862306132
63343566373633383731363633396538386366373534306532623737643965366530323830636264
33636564306562333037366439353335363832663734626639623133313336316131383761393132
35613564336433653036636564633330336635376534316231363938646663333438353436336230
37623263633033376663393837616264633861646236666434326339366562373138653934373532
65353330336137393862306632633234393733643736303539316639396430323764356335383535
32643134633564393032333939636463393637323565353964656361303339653665323036373138
38373531643131353761666137396339316332383566376535663536386331336166313433306163
36663330376334366331313439333134363963646231356336636530316262653264373339323865
37343436396438616662383934643866626338616437663437613764343438366338646531373062
31666366643734616166323930626566313632613837326631626532346364643366326535633839
35396633386230666133313134653230303835393964653562356362303761623362613232663734
34626634303265613166383163643236333636633433306432316635316537616534326132383733
30643962306161333035636234643162653338323463646636643837656631393735343361343866
31663739306536323430333761343362306161323833316262326365663036663461343235323962
63316132343938323531616163356336613861323533363038333238323732356136616532353134
36333862353735646132316532643631393064333538353636393864623135346165356530643763
30643236396331626437633434303739666433613332323265653738363932303539653965643533
65326532306166343738306366333430343032643332653032343836313632656531393239356565
33643436333862336530653862353261643666336436326366656364353837363330343135653638
61376439323134353863346438373462626638633262373034303637336131643364353362393064
31306433316166353834303864636162323262663832396264663331366135333362653465646331
39653263343261333336666164633030303062316133626337373162326465613863636239326366
30316461616237346430633432623635353934343337323664353735643966613637323836333130
64306634626165303933396665653461303566376136316536363264666131623532356234643137
61313763396236316362353431336364626466613465343039363064396430366231633832666630
66623933386564396139316366306135303736643438336135373266353961336634356237363936
31623034393065383032353430316239656133613161363739313666313565383130633166656431
66356132326564663164633066663034653735613339376530373933373133653633643134666539
32643139316631636365643134363230366436656264306233346639356531363837376439656232
39303462646438323231343661383437623538306437623139623837393262306237616435326230
62633561333462396137396239623731653236633162366630373066326630326430386435626463
36643235643638346332643830323463653939393961326463303838643166653439353431623332
39646136326264373930323065303130383937373064386633303437373166633161366430666133
66393262396337656662633332373463636362653464383632336132363764316131613537303235
63383861346463326330393663623263313633656266313732666239313361306130653962626432
35383162306661353630393539363861353338663138636365306631333433616565353062373438
37373233356430613961343139393334393765633930386634316362383561303238613630383434
66646364653037303531343063316561613761613432366663326139333639386437363236396438
31643837333862353365336362343935626133306666373362666563353130373635316562353034
39663836343262656630623166366431633330623036326436643439383762653066623661613132
34653963633535313431663166353830636535663362356334313065343231356363636463396133
38363133343131613366643639666134616337646230376161633737653534313035313266643665
38616561623133333039393663383733383230323561636464613264633162376235333735353630
63363536396430613766323263643138633937653635653639373038306534316562373135386230
65383163363662653466303436333435656566373664636339343861356432643337316134323062
37356432383333666536623161396539376662323432393966643535353661626331316437613537
32663766336330323736356562363863373765353661333336366661623062346631636465646265
62323734383230303364643936663035623236356130343965626139633366363834653865333930
32623233396465396438343763666261316232346366303564323030366465333836333532626335
30626435333632356530336432633162626536613631326332663337626164633534623961373062
33366539356637666164373338643964663365383137376339663534316131623232376335623333
66326462636261616638623530343763326237306366636566323061323032303231306330643838
32633762633563383063316161303262666364353933326236303264633766653032343665616635
64333537383638643233306139613633353166363038613761626332613463326331616235653938
65643236323231666135653434383561356661303336643530663565613065393264386430623537
63353363313332316437626666343837343631623032666536383731613933653063663935386237
33326662636532376664323434316161623536373432336138313535303832656333303265323335
30363430386163626432336332356633623131636133313337373833626162383333636638346466
31656134646561333739353338393933313264303236333335313962613633353031373463623062
30323563663566633036346234623730393861343336343935646634393436633466646539303465
39616533353738303435623533623434313265376462346639383735316135386266383133343339
65346261613862643764666335393433383764623838633731383466353838303039663966643438
65383539616337376237323834326237343062323661643235633263613435393431306335346136
34343638653864653963316530373764346236356532313335316434663537613734656637393636
33333761373166343662353335343735376534633166396635393461323365383734343433313537
61373266323565623564386534376262316462626538326538386261313965663731386466623630
62326333326538353036323431653031393366363062326564316237376135303730346436393739
38336432666466393436363133383031616666636463323435346135373762346630376539613736
36613931373933333065636137666535336433653833666564363236626261333864346633336661
34383831353162363463353534623634346631356162633731363161336536353763396238333035
66396431343938323738663465393166656565376661303036346532656134353361663362626665
30316338393762383731383133303739346233356234356339643662343132643861396131646532
37353735623863306534633361623366353138343938303030336462333535346634306431613732
38633830306665303032373365346535613632333539303031336334626436356338663737653438
39653666636662663166626336383565353264366435396331333533626533376334306661326439
38373965633063623334336466303838636463373364616363393663333636353937306564343865
63643031623037663437633061616132396664363961626366326531656632396366623434373766
39656534383630396135316430353238663830326438396135396366346666383164626465663531
30386366386664346533393066306634353430356330653339383465366230366166643533343730
65393434343563383762396561623964323636663039316362316239303561303830393661346266
63323566613135333435363763616566366562393163623665613765393462323431643364623136
38666632316637393164393264623536323038343231623264313262636335636566333366653935
31346634646636376461666162303564326264663535313435353834613733613039336639616264
62623039626534373935326663383832653934333233326433303763323638373534346130386430
34663066323465626463366233393061343964313863613237396531333333323762333131656665
65386433643034393963363634316639633435616331626639393338663839303533653864633161
32343062336232376166653236323466316330346532343932376337373839396464393934323261
38363333623137656362303266306634653633303037653766326535376137353634306432306665
62376337313235303439633561313837376636636663343832396333346431323638643436393037
30623535303163613530366365666165623464393838373535353532353734643733306635333264
31313235363538383063643437386136366365653734653761323331646533393364623739623131
34343337376264303231323465663333633339323138316531383766313262373031643534383735
64656563363032363730636534353964376163616530333566316664366636373932343565333232
61303062616565323237353862323964393763316361663533346635636231316537343238336235
66343035323734316665313738383164333737303136303739616662306533613935663031643462
63316464663933633562353262653235373736343663613132323535316530303862353161303938
38363561336232336138303339623635646537386662383635363761343433633434613662393830
62383761383139623538663064656430326132646463383834343561633465313465323634343161
37646562386131633064323963636364396362313435396634326536646161393436613230386539
63613737643035633339633238376661326161653331663831383433363961656333623561366466
32623930393562663965383238346431663335316365323537353038306236316538353162306635
30363832333338666539383937326561366338383330613738336334653334363064393136653637
61363030366336633233643530653064353635353865326433383230633433613532376535653737
63613937323336643932363862396631653138653165316135373366343632626433616337393532
33643135313739623431656430316535313332386139386336373461393431316266383461613566
33643965333231613139386635376535363434626161376163373434373539653634643539366164
65346662643230623762366363653365326166633037316464306664353639373331363136303833
30646533653833363938343562646431373632643530613833653533363137303234666365653533
33343532623262346139633634383361643061383932666263366233623230303432366532343736
33653935656633313430656437303835613230363634383432663637386632643162666232333763
36313335366364366266373666313164346233323032613566636538666332383637396564306136
38326464656331393366613137386664633038383033656534303430323537663736
