$ANSIBLE_VAULT;1.1;AES256
61313564373233376331656239613432613463323866306234303565373861623230643964356533
6437656532383638643136303639643266636265313832360a353039666630356430656633633934
61343634633533373031393966386230663033313531333861366665343061356230383064613036
3634346133326130640a356432393030303334396438633664316437613261323562303432616536
36393462343165386536303433336466373065343961626235373131643261656131343764373931
35323839393466316666383939323466636533646630333630663061393634386434666564643164
31306630616630623138373862613430333431386431336631316433383933333030343031323066
32653163323030323863393636656335353032373665616461323838623234313337663933663566
33663964653733643961656364643265303838326337323965623436666139623631396535636365
31363633653733643964346662303537643338356639646131373336613138656136326232323462
30356564343132353365363964306130633737323836363533346431393730646661643862396435
39353166316662383535363866633138346334643265316632343135353138323262343031653036
35323039656464323037633565633763663735363435313966303632333630666265333535636434
31353537336564383961643564623738646565343331623739376533393331303337343034346439
32626539326632326333613462333634623738303032663764303035363435613932373130393964
32383035316136636462636339373062336236376232636630313233613031313466393465366538
38306365626239383439306636343331303765313033386639363266636530646665306237623431
31666138353662373330363731663439346332663139393264303339616166653533613766393236
30336365653836656162643235343862613334373731356363323931363962396665646465326161
66653832366366643037643932386434646531366366383330316362613762663734636264343233
32313937656439306261396531393661313963303166636435613332366132323030303632636238
30333536383633663337346363343634326565623766313230363862333464396462376262323633
30623663303737376539353433613161636335386261356131383063343965383162343438306236
33363664636166323832663262313566616332353933343930643563613136343631663762336564
32623864396466323133623537393730613732343664353662333135333031363432666265623435
61313435336136346539316631383934636338353039323239353633366166616538666563383937
65346562323030383138643431353739393664346139303132633833613238636537346636643737
31616432666339333866633762323963393965353562303961366134613836613366626636613836
31333237326637303931343032333336333936663563326461633964653036613338316366326436
65613131323332643563323438373136316336343436393865633833343237363638393030656330
32356436633538346532623238336334356466663463363830616438666633326430393733633135
66393931366133363434626133656536643535623663383462633137386366386438613338333663
32316331373261353732336132363438303338636666636333343038393563643830656363643033
65303633333037313062643933613731323566386139366134343266356563323535636461623562
35306632356438353531656262356232343731663234383933336632306561386263643765303335
33323536613933636233303835303235323338333033633735326464323231313437663830356237
35323166666133356562333162353536346235353464626166383962623232313261323130653464
36656334653332346366663465313333396139386138613737663034343133373962353765383264
63616233343161326531313063343239306263626432346361383237633631343933343563333330
34623863313966336632303431363335626464313733323836626233386233353961356437646638
33643539636233613832383939313863386338316639346339643164663366663531626632623563
62353531653135626163633465323235363261636664646533396238666431306638343133303136
37366638383032313764306265386664623030613439663062663636363563396266333937386234
65313064646365346434363932363632666634353265303032663438363236396338383362303465
62356261633239613938326530353337333935303831336531396637386431663764633365653066
66633931303031383166653563383034326637626336313130343866626332663665323363643662
38373437656164386563333465383762363336666466343432616536316335316331396630383064
64316664303333376265393632393339343665383837383966643838306265356535396165373238
62343866333232303364383235663565376537353334633366333634393330383732663339356135
34396635346538373532333262613934396666306330656463323333383035613932353032663331
30383462376339663731346235646564366338343232366230663331373132383438313335623631
32373531316133613035643037663631303033663135373561383436303139313739653838336534
37356236636634646134336665623439366139393635323134616331326133356632316561633030
36326239363363353164626334643939346261323339363065613661303065393862616635353333
62643864613234656662393533323163653034643339653139303766626133613831396438363764
31663731373535386266333335373031343264336438313562356163383036366530306139393662
33623935323166353930313766656663656336333834643737363938333432666437373563363665
38396365646635373032653932653630656136626562653566313866626466313862613835636662
64356336613731396465393530363532393039333264633437613537363264373663373533653632
62623530663535383138316464346534306533346366306664336331396261353564353832323734
38653335363866653238353937356531666339633161363739303865333934656532333865343539
61386333646237383039343963653330393436346136393135353038643961346234626632346236
66623561313539383863363264336266643834663031373235306432656464373935663736666464
32656639323066623532323532646639363064363461633736346635393162653836343235333831
62613338333564623131373032613364333336313531356139643039646563333933663434663330
37393439376530323730626166636164376337636264343935353964656331353837623864353832
64353663373730656665626634646539353935363131663638303431653933636661343039356366
66343938326361376230636265343163313132343965373062633239333631646336623361356666
37383039363264313363633033346239363436353437356261313438303863663964636261616265
61623530303534316638613031313237636435323733346332353330366166613132626436336439
36333935303063353464643661373865616638363861353738336364336339316531663737653335
38333663393833326337393237313864343133333538373062623430666632316362613535333039
65636161333239643633323961623037343462626262653135353330343433396364613932363865
61613739643664373130643364646436623133363734623939386232313831666166666664643639
35636432336136636633306162393862386466653263303435646331623866313631386265393661
35333937363534633166393434663531376432626338383564336331303134363837616338343561
38613431366365613265363232333030393466656236376236386531656438396238323565326330
37336538323431333566666334333733383331373630393666623363383831343662323133623461
38633931623763393430376532386664633435313966366636363064633033336635636539366264
30366361626533313932366231373261343930326537623032396561343166376432633065396331
37646665653466646563323230333033383764316232613032363237333765313538326431363238
33366431353933643836316561616131333862356564333030666661666538653462373537356339
62386633343236646664663832353839643965363735653131316130313866373465633966353564
30643566363932663438376132383032303232333130633731313065373036623438376563373862
35303234363136653135353332626330633862613739303963646236663233663132376134343164
33666130616334356135663334663432376635393361316639383932623231633962356266303462
31323065616330323237356338636632343733316262643763353366316666633864366564636161
32316333323032306461366631613639373131396134373230353737343239356436616661386136
32363138373830623766666435313665343933353538663235336333646637356235393061386336
30306137343133353862393266663735383636633337656634623735356465636266386362313835
31316663373933333664373630363335633833656435393361303861373039383065373833313335
35383930636239313739313435373533333266323630663839373931303538303364313335363835
38383534643466393433373964373338366538353266616535333363303362313264373438623433
33376665343232633438353261666538626536663961333739616332626238373132306333383266
35653234626363303430666362656638613764633835326265616331343763353364633763366665
63303332663761346132363132393637653136306335353933343033346537376334356262346237
30643435396433383136376539633966666637343838373639313563666532613061323732323065
31643263646535646562343034383634376531373232303330346636643939396134306265636562
62626433396532346161316661646438393938303638333462383434343131616535646132366634
35613036353366376464376266623437313838313736363834333532393063623032623532393164
63373338626264323766336561363062303166353033613761643935613863623237366137396466
37306133623165336334613534633235643138626434393465336161383733313239343434316339
31386461626261636435313861313961376162346231303866383334356661653030383537656336
39373832356239653861323864336631396165356162313139333037383566396233323339643635
35633862626163313661613331396133373734656139346635633561636162613338633066633635
31633438303332333061333364383564643533303439633939613562633933353863393261666638
65633135343432303931383463393466323133316330373061656632346531373434353966306265
35616534633230613137626238343730396537373366633931386463323065613561326536343963
35343161303430303537386163323432316435303566393664306538616637666337616366346261
38323031646563396264333066633432663261313765653438353263306330363135373638643836
65636332643737656464616261636336383561326330333139663966633339643762323632363662
36636238383032626130613332383430356565306362306133363032633661346162303262343735
63396333313336353638616334656434653033633436376665313335323430316665613437386462
64623166656532666534303236643436376262636564356138326235363833666461623530343465
38363631643339323137376132663561343464303939363337663165383362323135656436613932
33313362653438316663396266373561633933666366643566313238623533306632303031643238
38343333346233343234303066396634343263393635393230633263373062376163393237633939
35656465346430396466313765376634396138323531643332643733383039623636383532366235
37623932316465646262326234623637336462343265653838663032313465633736316435343164
64376432396133383931356131343663306664343865626437333363353732393836343637343933
31346162363530356465653334633434343134616132613661353733313935333736363862663536
34353833613638636230626464623062333539383263643737336436616362346535323564326163
61343034346133336263633965616135633465636132316132356365393766376534366665633035
32623565363838643266383631303832393763353130336632316135366565396163363637313463
63323462343235313637313939643836336431623036666136336134646462373632396134366665
39383934626565333639646437316561326130313665386161316434303233333563363932303038
35366462316363623862663935323434336236363239363961663261653237643134306536383130
31386566656231623937323536333431366430626664336462343435333230643839303835636164
31663438356333316533643432363432356133333630616263386132656364643465376533646132
64636661373366663332393061373265353464343463323335313035343739316266393232653332
64393633643537623164373433393937336138393933643163646532363030633062303537666530
63363936386461386638373634646639366566336230636631396437613461666665303037363965
36336665363966383635326234323339373730323039616537376461333837393163633838393230
64346633353862346539376333383066393130323438353335643965333335356539393730306537
65643938353762336130366436303464646265303534316233353361343037396438313266353064
64626231633635383639616166656638356234333265303961633161313639306236333864646333
65386639656566383533363731373332363731376137613963356438376666383030306235373031
66376434376231313061313165363634356632373430643931366338376639356237326133336431
64326161373738633938353431306336343632333262633131663632373635383265326666623761
61663433656162623261623765303866626436643064663439623264623031333465326165306266
33613138353134643561633530333063656430353836646431336365393634303133653362613935
36313964666664323435613533323961363561316162373739616637373034643231353461303162
35636630653630633634666262386164666134383364376662636139373230373363663930393433
37373333376563643632393662633662636163633932356533653935373939663539653230366637
65323063613036653365303737313162356433353034633431396130306632316264653036313666
39656666666432363065383635613339396566616337313932326539633663646138613337656563
34366262356165346638626661623734326166336337343065663438313063303064316662336164
35353635313630376331393337336664616466626636333966393233643663633531333637393765
61353438386532353866666334386434396433316365623937663132626465353131353263316439
63656131613037376137343438346138396531393835353862383430393437393061626438616337
36353165646236663430663461366536393337336566316533363532656232373665363465663036
63366234333366356237633238666461373734393237643863393134343536323366656136306365
35386332656530306136346166323164363664613030343962663138376431353439363130383138
36646666656130383762393134396164313932383434383232333039623530663033393466356239
32663637636265383561653663363637616361646636333265303534363462336330343233643561
62313233653665343538623932656562303939316133623766373064656133333766613939643139
34633764633537396665353332663734373536363163626465656438333366376265616461376263
38613936633433656637633030313365623438323365333031613736303031613434623763306438
32393932393563323936346261333566623031383931343835383933386438623665626161656665
33343239343234623632613039613338306261363331633166333363323064353762616235323431
64633861363732303333336337613162303961383336613562613964666135646263306563393533
64353464363330313134313533343363396535383330386135656433653532613463646330333962
66623136303232666533643837336363653634313632666237643963346562386539666136613438
35373431313861353963333633663466393262633130313765356562383963616235633664666361
64366334306162373062653432646266303738303034346566396530373366366130396264383430
61653263616333626635613336343566616534666461633264356130323839613131313063386634
34613532666539393137613131666666386630393339373130353836353737646134333437336433
31336631396434666434626261356537623736646231633737623631623937663133646132313561
31666564323762623262313965613064643662386661653462303530396230613561623638303764
64376463376466623236343665323637636639356466333534306261656165363063653430383830
66666566323834303635336637336436336564363537386263613766393466386161353065333633
37643933373562323334396661346166666630663738303066363134306163373035613963343638
32613838663361656139353239303864383263306339626331313262323064633833613636326563
3434613932306639313936353966333233343235326563343134
