$ANSIBLE_VAULT;1.1;AES256
62383463663130643333376464326132336430306234383334366132643163386232343765323664
6533303664313863383666336232383765663935313339380a613166623364626265393931323963
65383037336564363835386531376533613036366631613064386635303731333934626565376132
3638623836633061390a356630346631316236656461643233333235376434313236386366346665
65616566326465303038323261666236353431653332633632336430306439386236366231373463
31666430363135626531393030326531303738616231643265356566616530656433636532653935
64306630343839643434656436323032646466643664393065343637633366616633313465373164
34653430313265633438303066653135316430313665633735323731643233333764643237386136
65373536306564393133613466623765653935383762373363613762636561323633666332613364
61343332646231393135343265356538316239643263363035326264353063353230626635353034
39303761346535626330323266613365316534303239343665323130326538636163303339373031
39386131303132623763633462613166316364303733313935636464633536623663613433653338
65343062313366333732353739383766313136643561393035666431386466363531666530363639
62323930383039343964393133383363623937366335623863313662633463336432653138323064
34373362333033333762653734373732383362346366373734636662313538316538326461336238
66653666646632623264613334656561373233383362666533633261393134376634346130623230
61363061666264383536336464373237633261333338613532386333353339386130623332623663
65343266646663626166303730373230346138363433663865656432356431623332383966653166
62616636353262396361363734393566656464306465346166376465373934646436343131346234
36646631316233366138313232363637306532333434386336333630633766653861316537353335
36626131633362366531633861303838613638373638363061363361613338306637626265356531
63386135396563353331323863616531353037653965663530613037333735316137626566396663
66633265333933383963383435393933633239653861366464616135363662316230353436656161
62333832323561306664313138633536643032376136353738626132343738346138323865353563
36626133666532393764363366653337323035636264643262363431663432343466306634353930
38323331633563633131396130646534313530386533613333353638356162326637363135663538
31333263323363366364376631373933313539333634323737386434393866333334303431383836
65373935613339386230653134633663306431623763303238306266613766613734636566306239
38393231663638386663626239626666656331623133383663366562353632623233646662326233
63306665363836663934363536653962373933346466343366303061633431396264643330386339
31636366393733653636643633636633346263303062393161313336343966643833636539656239
36316566346234636139633336353734376631393733396138313963383436396634613434383539
31393236666462386666336636646265396539376531326331636663323165653866383232626466
39366237386338303864643864613838626262346133366561373963313131303534633736653061
33303265653565333664653231313337346662363563303031383333316262326366656262343438
31303831643836613461373136653737636161396430373734616535646131306535343266303261
63643436653138383166376634326537303838313832323462316130646264376265386433376662
36393665343638393731346335613739333966623966353434643538393863383937613636646236
38386561663130656331613536306236393634313233636362316463333737363737643538653736
35376361616132346161666335666330303265303963306131306565363933323433306263626365
64393333346664373531653337646635316438653161383332613734643430316635666162306332
39626437303930623862356430666132363264386331383966363831633935336237663431323434
38646164396634316236316535313063636337353265363037623962373165343161343137383465
39373966383264646339653365303037363534633966326264383239306130663161646232623136
31323939646564666437633138613536303862366336636239373861333361396633313030373865
39326534626266646534393962616135663464656266336363383738363663323732633934636361
32323061646463363632343432303939623031663233393837383062386665643663383831626332
61326534656432343265356130393037313665383738643630326437353762373534326632616464
38393738616239383339653762373331353064363263323963306163303566363739376137323261
66343135346336383834316433396161653836313365393337653461643664616431343032613363
65356466326465663631306134326234393866303264393535373837353732323132663337383563
34303333616535323730393663313236316137316236316435376639666131313235343735636463
36333635326465326666646433616462366338373566636333633261313536626331363930393463
39306139323564396131343137343834323130386331333530363333613337383663323135376332
37613938323439393232633262303630663735623632313364376162636332323832363636303361
32363666663361633033623038373262363238393334373566643364626636373966356632663564
66363437633738326331366233623831346139666530323032626138343034373733346362646565
34323931386263356333346133653261316138343765353733313538393433373230333239356161
38656562343336663938646363616436383737313637363636396563613562643865326535643137
32643632313862323333343231646430613664373133616334323364336234636565626537316631
33343535643039646566323265343263663262396464356338636261346231383834633435326562
36306163333663646234393038393162393933353535633432363733383062343865356434346163
63643165353230613432323538646466626335353836333262653135383939343536306532303462
34656138323433383036656335633236383639373666626436336661343736653362653164353639
38646636373131363137656135346438363030353630646366666162396666343464333835373734
61316135373731666438343065623838323233346261633035353862313765396466323061383661
63343237373365663263333433393739643438653661343438353131663361303330316165353135
64633262356630386339633564303032306666323361613136626139386631333237393866333338
32353831626230303736346363653732333565323763643739306130303064373761633133656664
64613834303962633537303730633962326165323261663262636435393035303335333765376130
63356237663164383137326638633662646630656264393434616139333630333661623734373732
38623536663165376465653336613639383531363537313462663563633864313864376466393238
31363365336461353264323437613039393831363462656535306138653566323232623535643361
36313665303637353735633261363030363964333632376565626535376665366135333461643138
35353035336433356238663537303039356465626664633938646330343937376634653533323664
61313263303339643135626438653730663033643034383963343238366532346539393062396631
62356566363665386638313166353433663562653165636430646437656161376434643432623465
65666538326436373061646235383064633562623534386333346664356133376139386233623034
36633437643230356462373730333537626632376436643933316361313336613439303039333666
65333562333930373465303361393035343163346465653239383165363834333135333361396163
65303038383866393236313065633738616539393239383830363966623565333161353931643066
65326464373032633138303236323030396464623738633533653837336565323464613462653338
65623035613436646437313739633936363938353139353261306163386663386263626338613334
31323164353062613036343937313539386639303262393866353132353666373065623463373633
38666564306564613236343663666136343362373237663364343438663263326235613031663137
38623833633938363864363565623866313130323437393665306437623239633562356266343064
32613637333336396436353438636133633166633262396261356563646462316236363331653364
62623863633935646637643864643965356365663030313337666461333835353833643233356462
65646634373564303333613866616133366130386466626231373239663032623534343136623939
30363865333239333764386666346536643361643032333565363436656139313236386133353664
31386365326337313330396361313433326337636233646233333635613865363139353566306234
37346533643033636564343266663737333732616262353463616137623736363133376263333835
38303263326237303361656133323063373661663763656233376536633532323863646665393235
63623536363165396566353964313062663761386164643337366564323639666632383263323866
65303531363239366131633064303834386439343939366435653063633836613732346566623363
39623637626332333238386130393738663562323663393262333133353637313735616137363730
35396366646563613430613533313230656434366261623437343031383766386636346633363064
30643031646161346466316339643063623637323334393466333438306662393064633265316237
36376238333239623061636330626364643664666235366635303834616339396565383635326162
31353935393630306638633431333339356532326436646665326365613530633866656130646439
35333739313037333062386433383731353833346539623239323039663332316561356163626336
32656138643133383232383236343836643138636336356332643830646363346531313438633333
31313134336166316136613139333931393236366564646434353132376239303566656534326439
63656339396635373261613036373936346335383537393962343765336162396465396465323535
36613465386664663430613934366662393164616166383563373162326635323232323261616535
36343235346265613965633530303832663834346639653461333335333630323839366231303232
64663061633266363764653933306137353363613937366435656166326636396564613864663338
64646636323632306333323635373864656139393764313536666666656633306331306633373065
38383930303565616563386263303439633664653737326161313765616565376333323734363838
37393063393237373966373464363630383466346137363539343430323332633832626262656337
38366331346661373334623137393336306630333561333932383761333330633934383064666332
65346463386237646465623739313165616539323934666263383735346362623866363464623134
64643833343863346433623733636566373831633766303734373466666337396130373831373466
64393064623363643739613162613261656437616631663730303261343563656166373539346163
61626266386534386262386338646230623035613761326561643334613638313861653934643638
30306630343138633730633563643336636563373664353532393631613766623664636364666533
36653031376564626137373364343536316561393161656430636631613531626563306461613866
30363566356366306230623330316662376334623630303163363161356264316533633464393663
39396431666362363137346363393231373932633032663666616166616563386465616564356334
35653436656135333463633363616336643833343935316163613532303262653261636336303038
30343965396163313261623737393265626461663435303962383231643666666431663338363535
63396534306338623036613462353534313165346662313131323933346663613533333337306431
31333037376466353334386439363333363863353966626232313934616433316533333035343035
34333362363966623431376363633964303630373464613234646234613432313033303238363361
33303466396333663739393736393639396363393630346230333339383466636438323465623039
31346138306331613065643661373937653338363330383563653735646263313966373631633139
34303936326163323164343461623934353234386435613164393265653430306433643366376634
36633332393566313032346437363330663361363439383235363533343133323437353335613237
31363065616361653235306262653232346163353763326666613239346266353435643861623634
64353464393666633566613164386530323262623336333436643263616138343039303937656361
31336662343531656439376134613161393161626334396535663532616438653662333035353361
64386564333636623462613935383762636635333461346461323834316633323932346466626632
61646365393737633636623566376139633933613266363062656636333764323264663461396266
66346538663437366262336162646138623964303139326563373661623764373830393132633863
36636262363139613836353565656662616534643066626438623339303636336136326534393836
33396235353632613830373134313838623337613765303235646432333931396434623662356362
32326335313534386337636438613031386232656266343339316165323438643961353236383265
65656661663663343632393933386165346165316631366463303035646262623162363261336561
38666662316432363838396662646136653261363035616230333830336663383562653131316162
35613865643030653662336163376534663763616561333633386464353464366335336662336433
30383361613933333162663036363639303938663162326661323934346330386166613238336232
31316566373235323064303731376439653262383561303530393635316531366436313764623761
38646333393162383134333036313432313864633161333465336232306138363265346634663030
62306234363136343033656463626235636332336236366564353166333331353937623032373332
65656364663163323736636131323135383430346238343036386637353363343738663163323236
37396531623738623861326162386164336561393065346630646232373537363530393965333434
64353264393038373135353133316533616262636661366263626531383639346135376233663931
39396132353731346136393066336263663832643266396561626539616335323532313034653034
37666363633333626631393038393039326465396232323531356630333634313832323239373939
32326239323939336635373662363939373331616164313566663165316464666661373064363937
61393665366131613065646631333665633862336136636134346663623861653631313338363631
63303535363433376565623032353337643739323265353833643164333666313633326336323537
32353034383936646165383234666536303138663763356261303633376439636365653166383839
37303737643132303837346265393566353034383130626230656132653762326366623737393465
37313831336331383532393962386464353437643030353061343139353665653034366436613335
33383433623030656263353438373166666339313161393461393462353435323739326434333032
62646637306539366434363765323165306538396134373435346132316666316261393738346561
34636636393039313232306131366635386461636631383131363633326166366461326566626330
39363432353039613964346232356132336266393631663465666339346631636133623835373038
30333537623364353663363264386663323762613039363561633130656161353266613265326435
62333165613634353539313130363661616339343062393030663038353334656432306164326536
37653132626664343230306361616130316262393263383739303465323733373562323039336264
35396533346430633566393336383437316566323362613661616163313332653466396438393333
66623834336366383631306636616435303537613637373964333933366536653464373162363766
37386231333938613263326130353761616137666665353639613631626133623232633537366432
62383964653963363266386665633366666634383266333866633435316433663430373835613336
62336564336262393966653630303261313465393739356138323161316232326261306330366262
37643735663733333966613232313735656237633238316336636262373134356639373261653431
65323665663837353064376538616663333764663034303837353262393930366164656330623239
39666661623563393436326131656163613438616263353436636536333334336234386332623335
33373339616537663364343266316563333236363632323563633062656233353434373261343038
63626133346536333063363364363561336536396166343630633339626431373037636638343465
32306330643039343038663436336533303331393462616536666530393339383334
