$ANSIBLE_VAULT;1.1;AES256
35303961323833353535663463383133623461313935303662303831623438383338643365323336
3639373432343136326461366166636464396533613433310a396362663263613163633833643035
62306235643831356136376135346135623032643438383066326134366536393066613464613737
3039303066366638370a323735623738303361326435333636363836636566646336636632666131
36633938316131376563383535303263636434316461346365623833363362633931663431313835
31343861623135623437636538653436646139656461646466323064643636663366626264616461
64646163363461316636656333613530323531383236666261343933363238303533353532366138
34343234343163373661656564343935393338626266633737386538313630303334373032363463
63316630356137313261653161643235343135643164616364363034343062626362326362306230
61643762613763643930323764663662613064323136613365343934643035366234316631363038
34373561666261653532333836616265633638623762633539663565396437373738633665353434
31643265303162396338643439326362656539643664613032313038636634636165396133666438
36656163623332633835333931393539313264306236346463343136653134333831636632626466
37363335363766336665343730376533383535363964666465356632633836346665666636316364
38323332616134353563636463343464666635643536633334383630383262383932666363613661
38636238366464663132303264373134623933633166373862366665343562366137393730336136
37636631396638623933623265613931336439363138303833356536313831643065313164326132
36326465636637333230346639666637643339353630643031663430363133663637346262353339
35663935353865646539356262383831396231373931353039653861656539633361393463363739
64663535616336646162373162353263623030613164353762653664643330643439646366646435
65636138316137336532646632633365336462656565383332353233666632306366363631653832
64376334386465336234643931386234383135643633336437643839346435623261356134636637
33616166386265623139343965373765643134616237643963323732656136383134323132653839
36386561663137313265626263643532616337323339653561643061316638643737643735643262
34316336393161616565633463346163363430386463303835666165323633623933313031346365
62343635326265383636326234353561376161383638306239333966643333653434376634636132
32613936316136656439353432626466326534636131383561656339643861356261393938393933
38366634636161653238646238303266306639616262613561613264316638306161613538333366
36353233303139333263303636393465613461306461353964643138323466653633373339636161
66616430623261663337623038633866343430303037646632313738613761366262376631626332
62376363343230323337376262666636383535393566663133316662633032316339653565303937
66663166386333623334326139616538626264316335343265353338353936343134363234366466
39366132303766303235393864363563363037656264366662636662373866336239373465643961
63653132386134373461313338656432633564393534303163306638653665353663306639626638
65356333306662666538376238643930663966373162336661383637376261316532616362383937
65353738316233653761326530393666313666633533336436633734343438313166356234336631
30636138646138643239663730626437626366363763313936653162386437393831653035346362
39303838633866616266393961383763363462373936353163386335613732656665313630333435
61373139363634636363383765333262666435633966616139663530613633363363393166343733
30663932376564383230333433353631323237363064383664353466343664643231616133356339
66656533336634306234316335643935346664376634383765356331666362656465323230366162
39653562323335363364303761386263376562663939623530356635636562613565386363366131
61343132626664343462353733323433623465383738653331386461613561303830356165393135
66326566313165613231396462666666323036646330343364303066636665303530333136666533
61666164303262353238656166643832616337303161316338643633333761656162326366616630
31333039643533316565653161366235333666336437653131373662653462366532313034663431
33336339366135326261633439383639663939663764383932623738383236336635623763636161
62346165656439626632643061363038383064363830663539336465383133646362393864303832
66376365646239653465373537346162393264356535663437633832383032373164643666303130
31386439616161633935623432383333393433383062363362323232343762613165343031393464
62613832376264633133336661643239336461383762343864353430663737343235303835643934
62366661303332396538333532373962323838373961656438356663326233376631623930633930
66613532393633343330323139323563356237373132613863346263663737666630323338303631
30353938613435636365333932656632383535383562643763356265373333343339623236653635
30613036376131663932303538313462343561336537663039393733656133626161343934313832
30356138373139353036613238313463653362646334636437346535633831346633373462666263
31333435643637326664643335386333663363373461303634613038346532613262323836336631
39636530393138336537663063303662616338646332633761663839643462633830383264613865
39613036623365383666353662386335353332623361366262653233313138336666313633653063
33373061383661623733366339386466323564326332633234336639623538396266336333623563
36633536626138626366303830353330313363316639326537396539666531636266323462363264
35633165633636663330613864336662383139646365383634313432306664613535396262396565
34636565356163323461306137656263376564313461323566376331636238353232336532613737
32653362333662366566356236663664396135306138383534393163363561623538343365643662
31623933373664313361373531366330346434323139613833366631613037353462313536613862
65353235346536663463383665383539303364346232363731623739653162336137383761353166
38333233626631336362623062396135303738343665313434366266633766376437643339346237
61323065663861383835643534613932383731346463383631396166633035626338636531366537
37323961653137376366383563303639363633663665376364666539643266353239653437346534
32393161353031336263663864636430333566356561663765333135666362373739643361353364
31363334316665373761343162336435353730363732396665646435356562656466623730303666
39616331313565323935333666396530306461623437633932663165643638613664313831346435
31623437333539396638333761336464656330653336336131386561333262333763376565323431
62656366343930663836646566313036366432306638363334393838343034376336373535306462
32303438346635386464366133323330623036316366353566646566646335643734613863623963
37356232363362313939363231643131373865383964646366303333626434303731373962386330
65663764336162633736633138643863363466643331306632346339386435666132633766633738
66303833383437356166373631363235316334333934303130313934343961363330626664623438
32363335663732343538616562383534356434653934326361643066303961613633616332616534
65666530333138393733646239633634626139333234663239383061363965363965623262616232
64323937386636303761613161613365366531373832303164626132393566356635343133373965
37323631346130386562346339396530323739326265626465663934653336646138666364306232
61393439353135326361613066613734613163633563633830316331663262636133656264373462
37663464626530643839363130646537343335333633313434653463653265323931363463613430
37353036653064653361336635313838636239363635373535323162363161363066353936323366
64666331626336653434333961616432396533633139616633313034623238653536643661646339
65346532323535303431613962356365633464636662353061353439623162323962313337306331
31333531326663343233396333363362303031383533616665353831626134633233303738656161
64336534343066653335373762383730326131396633663634303161343734323135306632336530
64393562623438383338646133353730373561366536643730636361323864353139656362373530
35363532653361663737626235383836663137333066383663653262386533623634306339383235
39646538646462393066353966643637356436613338653464323630633864333665323538323830
33343330316465613136343230333862383263333331346565306238346637303935373162316533
61323737613962326532366631653734616161343134343264323365353166663261656330366431
65343832393063383930353332303263316562346336356536386336653038336364636635643563
61303537376666613239623330383866656266353637636438353261383835303865376265326664
66653335633862353837656433303563633537353030313766613232376261313630376333623161
34333231303364633034653236633134656663636538653861663639663766356638653638613130
37323736623039663536333632333565363238323361663039303937336537306530303766643363
37616239663766313332666533333137336461636161336639623037366362623264306463656265
38363738326135313066353063333666623465623863343737303932653837626165336435343136
61313432363861323563663831303033373433623832663439386133653334623463316234663065
36663731646664663536666663316632366663366266323733656333646463663335326263316638
30313834393465666337313962343564646634383039613361376162303762626333303263393165
37383230346464326137386664316564386438363937333634623361626439396434333738383332
35383730306439386361366339313962663862646135633832343464383761353537323231656136
64353335363664366434343034643663346530323336343661353362363239393965306333666237
61613631393665313434313433366233323134646534653038656635666533646463343162636434
33393338393539366232646266353364313665376239303930613162363036613163396264336165
66373531303564373931343265313835326161353664363835623437643265393033383165376261
62353939353562363662663262623166643835303662653338653132616666616535353139353562
31316162623864366232393432356162303463623538623230663532333965383964316235616361
34633762613537323634356262323839363763633732656436326638383435626437383130623533
32633434323963303865376562653637356664623635623930666236373962633433356266616138
64346362383432306537376464626165663939333032373232323262623438613437653835383064
36393536373339356161353137633664333662343037383265393639646438626163366464303131
37386632303162623237373939646664613934343736306462623539653139613564363930663964
32646538303132316337356432653265623338346537326436343963653632663633366332353739
30353861636130656235363632363264306336383961623965386230643562383536373265643038
63333739633564616362663035666435363532643132383539316661316362656430616236623466
38383639613764363463643366373463623533333465393438653163383965303532666533306339
63353830343036363935653730656138393963316236386262633435363232336537396365356166
33623831333436386662646139366330333936323863653866383330633535323430356333316130
35646437626637343431356232666230366631326464353763616661306338306463313261656237
36643031643630383639303265303531363861336333646135663835336336383638353632663065
35323731333764643163366437306362333364316465363331633733646332646665623535626630
34373664313032353035623763313032653331633432373566313066646234626564393236653339
65646231306230363032353063356632626534383332323836376235356232613134353665663938
65343033383766353130623033626632383766333338386361636339643933326432663339646536
65613965396335323636303038646634303731313161646331326434653132356635643962393737
61393832663561666264303966623263353266333135346563373034356137393134306133303230
64613238663663356536393938636263666164653661613237326238393730643234616663643966
32656663306463623736613038626331353133653065343139623239646537333735646664353638
61303763386639646462616437333638333338383937396231633233313461623234316164386363
30353135643064656530633931306261613136343063306163666461616331653932643464383161
32623935656631346435346466366231323663316533653130376138653463376632386239323864
38376630386561383763623037386565666332343138333163376661653231336564323337373834
66663862626265616535663637636365363230636237393039666465303565633935393935616639
61303535353964396562633037613866376264323363646365616439623230313233623035316666
66663038386339313663626663393130646466383231653433376530613535633565396532366335
39366666653132636464656564623538626263393665663863376633343661396163393830643262
35353265396662336334356465376561353462383264356238336335313730353831396362303562
35363962333866393366613561653030366332373334653332323337666333346334383734346331
35633538643165623266333832343839626434613832343666313030646463393731393364326237
37336137623265303336376365383634333261353936366639363062373163363837393066366436
61323963316237613138313161383534616338373134623832663339303230353730353165376361
66343539636166363633373131333035636662653766343633313339636433363965633234636138
38383065633631396132323462616133393662656663613132306135376433396532623233336232
65386463623265663231656464326338653237613261653930383361653934643839653366616432
34373335343636356332316361646232656163636537336163623938666366646364316537316139
33626366666232666533373538633266616635666136396331333733646263333661333034366433
31666538306163643134313335626139613739313031646534303730623265326233623031323264
31363364363231396337336466643938343366366465326637303034363366366438366264393034
63626532333066383837653161376631633532343961663162303363363831383438346434386563
33323431366562363533623963363937366530663136306230343963346164333065333763396466
63376538633435343238336635653165636565353435313066333339633464643238643835303130
34373764326332326264623534353634323239323334353238663962313532626436353835346435
33633330333739663866393663386630393964316235376534376461646530636532396261313239
38343431616261373063346234393930323864306530613563613136643239653766616465313533
38346432343538353365616563336633356161623633383762396536346531376662336136643137
61633361343165343436616439613036353935653032396636313935373265316134653234313637
66636534346165383530373132333233626566383031373832666465616166383538366331613062
62623039363035633265376533643632303031653139333930653839383030656538393333643334
66366233366638653438363365613162333264363430633136333435333637353236653838383966
32366466313534623935383066626138303962383235383237363639336437326230623133653437
35326662653735396461373237356265646165366431356263393162636232323566653964636131
36663939616361356230633666616336373734356664646134353833323963326433646536656531
36636532396334393033333133306630316534373135626234383061613065363632303635666266
31326363383562383865613330643166623231363061316335396463626332356636333937623034
61636564653266343433636637643863313234366635323932313137633132393362353338316461
63626635663732313565356663353665613835323865316332383831383365646137343335643938
30633438373837663338376337623437323933666336643462333439616134306436333634656239
65386362633237393061353666616337343735316464313665396336303564623662
