$ANSIBLE_VAULT;1.1;AES256
32353134316532313039653064646566663131313030653131333736643064336236653938646566
6235663265306163643162323464643464663332396330640a623332316262346463666139303738
62386161633361366133303562323061306666616439623733663939666432366330663264343034
6262636565323732320a646336323763343862616539623565626637366633613330333932316334
65616165333136326130643364613138623439633466396538666532363365396236333664333765
62333632646232373833666262343430333665386237373135383831636634613237303965643466
66393930623466666662386230336138313261356135663732333437616465343763316233383565
30663365653336333365386566666366643763363530616661626462306563373163616161326431
37643364356633313436353264663937336431363666643538366661393431613563666264336561
64643036623130303038633131373930643664323536363934366330626438396330643934383732
66623964666134613930613534306130643935626435616462313536313937633866373062306264
32623137643464366532376361313430336135323462663362323139616136353538663135316534
30373937613263323662316466353630343965303064616662366661616530353230383764313135
37396165343663313937323738346133636430303061333234643061663439373331636134343762
38323262313634613465633334316662666565363532373237306533616138353734333663353331
61646438373262643331303461353831346538396561393330363861623231666363346261376666
31316436316162303735343536356564343332636261633064373163633264363039656263636135
39306166316464356237356439363862373865326565336239633339373537616463373265306135
30623530613238313866373932636666316565376534656665353764643930333431663234643838
63313466326266643838663331396338313233303566363564656434383065363330623030343038
66393334613963333738306335666161653831643964316332633961363264373231646233346661
34363266353339633136623561366333326164376133316330626432376163373134643436613536
64363233383137313930383566623366393065643338663533306634336336383465623231343066
39343837653764663762343162313634383661656363326330333531316561363461393434316631
39633237383064386233646535303763323561643362616430316630636236366130353166306330
33323763313462313366396236323566623363643338393761343336373363393063616534366162
37396365663135363134613938646562366662663331646266373239623464333362333531376530
39646232636261643662633966336566616636646562366233633365343638656632356366323064
31633035323862306233653637666630346339396336303139616432616433396663663538376136
64323635643838356236663537363264633861646663373634376264396164366261353530626631
39623061653365383735313465616465373263333135383835356531653337373731326535666334
65663637346434636162663362313962653432343133643461623635353937383933303866616135
66646532623838393839316161336636373737346430303439366531653332326661633333333730
61336430323939343939653561623662303765393632646563343331313465323561386665323638
61303031376163646665626636323737386136333432663063306232656262666537653862643963
35353863323836666535383262396433313939303064323635626563383862666164373239353737
63393734653437306261633735333434666635613636646362383465663236643430313934663336
35643534613733613431373463323231336664333061353735303635373165333837643866353133
66346333393530356239373630646666373666663066326238626230663634386262333130633135
35393433626333336637653531396463393735343764646438373563393262373134623731663331
63366137613639363438363964383661386631633731666231326566613665643532316633356130
63343763663166383562353166626339363261356632666162656461356661336339356364363533
38663461356630653133653833373665356131616439653961653432623765366633633862336536
34393964303666356166383130346637643732356531613965306366383132326661333939333535
62343635386466303365636430343038343163303562366338653361303432663662626261393136
31333832303537313132386333656165323235316439623435656533313837363763643438663366
32343865386364646661613839323464346166656562636236666261336231396536396365333934
38363035626132376366313866646534313236653635303136616437303339326334323130656130
37366266343731353236386639363663383739376335663636396136303763363139346436303661
38336433626266626231313235363961633737306438356365373635303035356531346433666138
39343730653762613032353438303262363539666664623537626434336363623333326139336162
33363064356561616463643761336234613034663536663663353764646636336231316437303839
36366333613862623634356630656232643062363738393237373035643434323033383532393961
39393863373838356533363466386636373766316430663635383966663766373633653330623364
65316133373634343033313762633664663132356331396638343462633837643236366531353730
39643332306531323239386136323230333539353036373338613561326639383064653064313030
39636233663731353439326366333961386662383465333336633763323265373633646339373266
63646566363132306462633831663238366136656235373962633338613062313262363436323738
62393434626666626234306131396532343037613465336263646566313862653038316138613939
37393335323137393936633436663033306532306439643365393536333564346661636461646663
34353732316266316638663864646661613234343665303134313963653161366361383761376164
61316162653665303863613933306462326235376163366265316366393463633937623537386237
35386230383463663934376239343363643162623035356366373535343936363335316535303639
35336136393466383961373431343462333539616365393538323137663034306532646530613362
35363835326664613932306362343361326463323863646531326137383965366362323661643831
35326530396633626164313830666664356537396563373933303964323233333638353831616461
33616561653664343830666231393263343837313331313435336664623162633563353433336537
63363662653463316462336335343566306632646436316536396662306563323631373864303532
39316665373330313537616639323736363265383638653564306539656130363461323566306237
64353036333064353561316564653531363131653933336637623263393233343338646231366165
33313039626136326635396235376130626139343939633837386530303239326432663664353766
30636166386635386433363635396436666531316465633737323930393437313537646364396630
65323663393231633235373261303931386361326538316139306430393839643366386462653733
38653630323534656362336531343735323363613866653833613363303638633732666133616362
33303662613638633261663833386137313962353961303434363933656336653361386331366566
36326337323066636235306135333966386535663133333436383663333637323138643736623662
30353130373530663033623164653135306564616439643466656538323737376465363731663566
62656534366561346433316138633466633937653336303735656665666265626135373435386536
66316366393965336432383762383966326666336662623861613866643165653839636436666338
38356265326364623439386231356562353233623838383939323065383539626163303034393431
62643239306166303761356161646536386536303861326537636532623166636433336135633130
33396364613230663138666139343231356331343838633964363635393866653134303965313235
38393664653239396231633862396333656665373062643634363963376435353232333262326264
33316263303164303166373462306265666661303062393563393239326164383066313330633733
33396266626435356335343735363166613564306431393434313263353435623264313132316633
30613830396566636566396638623366393939636135346565316463616334643630323239313135
38333835373065346363383765366537633631316461646535396234636230393161356537633339
62353531653830373439613531303438356531663363346539353032343831663433343130656334
62396662323461623536376666643338333265663439666265376662316434386137316638656239
62633831343063373232633334353134313866353665623661326266326263653035643632613566
31613963623034366533333632346166343564633864396265343063653838633130373831366361
66663230303061363135636437623864323662386336326666336666323861333639386633343865
63373932633238373266653734383032643436326363346535653638336633666466653234306532
33653065353861623361393235303033383538663134623732383835613731383739336564303735
39376138656434613932653530633731393231653464336364353835623732393236313366303065
34616562353736386663313862313264383437323232313735633233343336633965366438323062
63303637373630643364363731323336616134613032306336313664306231303934636665383535
65626534653364356561356235356238623836616261623135663330356337376163376636363839
61663161643233613462313631623235393138663139343631346334653639396138343039396233
34656636396264313633353463363564663536623833376638353232393461333063306461333635
35653334353666386663366332633166336664343835626638636630393961333963363437313863
61633636363334313039313863636437366639643639326131396366323762636239373733383066
30653133356338386136303739393034303638623536656564386166333433643031623330653366
35373131623763633938636566616438613266333534386435373266303738316138633534373662
30663764303531316238653034663064363930356266663963323661326339376664323933333362
31366432663837633861363939373061353536363361306437333639306531666435353161353236
34303031623831633339303534323239633834666165383165633237373334393162323937343565
65663930633961616633373165383562323634343232623166623837323237346163306363393665
39663934633562343261376434366135613935623162316366346166363362333536363630646238
39336338346261383239623332316561383666663362303839353261346238346630376261343234
35356438626262313465613861613039616266396439663837666433306565626133353639313636
32376236376564396465313566643333616434343464376232346132306464643132666338343265
37663435613030636364383032306630326439643461626233333664326437656666373932623930
35653066353733313962646536623564356366336330373062383836623331303662363536323130
63613664396233396163323565636631353036633366643166333037623564326161303137393732
65383161323363343630623238353837346165616231383566633563303834396435613736323431
37313565626332663036633939326139376438646237663935333033356532323438376236306663
34336461313962346365633231653639313464663636653836333166366565383431643232326566
61653866333236646464643837646630396461616163353230616431633532343162653261326439
61613238663832656163623063343337626465316662386432343135323166633535386431623130
38653635636233623764656365316330326533343365393338366636366235353865623431333664
31303962363633323666333033393862303137383964373136616663383163353363663731396361
38313864643237316665383232373634326433396133646663653165663237643333376534306339
33396664333365633338663166316166356238613139356433633235313738383263633732663065
61393239313763306139633166646461633565656564626134653837326634643438326663643264
36613462656163356334393733346464633262353130616438663362303261376330373939653936
61623532313665623438376430343365666262613733316565656531306432316139616336343863
39356337373339646131653633643239613462386139356533356138643166356235333263626533
38303735303938373531643562333837373036333137666438653561653639303264353238383030
33303531643733313365653838313536636335326536373065336534653932653531643832653734
33333537633135313731313461623166343438333334383935316261633366623339313830346337
35616436316533323165333466373636303234613231376534316636656633326339313638323037
64653734663563376162636633333162323132633131396233333239666239383039616561373632
36383737636538383362623932313763373966316437386330313663623532396530646239646632
38386666653130633636323334636436326133663639363065333830376363363932646432613730
30313031613764623833663032643231623461383239303135336631316630323435316663386332
31613439633461343135363531613537343132306330393365653266623961633730633434383036
34353732333039336335393964653762316539663662633132353464396363393565333762306461
34666330643066656539346230646332643965353636633337376633643739303133356165396232
61383634363131323735386662313535326533393962633331316338646561336164653932633431
33646166626635313763363330343630633737383532616435336638653962656338313161656331
34333730623436326466633037353239663331633438653065343132663930643433363539643265
30636462656134313431396432373466666633353536353236626433643637353332626330323538
63363234613461313763363034306563666166353338343431366563653832313661353337343461
62303264616361666536376263633064323339393834333664626337366237623438666635343635
32636138626533323537663034376262396433623033313439323133663963303065313162623365
34323364623862333933353035343830643732633066613830313262666534616662643237626262
33616334613830616538323633366565393133353230326436623264376230343532656262643431
63643138636236626334326236343436666234663863313765623364336265386234346238313237
62323465653065343737393633363132613134613761616164393663623566663934383533643131
66323163633333366530626466373366386135346435363366393064656262373938616131613231
65613937383634663235343830333134613833383034356363646536346330313163353437373832
33323839633835383862356465373936653661343966346439363466316631636530353236376464
65303131373865343635316664326130396266656562663964633838326635653832333432333332
65643066303136383034356435396530383937363133653434333364376437393032656133613366
63616536643435373361623237643134636461643962373338353635343664353332663464663731
33336564396465323239303866633366333431613566316262316332376139326664313463666531
62656131646366386632303739326238323631653337306664343036323862323135653237643537
35393335313738613737326435646666363966336663656432313965366432396631323634643366
34623133376362643061386664326439303434663131636365373664323239356531623666626235
64366530366237666266633335656362633462343166613134323237306438353639326135613063
62613062356666653333396535323534373330666339386130323239313034653833353838633364
35626330646439313665323933656135303064656233653133656330653338643561393631323366
31323361393137376431373063373931326433316330646534336464366239623936333134646236
33376634666231323237356336653163623361613134623533623933626564383237363434343238
31623736353832643764326661353666363832303232313535393032643933326232316633346663
66646236383266383134333332323762393636393939386439316363613539313335346666663065
34313537353062303831616665306237333733313765636431343738363762623939336236383738
33346436343736326235343361386162643831343363333835333431306630326265663163656135
34353235376634313965353366386666323837333336613935323165363135383363356163613232
64396130306135633739333637393266363161303465356231326132303938633138323363653465
32626335316532393233653162366433636332373465353365616264643366386237613632636561
36313831643764636431313833643232343765306633363963323964646137666162
