$ANSIBLE_VAULT;1.1;AES256
63376662376462363136303732656238393538313062353439633136316530623230313232323237
6235653564636336323331303238383963633162616535630a323333623731383038393238643831
64613431356430356561643763306633373063666431316561396631313736663134363732376162
3131623466613531620a353733303161306462313266313739393361353435653239363134343538
63353035316337643265353935646264636661383761383863633236633535376134653835306165
64633133623466643366323934653565646437613763643830323231623264336266613337363764
64343163353836663161303638613637323531393935353238663739643665343833623865306236
64333538346234663438303965623863366561326637623136613934663233386233663065306431
35643838303061336330376364366138303263393431316632356130363434643135313336373432
63386664366466306231306437303135646435616331356163663939316637626432343432663461
62656666643563393631373634393735653438356632316165616534393037363362636564623437
66356337363363643465333231656562316365356362663238666432633963363839363234313764
35323837666265383630663034333863363461623764386130333130383536346264363234386237
65386631356137646537376364303139303937323034653035383638323235373637356135316263
38396661373839613438653435353436353435396364363131303665323665353538313138333432
35653666663762333131356534313963353833313464623137353633346335373962306539353866
62353936633766356133663162333231373534636435336362666136356162353465663233356236
36313031323533333261643132383832656237313565353636643138643761336439633133313933
30616438633030663532393737313862343165393431343462353235386339393866316432333861
65363961333266633439613761353439326538303865343666666561346165656332636461653464
31353666356361346461633533613766386162633334343236376130623432386530616563613264
61366338393764353664353130313961663866346439343235653637343861376261636333396436
39313466663763313661333438616432656638363735633634643430646532633135366435393563
35613637383564393866366537303663663533666238666636343531653531653136656233346661
30396432363836333630666566343763343739356138626365303662653634653566343465333333
62356238663734363638613265386533303832313236303131316635383363636234633438643137
30333539303731313138306438336338363332353962383761306266633666326231633766373130
31393132323366663164626565346563316235303333363062303238373062626338393732383066
36383363316263613361323065333335613936376565376638626462633066383630643036363738
32306262393464356232666635396433326235303631333031663536626535663130323037653732
64353261653064383531336638623361326133323339393035326562643134663832663261303032
66666337383835313137623633626433633534316365386430356461393064326666636566306439
65343737643635303639626364613538636366363739393537623062346263616430346264613538
33656664643664346437356633613532316530613162653336303666303736393237633963393031
39393937613162646337343335326332613661323538333238306361373130323064623130663738
33356265636266666363316135396262373563633861613232346365363363666332353433303531
62623535313761323238333065383433643536653232376662643563393637643432336638386563
36386331383837323638643037323633363437613861633833643435656266373263383632376533
63373030383036386461636236316130353739383136613832393035313431383939303531643536
63303131353964356163616530383133393539306237313565643166383832336664366565333336
64663536383665313564613461383933323533323166643537333234613636623732393932626137
35373566663062333537666561613564366132323062643938343231383935366230663637303934
39646534333836623938323438663766666431336632343532346138646166353062653038343236
32373962336634663436303239643062303963326635613436643535373862626363666564303531
35336235353238616136633366353865393439616164653334336433656538363931626365323866
36353535353166653837383863343165653835643232313265386239316136313365666662343134
37343766373466323932633865363439623238373261373639326239326233306131326637623039
61363630363637326235663833333838633263636139383833343262343533613037336334346632
63343663623232356439343733353836363564313735666231383262316437303237636161393464
39663066383334373636306635623238313333383438333435313332353763616531393462633563
30336136366138636137373634616536616531663333333638663533336562643561363430316239
38353331346431633530343435316536363131613562333261646466613730633634346466336466
34303364356165306165353761303038393431373438333465333036366161366462366564653765
30323761303935663036633364663330646364346465663964313739643336386530623330623230
37626431316530326361373163616632326133623463616331373962626433653464353233313937
32326333616662313762643231656632383065313434373266383935623638636330666531653565
65346137633533633666613166353133303935366361643638373337363535393034313366663733
30386631383034373238653930313065333239326165376634303262633536323165636665663865
65376263306136306635306136363135633565333964633762643662376266383632653363653835
64303862386139666136343336376465623633353938373264313166623334633939386234613436
34323237373932396133303062303531396134653865323533316566363438336631356536623336
32666164636230333362646536386565303261653134313239353537613264616633636431656163
38346366643838363334353364346331626563323830323763333333393537363130366438626136
34663633396235383835303665373761393139396130316664386337343331346638656361316336
38653435653463613839613332343661306237383964623233323463626466663239356133306330
33623734646639393030343030353237373535626330643033366238343361336536633663343137
61363231613431653930663366303361653233306435633937633566333161326462323163643331
37653364353262386163626436663364336437343838336539666632366566363132353433633562
32633962313862336337336239336563323061613331653434636135323038323734313337663163
32666430383562613633623966616266623939613239316265343236333932343662636165316334
32323062363930343932653031626132336137626138376232373664653365653132343466356436
34636637326462333232386435346134343239383238663532353530383563616131303463323536
31376430366162303933666533626164316362363964323564393163336165333234636166616562
61363334316635613164376463343432626432633630623531376166353839613237653838366138
66303561636435373438343530396134643539633465623038363936383133613733363931373632
62303230613038623765326531623064323663653263366133343732323961326566306564346262
36386563653732333836663735646464613939613634616538316665656163343366663663636530
30353930643637333539393636643961373838306633646330343366353635306532303235656236
39356632313438393930356132363731313662353731353363643131616235393635643437383934
62393035616538343638386466333339323563613963316130366437373235633635333863373738
37656136336430306263623037323833626237313861343965643663303265643662333933393333
39613965366134353862633864323363376330356638366235366430623865383937323636636132
35363431663165353139386464666237656363396161323564633231366636323838643764396563
35366638636664666332363837306439613161356439656666646261626230646264363336323166
63303531383731376366633635326463336237313033653736353734656433373337326232653232
38393264636433653061653665393431383636333166383133653966663738313334646133663463
32663134396337306539666633303330393432636238373738666564393836666165333139653838
64633434636366336238346361366633363037646466616566323465613238393431386232343763
39376162376639323236623764343831313033656261393137336435613538373164366337393662
64393531393338643365366430343861323036323733313936343335343830646564616236613531
66363733343731373631376630366635393363326630613233333239386466356634303765346464
36623663663239306236333138313762633937366434393437616161393834383066333734636534
37366430353031643064663535636665363862313539333636376630386561633436333032313832
37646664303564303238326631353662336235343664333765366630316266393036303862383939
61613937336635333138333963346335613730633732653539613863386639383961383738313130
64616336653332386331356531373539616331306561313936393465316364633535313862396466
38323933633237343066646262623363613431666233353138653235396239346437376161353839
33363533323831343432626534636464353537646331383236323931653164393965353833346535
32636134653935666530633166653438393237323736323332363636333864353562366130336366
36383835393538626366323839323632336339613137353362313438613938336537643934343037
33663333373338393337613561306637383636663935376162303338613464333732396136396532
62613062313062326430333831366361653436656261363965666130363836363634663062313634
34303563623335363966663330653432383466343631643234336633383031303533333937366463
39656533643137373664666236366462663538326362303763323939666161363331313065343039
62383135346236643862613338333137323334643232653536326637653839653037633633633436
31613433306137306163656164376364623836356636313634336563623665346337396338393235
61643762383864666335383931316365376632366664306335373065336539663438313636613633
64356339383431633930663833346537363434373739323261353664663164353364386563353935
37356535303031626231363736396634306537663737373139613864653161376136366366353837
65663738373662303164663036336332303732626130366237653533383030666661323739343337
66393034386531653362636139323638646339356662663037383162633266333930393466313164
35636666636337313432313637376134643237356531313934376533666163306234383637333732
63303331653333666563363239633766393537633736313163353062313437343736643565646133
30336435666236383635323265623337343831323430373732346639393563643633306438353566
38653235643338623638343632313434373935333335393361363164306166333036636566363031
38313932643630653461656666643731636634363539666435636430323633626261333730323563
62303132323063626635303036636261623564343961323031343563333739393139313366376235
66383266666262333064386235376235366362303836643562633238633138353065386334346663
61613935663866626639393462343134363637373234356133656463616231333538643038643465
30363633363637303137396664323734636434363131383638636336356262376431376638653362
32646539393638303461366239303566366337323762643638636230633836346337306431623462
37393666323361393864323630353638386334646264353533653031316263376138363735303264
36383337393935646639333431303861333639663939643064313734383162386565626664643638
63333761306339306265373338396232646332656466383430396232666162313530366266333930
32633464383464383433393932653765356332636533356230653563376261626638363936653933
64393737646633653139366462623264353534613561316635383436636264383863636464336466
64623839646263336537373231336461633336656465393732646533363633636432343034396461
38623365346238363762333034386465646238333862313362663962643637636234373663353134
34636536643135643965643430646662336436326163666635303836666464393865656666343834
30336234653065343531376132363537653338303765343163663138383532303236663036636462
37383937383465303439313635623332313639656337363062366336616634393164326633366232
64383537623563643737626336616338363861346562336661613037656664653662373166316231
31333966356334373034383865323635316534393537373361663336303835616465306332383139
63393461393065376430306666353936333261326361343839663564363336303064363833326231
35326163636132616363393730353466663132386266666463396330666262323565316638393063
31336632386333303834343532393530636134626266396661653236646631613362393961623064
37633164636639353834313563666563346633333963393462363533323138376264313761633762
65393035366263616130653562363134383032353633353734633738356230363264363461353830
37363539313330313533353365663832373866373139363231316663336431626134623461363436
36626137393132646530373465383333616238366462343134366133343462383065313433323731
33396166343132373864376332353539366337643231333066336461656531636462303135363039
64353635366138663365313036353934613238636161613837366539316562653162386234366231
32613233326365636433353539656538336663623839363036303264373631633965323236323966
30336237643233303839366137333432396535326563656631386135623861613962323236333239
34663630626137333764613131646264333939353063353537613861303938353463626465663061
65376530646635633432346335343362646466313131626666323931386432383934633530643163
33633737636633303934336365326539306330623865343535626265326664636638663831336235
63323935653563643538646566383462393832643331313632303737363939613132383633613936
61346631346332346136333665333465313264353366613465353933363164646165373231313137
61336631383032353661666463643436393264323632356234393664383732623066386638313034
31393337356265363033633731383333306439363039323062363962346136643932663466653666
66616464343838383231363265333934303861373162353563323037656136626138373165663138
61633334653039346233663331626265303461646132383238323231616136376634366134333262
32346639323335363136376134386232666662636365396430323063313131316335333532366430
65396133353037346439633731643631313835663365663362623339626332623865306335663230
37383435303937633066366633643565386335386663366630663663643065656561316233636436
62393565623561613865636161616131376234393834633565336334313365393233346337653563
37646164666135326261303830356461303231323438646533326364666637343061353430353835
32363066353236636434383664306331386134393231626230633463323562643666373637636430
32323637396539346132636239376439383564363063313736663661356332383336306234313262
63333631643137636531306461383132636534393232306534363339323964363866363663383436
35633930346339383932366264306530343235616166653963343035323163633635326539333136
31663864356532373136313563613432366233646563316530613435303238343236393633366538
38303735353264636538323266653863333835383266626666326631626330313236386266376565
39393239383233663736633838303134666232663164323065613866343063323035633731653336
35633664393933323864336538383561353539306435633263386132666136616430376330633637
33343836333166303037353766383265393465366162613234376238323139613761333332353231
36333964663134333964663036336139663137363832393166396630386137616237393934333632
61633838386433303062613261373535303532623036393837623963373863316664353062656437
39613139343230356464393135663732393831353936353339653164306137393865643861393039
38613033616239326330313862313432376235323139643061303530623731336465626137663961
33616332626261633233326632383338346132383131336430663033633935613235393065336531
64666236386137386465653065306364626534646236626135363262663961643166
