$ANSIBLE_VAULT;1.1;AES256
30613532643436383765633063316262303561313536323233366535396239313336656138383431
3336383162613431396431626563313837323266303361390a623335353861323265363964616332
63366562613335356264313738376634353030316231653561346564646134353936383930336634
3262653762643039310a353965356635363438393239653361666337643663653935323165306637
36383630396663316539653736313937376265313761313462303131636664386361626537653833
36363765323230643834303535383836616235386435386635316435396131613361663334336132
33363739303531393366323233343666633364353265396632366435326665633839343337393031
32353561383435363432633134623564373965623466306539323333356164313936366331323563
38366561333765343736316565306561346365396262376131316336653732306533396662303733
61663730346564353163366530396635343261633338656230643034666662636635326366346330
32326261313161396561623134363236613464343238373438663139376362643839646136333337
62633762623031633964323764333135306563346630323833623637393735386430653533383762
36363234383861366334343066616464393765623731343434373738616466343137376432346263
63363334383533313062636463303833646562613135646161303164326231373237646162346537
33616330353462383233373231343937613136383838396535303432636165396135336537396139
35653535346631656333313438346537633032383864623538653562663365663432613661363736
61653430633935376632386264613361386237393066343938613365386664636662613931383738
38623536633037373362353836313661626662353536333137616137323563356134363331383638
61373762666430346638356333356361383965623439383765363063336361326465626363383333
61386432646234346535653061646635663535623463646161393465373065656330306132633238
66326636646535376537663538613132623734636166383633383763653966616264663362643038
31336563326666393563623938646438326339343062353430333966376165623866616232653932
61353833383931313332353135663734656631343035653131373134646230336438623863316531
63313032643130316465303564383163663833393766353731316666656537383632616539386534
30306239333238633530643566613430353030326562653961623639303263633233353235353562
32346538303236393231373866633461623565626330323162343632623533663637313765363430
39396566326665303039353438666466633637306366313063356165353733386462376663653734
35323361616439396230633738396366336164663535646235366664616138643762353639346461
62346537613639363234646632633133656235326366323130646165613234666233623534366134
66663462323338616435346366366564303030346366613937333334326536376166616630616632
33386234616565393533666461633466323837376537623863626666383136303433303261326134
34313933643930346132326238653435623830633236343937313162636434333831316237653265
66346165653533313361346635373764363461343434393134326537396439313932616138393132
33346533626635316263363335636336363130336130366530333330323562623736323266653263
61353762666535316430303366303961313565303930653033656666633333663134353331663634
33323464343462313732343538306363393766616135663737613831303830376633303437663932
65323931633866643535303362346236643464373030656434623266623264363734646235643965
39366666353461663266316639343261353937626339366537343534366261353163653438653261
61343534613237626139336166646138383939323934323230333735616236623039386561666661
63633365373933316530373133633433366334663033646635613266613737383334623761396438
35316466343865613066363636653063353965306633383866383663663137323061343064363337
39643337363333373834326133646632623861643436376431626635636533386234623263333662
35333830326331653139373038643838356431323531633433316431396534613033373730376665
37653330376532613637646438666631663362666465373538383435316334613036383564653136
66636338383261316532656561613566303237653932633039636561643136633930663933333365
65636433303238383635623730646661616431646335636330646539393466626362313130653864
38653639306635663863663639373637623432336431303834376365346431643066393363323362
63633534343530636134346334643638623830353433376232366362613366613239613566623564
35336263306231343733653732346664363265393834376631356362346430333332313839346435
64613832643963333733656265313431656636653463343163326664656232633631646630343366
31633464656537643933336164323236393936323330616337636232316633366135626661303965
66346234666435353334623963393739663233356163323262336636313730643965613536356661
64646631616564376262333534316566316639623133313964623932666335623339306462663135
61396239306664653234346139626136373462616165623732383531363938656135613238623235
34333737626266383831313031666335626366666565396163346635653265623439663639396663
64326439653134643131356139363431326335373236656632623733613966663364613939343038
36643264376265666231323739653964666438393431633464303930643337666435333831663361
31613465336330396661306639363031616661316663663463393733313239303166626166336265
36626533306537303837363131323039663163383933396666653762633537303430386432323262
61633230333439343165303965646431326333613031346638373031363064306535616334343163
64386363343232656334646439643565626130366231656261323932323339663662653064333163
38323764326439366464376339366530303538343439383666646166343763343233623931613834
30386637653339633764616465393437303632396165336261613765623837626537303030633539
66313538626433383939623565643234376163316566366263636664656666366631626662346639
66326238623930663363333536336637666163303334323330643239623635326637393135666431
65343461393562663433353365373832636332633536306130646336653532303133666366313363
39323762356332386431656337343864373532333839386263663564353737633336396234366130
33623461336538643564306337303363326231333231366439313037633331636362326564323463
35393263613162313334383933393530323232363462656333623261383337363436396131343436
35613537663937646561373438326132326532326237663966626236666665373338623966393538
31353231663737643564383936383738313537646436356238663233616239623865663630393438
30656561613636356537343466643866323637323961376132616633646330663832316636346136
32306539623232393161666233383765383165316237326437333263366532313766613938633832
36653838346164643436333764646336653836616635623662333530396162346634303538396263
30663031303865323833306132653531326538633863643535373734623765636634646466323061
30366632666161646365653035326338356330656561383263313134313762386635636538356437
32303439333433356661313530326638373139363635333563363162363937366165633764336636
33343830323661323764363733326361393535303264363136393934623766343939616464653364
36666537313230376534333061383432613931613931343431613564643661613065613166663766
38363131633938303833623534313461643062356565363132613663353065643962643634313366
34313135656535656232366161386533373635336236386365663030396436343332343930626137
38343339363834613832643038396434366530366130316331353135663832333362626365366362
32396564333262323765373463393036386266326565653266313634313838633234656239323332
64363064333934386436386634633264346537313466396634356637363737373165633666373738
62366266633331646565313366373539646332623366376562626165333163376334366433333666
33663362306261646165396461653263356232316330373862363462653834373665626235663331
32313164353430656261383739393334323066336334343864363635316666626462336165633436
65643334323666643038666139626463333566336633653038633263643964303438616138356563
38333532333766316334393236383039313362633565636532346665323134366138626339316366
61303039386361633739633336653161383038336462373237636666326531623738623339326364
30373036303965663430373839343537663533393265656639663035303839646430386662623534
66313630353336653834646339316235303539333363653439316139356237326137313237316165
37343030666563313139663530633736613438653436653835383838366530646138653034353366
63396230323261393362373336333733333361386330633265616365663365373737373137303235
38363832313831336631666432613434366262313338313238643763363338666533306534333266
34333961383764346663633038616437653130383434323537393331383030306631633330656535
65373833376133386435323233613635623939353862373435393662313661303636363639343839
61623961626362623832613937626361323436343833383164613639636637646534393162616432
31636435343165646564623538666634356164333336613561353665353661666261316433396237
66363434663534373765336633613135363039613465343163653365356537653364333332643136
34356236616431363834626434333365326230323839383433346632386436346231373064623461
39666338353431376634333934336536366231613739306330663431613161663538383766373236
62393732336366366533313931663864326462613163643834376361626263623165323666643062
32356263376531336663333261303039343330393137383138623632616566333232376335653264
31353732333334623239613331373835383435333762653034613831613036626564373164366563
37666665306562663735366539393435323432636633633865613566643137313962326164376132
35383138623933353966356336346339643039313636376631626562633563643333353064353462
36363937326334373031623038386661646165636136653662386230656630353664316266326136
63663530326438306630316637343233643963663630396633336261653730396261363332383562
35626363323066396434396230623634363937303338396266363666343532343437393830643366
39376564343139346565383161643735383365303461303265313339323732356266626637656662
63303364353135356461633364373132376430346238363638643432366561363837313563363034
64613863363333363264356135376366653135646162626364323762653563396337373664616333
37616138343438316239383730383338316135643631613531366434393661303933336437643830
34336531393734366436383331613138306433656365396465363138386238326139653561336464
62626337613061613432646633613838326531353764346463373666666166653262363534636663
63613332643461376431306538373965303034643965336637663030306437316662316634376537
66663635383633663034346633346435666234643237623963383430386538333838333064303861
39646561383630313563356231326232346365323237303263626439333035643834616564343463
32633932636662663633333862386436363639666130383464333962353637343138303933376535
38376462623165323839616665396633336664383839383263363566613565393130646131613364
65656262316161646562356239396163666337366435326564356662383932383962313431326230
66333033326333333237313734366537663362663266373766313936613661383932323837343962
39373061333638653665613632303562633066366363613836656133303434336532623364663163
62316638646137633961333634383731306439386364393861633564326664366433646166393231
38353134333530343762303035316466663963333736376461313933353630353532316264666566
37623238323436376664356335313433666431313034663661666637396533616261613036356266
34646261303661396532333337343162366164313066663435383231396338666433313066653731
65623037313965326139393333323730663131613531343232633433343831393839326133333463
66323863313663653530663830663362643364393932303336383966333233613739333639343364
37373665343732646537323035303033666135393835306163343535616633343833346334386266
61393465343436626335626439326336656661363635313832303933663331306634333262613965
65333734393534313361396264363431653466393666346165656231626239383634613762333662
64306265373935316535646137653661333662333362656236333536333938383737646233313437
39363662653166303161663532373466343436393234303462373734663331376635386435326533
61643535666631623363353464646437313932393239623961613437383432616664633861333065
31663336353036656439636263623065633666373231633166623265373139326439623866316533
63333034333737393766613462303666336435343531386166393132653631636162396536353262
64366634623039653331623735343963643563353732616330333734623634653037633732346232
30626332313236356434636432616338346434326235653435623365326233653464646531343765
34386537656431616364663732393436656538643363386332333731313838613937346434303165
39643062373564383935353366623363383264353030653965636636623636323862653165306237
65393135373364613534316466343463386536333034393535323631653261613936316531623030
34343433636335616136656136663930333632353465333633666434666661323938356437633037
32336362306666636537383935616536356136363437353235353136626333366235643335363439
32386336616565303139643031356437383962353566323362333362623135343863336161316630
39633231313031386664313039303538643061346139663662303436306362326366346134636338
65643665316431383738363432616466613435646632373034353666396236313661633438613538
33393533363638333435666164663533323232646235393064616263356531336338343364333836
31633436646661386662303137656662313731373563303761663065646431613537633530346664
34376163306231303634653766613165626635313833626539383063333934366537396563356163
38373537306364656137353563393830363330356532623262353632393562626636656137366361
34656561313830623835663636323930613730393733343764663535376162393533333837386162
36336466333836636164346430633833303132353535616435366533663537663432326161306466
61646232373132343331376233656566646635663466353331333036323932323839623835336665
37343564386662663238323064363466366463396461653739366331343662656333626239386631
36363931323938366365316231366437323466376630396630373332643032646539656533343133
64313263306261646135363366613431343334356463393462366362633364333034343436633838
64323138663936373639663931306637373332653335373235633161396432643938323761306431
34613238376139663633353766316634623735353461636361353665633139373838393932393038
64653339343266343063353235386163373864383431656536623937336639313335313038333939
30316466363634366334373833343537386232363934343464376437613931376365393136386133
62613931343262303039346331313532396436396236623037636139316537333933663266326633
31353137316564323865636130353439393633333061376531326564333164386139343963313838
38343764636661613733356464373935633638376566326634313932386232636432343461316436
63306336393231306366363162616635336663636663653661653538326466666164373561386163
62616434656230363766323633653363316536623162656230303434666162633832636635363737
39616635643562643338393136386435383538333333613466306435643134636338393836376366
36373462633630613739353564326537326632653832303864663832373330616537333262613539
36313131356435363039313530356432663032353738623164656562373237623739643832383737
34393936393334663336313665393766376235343261613532363636636566613665343931393536
61306264653431626365663038303437393230326135313661633561343231323432323266306136
33393531396434356139373261386131313738623264356234363461303634323735
