$ANSIBLE_VAULT;1.1;AES256
62353635323037666235356134613933323861353461383834336665306636666135633538653964
6631643538363430343333393834623035636432346134360a376236333935643762613330633538
39633837613731346235633662336162623462373839366438613832363465333230663833306537
6435613732656166630a356332353330393765653933666637623533383263613062386434396133
35323264633339376437646332643231333133653031303665633162323332363565656631616161
61383065333865316533353532623538383035376361613237363736653162343834366562643834
63383632346131623434666535303538303733306562393238383033646138393837393962343261
32663361663838336137336532373633616136333866633362353362373634316633356132326234
64396664656165656539303564633838313939616334353865643861366534333166383866326465
35336231643837393834613938613434303962306631653539356337323038303235306362383863
63303938633736656266333363633934356464373163353336623735356538623162343835343361
37393564393762643135613930373564356463393862313163373263393164663438306130353434
30343135366335333036663134636535623065326134333964356261353730366134396132343533
39616133646662646261623239363266616165666162306638346331333639613932623136333735
66613462313762363631383136353562306266633166336436386231366162393261623039666431
62343561613861613434633730643763626439373161663162616466653032666666353062316335
65346338363766356331653831373163393035316164363334316265376231633263313338386634
30626465646233633434646139666630346233306637383933643736383665363630333936613331
31646333633333646339373930346530373036346461313535383930393966663536393537633863
33303136303230326439653261383730373931613939613733623165383262323531623934303164
31303061366461396663396339653665613963356330373432306133646139356335643630646466
38396435383331393939633663313565306666663337633932343430643638633231643662363435
39363561366137646163656565626166613336626665653934343633636464656534353064343332
64303232623265363531323365373139353238633031666162646434663062386564633362363234
39353437363765313839363465336665333832613136383664613439333537613766393264316663
66613637616633643435653436313062316332316131363831383664616436343535326163396262
64363333313336396236396636326130333934313666616239326261643539633264653239633339
39353931353533316232666534313934613838623666336561383031613236366363343262356139
36343062376433626635393461656563316231656436613264373365653563363764613335336666
37313830666164313661386165623039633064353433336664393832373934356130323631343464
61633439316365366263626438616630336164313133373436343239623735663434636664316262
36313132616239393637373630656139316234313934306238653863616534316566643935393665
34323066613835333366666230653836333535326332653466303665383330306332306333616237
38663339346164663563346438356563356130633563306138656239663838656663386432383730
34653932366332313338353637376536633764313634626638663030373537633234356164396332
37383136616264633661323638363666633834663739313161383439636335333938393666303335
30313935373335313432646166663966343461326635376364303038393638623264643636313433
62626536663864323933393338666631623565366163386538313664363931656438393365646631
39316133393739653638373033366134363636343438393066323339653932356335373465653130
33643131626432306535643330373837376666346164633961613836633835616533336632316465
61343132656230653037373035356134306336643166333635333635333966396235346632386563
33343362326331333462316162343562313862663863303465366637303962343735656263643333
32396664666435363532316566613235353561336362633337646463336230666666653831343031
38616434336333333834616561643936353632393539626237353739333739373935323263363862
64323135653462646236346534666266316566633937656233636161653130323036343765326332
38613662663739646139336231306530363631336366313434636163393434663831323937323235
35376362376362663862363463366230646331333662656238346336663735393961313839383264
62386663376664623435333131366536353939643936333830366331303264396464623161393731
64326336646262663136313864356336653961336166326665623438656532626330313736633233
34633161366332323862643834313235666132666631623838383161306666346563353734373934
37666337663030373234636666353530633961303261646162386566333261623332333364643663
66373031643631323233303163396431303134666633663837383430613363656437323266373033
32346532663261343936303335646639383439373234336331343037636330323838373431393531
39313663633334313637336162323031656333616432333735396164353435356330623163303930
65636333373862316136636539303339326565363962323866333738393335313461633161653936
64333331376461306134643864303732626131333439363730393963653364303563643836616536
39313663376636643666623931643163643434626633616330336431633435376261666665363161
39343339633062613561316432346365656231313936373935613461396664656336343637333461
66643339646532356130306637636437393531373436636230343462333734326164316339396366
65373536353661383132323562616364386661396336306530363665623831633265363739663032
66306534313834323138313035376237336565376432633961373030336137626365396131623337
30336665663637376330306564633965363630636562663133663164643462323165666334663537
32333535333765303131633163303963373836366330623465393165366231356363393161396662
63333434373765346661366635623635343336376638656266343231663039326635336666376333
65633034366231616139636638663034303234333432616134326337663530363066396165666565
33616638643363353263396237323936393533383863636139363037313238303138643365666164
34386135636331656438626633313532613665346664396130363931376662343934383832623162
35333964383866653865393333373061333139393865333261643630366639383637623932326538
62323939336234336135313931653436623262353862613865376333663630386333326265346539
36616536656534326665666430383032656335363063373363323030386537656639636136633065
63313337393230326139633533613735323164366465353763643939653730343561393939303739
34643734613064383033656535613332363031656333303065666136343130636633656239323661
62646166316264646438303837303165613966373135333838343432393365633965613961373230
64633366626662353035343435326161386365626438366634353464643931373163353239373636
33633338643462383738656264663937363633323839613666373962336234373730643766333964
62323330666364383261303434363735656138383064396562356334663161663938383436633462
64316130633537343166333032356461396638356639353835346261636365306236663338363366
31363364383865396363613137663533396164623834663063346166353533336539613662383464
66306462303438303736653464633064653162393165353530333632376165373166613638613536
36303733306136356261386564306132383938323338366536626431653135373764633330373937
61383863313939666531666264363330373661303136626165373762313437376335666162653366
31373066616437616430396232326636653334613135333764343264313730353637323366353466
39663839323139633239313133383739323061636530633539653038656363616635303262643839
66633437313835323730653566383231393963366165616136616533396237316134366431353836
63396132653139363734656264663030623261626231616533393163666463616338636430396637
61303336643863663631333133366134363962386339633332333530346431373037613733313139
35336161356363323030613033306566363135333834373966646536393930323262383362396635
34353438626263373735376364343762386134306362333365366261393233393533313138306436
36333833383165346465393834663832376166366130323433643364336436613466303163306237
36613337343737323564383062366536386531633433363334656230366161343866306363316562
65373263653535336666616439376138353733353866656432663130316361643134313531316462
63313664356362333737313233303231323566363635383561306661303732316636383538653836
38383834613338653137653064363463383537323135313863633962366139373434393962336662
35346533376130663432373232633766306261333361373433343539666334636137396231333461
34653631373134353035643931346662646639306339393631383861646565343364386362636262
32626137373363643936343463633634346462393936353465386635356431653331663831346133
65626330646330643535653065636265653161623739313535356166636130633464383935356464
65663138366439663634373232343539303661653538316331366438666533303261616465343766
34353162363033366632356661656233323839663730303835623835626233663037346461383562
64313533303233313935306161653764323131313462343532636339653635383938353539633431
64306464326164343638303861613230623836306136323161316439306161393364346634653034
64623165366233666134343638663566343061353435323630313237666434326462653861623734
61343962383830616131336137313632326235663564343031353561643465633261356438323161
62633262633035353833346265366664626535643335353939336230643436366330626231306666
36653963316130353031653036613763336436336565613536663430376437373936343930373165
62343261356431626361326266396137346137303338653761366132326131613365626435356161
34363333623731393465353763633537313761633366393464326134373830633737393737326261
31353332356362393334623933353864333463656431316234336662353435383133613437626362
66643862656561306338366264393137366439326439303065666162336335356536353339393035
34303336363135623061633334393362386364393934663732396438633534636338653936303237
31616166633634663261333337326232393064343031316534356232656631666235616165653536
36663035616166356433663734613430626130613635613834316234646633313466306238326562
36353535663361386664313833663133336534363135336364316161303866326263643666613765
61623561343131643431343131316563626265356637303931333266366136333130373630386631
63316461653065306230646265353035376661323061353137653761636230653963666137326437
33366365633431393238646438646332313232333531643362653563303562643763306635613632
64386562383734623530376236666230613132383962383838333839623163353433646536363736
31396236616165333830313037326637636632383735613434313963363139636139353933643332
39613534336566336130366262323930323466653062383036313330666636363361663932313264
33653963303363383263666335613564353665316563653363303265633339643239666635336563
32333662373735353230306136636138306533653837616261633062613566303037653334356461
30643537373262633730353637306361633132363461363334396535343938316331353631663832
37663162383163343065383133386363613664633531633036366564393631663664653537653730
62376366643633303830663865653032643238643438376132386231613162393432613065323837
30653736386133326266363865396566653433353033313335623234383165663434363237626338
65386137623130376465336635363663613061613062313166623736393537326637356238373037
61346461363937313364336432346238373831363764303062623234353166313838356265313537
38303534656338626434383039363238636232343537633637383731316439666163393261613430
62616231373762336637346664656636383866376464303163643531653032313566343035333437
34343065393562323338366665363363363039316166373435376332626563633161386462623734
64343535366362666163323636363138376437366436353838626464613735623261393739383864
34393663323733353165636465613735383238343239633633336139643862366431656666613165
34616236666237633533383430646134393430343437663235353665353132646439653764343032
64333166346332613332353434663634383732656366353933323730393333373739366163623466
62363162313236373430373038326365666265393435343438303830616665393936363565303566
66666231323138396133643639633439633037326438353737373932353337316435316339643336
62613538353363653864393138666566363962363438616231356437653964386562623665643462
33626637613430343262373961663862626465633833656238393531386139376461613931343362
35346138663733633262623666346336396462393366373964393431633038353635366163303435
31666462636333666464376362613535316334666630336630393731396138666430306464663330
34623733306663366639343632653039333836643239396465623238663735336264633863343562
66356164613861613962663132363336353430613531383734386663663631666232613932636436
35313637613536396236373064356264343966323331396161653538643262376632626165313663
35333265623737636138633335306161633965383536613633363461643264343230663836383833
39623437616334313066353830313332323134316665303038373532346137656136393237386430
32393962636662383838303163316239343434623531343837626535656566633538613432613230
35343066343339643735626537376431373837383764376162326465623531396135343866396436
37353832616235633863633039323834636261613962376234373235343461383265613365383733
61393236313961366337626332363366393062383562633837623231396231303934303336663437
65656636653061653864343338323239613639353765393761383434303936333762343331653936
63316338643762363032633334313164363836313165353165623538373739356331303062353130
36346136613134653462623634373962333335613666346139333137383737343139343738623135
66613338343964646361643830666564383339303532653364353832626562643766616230313563
35333033616566373136656362303166316339333362313964636465313563386137313139643035
65623432313963643239633436643964333861303564633033396333643136343834393261623862
32376261343634646438666434353239396432383132336663353439376234656663653233653866
31373163636330373835343361663063626335383031313836623639616430393635316539333439
64613830366633346437356432366438376336363938373435393565346438363638326163633864
61666531323430656461356130626266383031323938333037386238353761393136373261356233
34646536633865636262333563363264666433653831323939316261346664303161353561663136
38623161633939316336383762663836613736643939326635666565343633363633343539356432
66633333333437316164396161313338653865616337663562373934613666623064666431316439
64636138326134366635366466386637343739393365353465653632663731373938333037613266
33646561363735323064616461303934643431306565656430363835356662393436633239306236
34356666646132363430636130626237333431373832633939303033386536383636636132663330
39613161363733373066346230383565363130363266663930326635626430663633666637363561
30316666316362373436316161313037623764313236373361366362636238356338643462353736
37613531336633633361653935633630643965343932333438646462303265663434316266323230
62393937633264626162383439353939356534663161333761363537356433313337396639666430
65316234643136396533303334636461326663376634353962393765313035363238643933303663
66353566616530343833646230643739373735333737366634383661353330663565346231393838
38643233316237373332343733323834343637666234356266333436323132666632343939386532
38376436376437353433616132316365323331646461303131666530623966616161
