$ANSIBLE_VAULT;1.1;AES256
33356233316562336461383038356163663937373930393863316137663937353336653636373035
6437323533306262326664326234323963653735643834350a356464313331646262383163663163
66363464383538613737343135313761333932363736363432346264633062343066346632303930
3866363532663661370a363562383065363766373161633064616334383062373664303766366237
64613738663633616161323738643932353161616166613434633730363238613966643661353564
63383966303661326539313564316434646566656665333062346238333161656161663063633536
32343332656635643836353265373939376363303666323761336135373937373463346163393261
61316662653631323461663732633031303764393462303862633731663561643961336132376238
66346231366338306538303938623462646165383161666262636235663063633635653261383536
64343564663031356565383034313366643336356230653237653063313764613139346631663035
37393839393239656333663532306262313266663665383237613066663739613331386465633630
64376133363030626637653165323539643538623262306330633239666337343863333738663135
38636439643861656137353436653435353066313437613234363965303136356635303264323464
62303961613264373437633866313730666435303762343335343632636163633761373137636665
31626435633866376631646336663137366533626565623632656631623830306439626238353534
32316665626137633163356633363533613335366232313562386565336166386633653761393934
66653666356366613736623539353261653835656330623864616266613439366334383739613362
31333534316665303362613237353666633833336465313238653363613439313839393138333635
31636637633566333865643838343861373430393438393964656231666536396336396661333734
30363839326438353637363361363334656361383234616434353436383966326135616137343332
63346663636564363530633735613936316564396165383739383232656461613163666465306333
39663166353661643664323531343663656237336163613934343230633866313338663364326130
61323837313538393664653036623733623235316236653131366334666637313166623234383037
66646435323636633736396161653962323664663564303033643036666633323439393866653363
63363565636238613662386536313430656239313062303330663466343434656231643630376365
61626431363662646463663564363565336634626238626432326239613436373966343566343865
37366264666138343433343738636530636464643763646233626163633265656533316634373061
31623130343362613139353566323035303735653861303338313930666639336163353066373763
34613530373865306637636561386135333533643838373530303665346636663364656562353836
61393935353737616533336432663165383835303433646364636663663066336365366133656336
62643861626234653762353034636132383735633232353633656664313039383437306435646435
31386336393338393466666631623038323732663239303738616535616539306438363832356631
61666432393931633438306532323631636661343333363866356537356230623635636435313932
30343662313135333531346434323666613130663462633233303665366338366262326534326131
32353535353132366331643738303233633032376563303764323064356434616133623166386263
65333966353433383739323038396535643363303266356366663865363266633938636536623566
32656339333165343335343939353734623737383938363930306638633936313765323239373837
30663566623364353166636332323962646230616361613835306330313561653031313664613530
61333566393665306162393539303261653337393337653263356263663936636137663766313534
34383566393431646566623535313738653432393039643338343735333231363864323766343338
34623961386236336166356336316564666264376139353434666235353739396136626536643964
36636661346665383635323133633830356631386338373739396338643666623932613931356462
35386339353138376332373336353434366564663362626330663933623133653635623166343832
37396537393733623963386532663230383964353665653465633439643461353037343664313437
64663531633964656131653035313231643962346237646361646236383966663066393265333163
34633763656236316233333832623061396266656430646535646365626664333933633835363833
36363530396161613266613234626466643963333632643065396233383733373936613839313666
39313832323137363561353761393130613938383633373964353061363863346463373031306239
39653332313536326530633261353965643834373831326432653866376339633737373865333461
37303937343837316162396664393434396663666434663061643931376236386338646264616530
62303333373031616465633663666265626265663934346632373238343830373164303364353533
30646531643030386338383562626334346363333438353364363530316238343461393536663265
39353034356432643163643037393761303235613564333532663734633239633037303561613130
65626439343166386432636263356532636138383731636233303038396133333432386532393663
34313238373666666239356163326364346464306137343764343237646263666661393261643236
38343765633533623464353063313761363866656266633366666434346138383665323561346530
64326661353564373761336563356266636466643531393561613733393630353530373230373136
39336564666262343333643138376439346464393431373361313238353033393934333237353063
36363361646235356639326666653630303838623561393536306531616430646464633961326463
36636338643966663063363239306430636663666432346230653637636237353635653539326539
36343635626138376232383363646632663166346133366439623965616662646632633862376237
63393336323966363939643136623235303961613263373834323665633139623565313834363030
37386336303339326661633965333137633064653836663836653131343131636533663931616563
34626330313561616432323133303630396539373562633065373335376539633334646666326431
36663330643466303037326361326234353536353964376563356239303462303866376536363262
37306231323232343036326139656563633561313239306136393733653830663462366164383336
39356339666231613130373037646261313163633433356630613066613530373034616566373563
35666537373732633533316466653439373663316630383030316336663639636339633064616265
33333338663239383332333537373865643137633137616635613338376165303930353934316630
62613539316166376530326632613735376533383061326236383263303037666566363133346263
30346138323233663930376237343764366564626232313633363562353533353632353634346235
30663130653339633638346639646433666561663336306536666234373366346330626165303736
32366164323936623164613563383436323766353433336639316131653964666436363563646638
37363131383239303466646562366466626632356463373130626237616639643561643832616435
34316235373530333331336161663636356332666637353237666336306463353761393739653835
33383534396463396434643661646638313438383465333438303264363932363638306461633037
30613264663761356431316534303030333233636537343939333834653030343461633038343665
35356165656233393034336665373735623461376666653164386333343137636463376462363936
39343037323730343461363561363565336232323032343935323636623435326363653737323666
38386636656135366263363833613136626439323535386238343833663138666564656164303263
33613734653133363865386135393761393233656432363739336661666435396433363131633131
39653234626638353561303933653761643566613837396339633330346239306233663563633362
66663439653332646361366633383431653435346466323432326333333732646535666230373536
30313537643537633635326631393235376236396565303865346364613638666139343438323766
32383831353065396661633665616363626633303538636563666632666439653864363862376235
34646436363234336435333762333030633730333164626666636430353462353534363863636438
64356236333062616430363161393033356533663963346133323231333631366130623661353962
35373166356565396264303931393733323930356530393464376130643039643839373831366236
39376333393834316661396439306230663532363736363030383832383166623030643265313563
66383565643763393065346161363735326362386238353861376366326239663963363836316462
36633136316637666661613437636365666235383666363133613866626566623934336536366263
32646563353538356336353366313531613334663332383062653039306565396131383564326639
38383632323962623137386435373063383166313437323361336666373365363230326666616665
30363562613531323238643039663937306631343139373130346230636432646563643133333737
37373062303930306162323464623831393135646239393737353939326165343764306431646335
39613436393362613739306662656630313632386133306538366561353535633135643534396165
66326463316131346262386362646339336564376339396639613264313466346233333761383566
39396531353432653436633561666230663465646663616134383734363361663061353462633363
32623034323035633837333732613633316135333038663863386134333031383933353839323039
64623437363966316163666135626134623134623165303366626430393165313134386165356638
31353639303632663933346661626331616363316530633039653533363862656135336163323032
34356364643733386239363433623138623632613134386435333531383630636230666664343063
30613137623664613233343738316165316139383463623565623532633831373435393439373562
32333636326634346163373831643433363932343062616464393535343738313039323039336665
61363235306239396463353131653536353030393736363636613863316637326562356632666438
36613739663566303236646565636637306330356535306565663730613032623439313635643631
30653035393564346334353730353031323434303531363335623664363036383366613764326461
39366164363165356635303563366365633836326335653838626131346565653464633866373165
62353462376437383430313463373730396337663835373335373361613136646461613363363934
37316234326665326565393665616564316234623761613063396362383133613666376438613861
37653765306364363361306639646466376438316363373636613938626330383465616135623064
64653232363035353532656666616437366264633138343135653363666263363862353665383964
39336435343737666135626338653531363764303633303736323664356638383437613065316266
35386539316163656165656635613666633361373532396430653761313961623034353162363861
36303265623463393662663639626131656134643536623166663536666535396135313534316638
65623436373336393766396533383932613733316632656136643161623436643864663163613963
37316361623939316136363034663832303465663638383933613239303963313230633363313464
36666536343632316639346161376431643337306264396438646661653034666566346162663932
32383765383765303531353038663639646633613533373863363661633165636336346264343765
37306563313835303562316235326661376161626165363061643436613836343734306164316232
32336531373731386339636665356634303931666534613535376234623733626664363532356564
30656334363664616262346630373464636465663534386430343565616463313530653463323531
33636138623434386437613534303532326236313164306363363061386439616539636262346664
35386535366139623835353861666166663764613334623661613462343562316663666433643635
61383134353163653865353463643061333035326463393333666664373361383562346635373063
30316163366632653738656364396335366635316331313162633531306564656633356463636162
31373835383763386466353461373566633832386139613761396463343933626561333033373835
37306464616163376435346330656362633332366365333365636332356363383438313865346136
64653234653862363861353832643836356430373036623061626331306331313234383332316430
66306138646663316530383538343630623165363337386366626266623063383039363830356463
37343932343466663965346536336333616139656135616263323164356265623031626138623065
33353366386166663639346533323838346164656539326436366434356433383161646331313238
37386664303165393264623866363533383862633839643235656539393564343233363731353664
30623030306266336366303664363430346430346331313866613766653563306137326439643264
63636631356539356434653431333138313432346531626138653933373236636535366662333338
35626130356566356337613138653130343262646562303438363862356437656464373261376531
34353765366436653764613635653736616135373761666630303035383736323730623038346533
61623463343636353563636464323233643735353234636430373139383936373362333661373030
62626336333630613466646333373538343666303930373634616665353762393038323431363332
37323065653635323863383333336231303262376537396135313733636533396534653866626538
36653064373831306661653738316333613136363630333063346139643730303535373834383438
31346264653861366265393537616539643336383239383863363436663134356264316661623537
39646565643861383262303830326531646434643961306561393235333131353439386533623031
65326637343230336530316136356430396531393432633335666438353531333930333837356134
32623030303663633662313634396639376538356165323937643165636264653138393938313437
63646134376539323636656266343366666166663433303336336134396262663735343132323239
32626264316431656539373333643165666136353864373934383430343637353330356332613062
38636533313232303436326336323135336235396233313739376333626531626531323638383238
66306264313862393932613737653431316339666637383563366265323664653165346163306532
65393338326235626565356664613039363239643831623165646561313066623930393837393438
38306136356135653131393666326263343761313130366233616264663530353863323761633237
32393866636631663939326365303930626337346435643035643534313037353739386432643762
32383534366635323039303837393837356465316564323134356538623237393764336333353831
39343631643735383136626233653638366435643739626631613239303832643164353535313961
34333933306164613539306464306339633634373362646638326238366336366666633761376437
61353530633030646532396665343930643435393765626662663462356336666561366162613437
32623637663331623739656135336239316264333937633662643531663463393533323864393364
39363966373936353562653764333735323930663966613766356537356639613933366537313432
36373733656139663462343764626530306131343064343163653162303133343232396130353931
39646238373231663531646164363434616161396637346339333130373633383964653662356264
30303130646433663233343364353433313363643939626536626132626631633639393164623663
62336235323232396661396362623662663131373463633330306334333133643433363938353662
35656339393462666532373437303338386164633163633336353338656338316632643961333366
34343239363365653866653036623966316336656264346562353730313231373337366632363433
37616332353261396162643835313764633066643764336539616334616539306633343639396538
34663438663431643335366435383161383864633231633063653436313732316639343465346161
37353938396132353531633639373931666163353231366630653032373263313563323631373838
34333336323834343533646237616532623533303533356337386132663262373436656338633862
62363363316635393361323763383762646537363530646232353137396434653062323539313834
34383831663738353566333733643730653333303631613631656464363963336661366634643837
39396264366161666363353063336362343064633839333936353866646165396264306366663734
63393265613365386339636164343762633333303066313237613435366464303532353239356234
65623032626262306564386364613065333236653764323530336339663636313036
