$ANSIBLE_VAULT;1.1;AES256
62376330383235346464376262313564396439353839346631383133666333663930353033613939
3631376137333566326164313062643934373934356361630a383865346231323463336565656163
34666338353630663234386334393039336164393761346334303561656266363062303439626135
3161623166313038630a636338633432613832353963326237636136303230643636313235333237
37363435393766613032616535623339346630656138323964363839636131613434356134373064
38653138653237616339323262373665376239656536303836613861636134613931346263313366
64656561303136343731386361333839666435626331333735626638643137613365333436663839
61353332663835653539356435336561383664663163366466366536613662313037346362643361
37356438356564653533646563626361303865656166633265333639316632633037343762623738
62343765633836663266626135356535386430333037373662623934383834366666646431663662
30363534323561336563643539333031393764343132653738643561363762623435653933646163
36306339323732613065336331626232343932343039643539653535393562643764353537656462
36396366633132643835636265336333613836346363396162626635323064623263633362613936
65646630343636336562353265346164323333313436366362346231363036323433643238613964
38303765336535373238393263646461383637313337393063633738666664353465333764303033
36646539336333326132353534373131653463616466363463393665326135646234663138633736
64323038303935376630643764333464373331326337643537366230333937353831646238663339
33623963303938363461353064333838383933623466366635326264386563393537376336373765
37616230353137323030396164303230323130663963643965343161663163303234383231353361
30323139323964653030346363306431313464626235393066636133336564363030653632326232
65336162313964663462616331323563386433386434323836343533616266313366663139666636
30656366643766353166343665653739356565306464623937613661303834666532663765363938
37656233653361393636303631303634343365666438376230343633366438333663636430653332
64363431343139343863646161626532623434376262303436643338643734626538383539656564
31626331393965613738613835396331633239323165613637323764326661343335656239383430
65333134373538356337663065343439363235343839393934656536303338656531356232303335
35653564613632633930653032613766306361373537323232396136663563343263396333663138
62383433616234356437356263376338616463306539636562663134636336323139626434393861
65326239653632373061356437303435333937386438363764343266373730393664343630356664
35373664313735346630363438323832626462666636323938613938656237306636303138346138
61383930636431323665666433373036666262303335666230323336373430396538623261653561
35396136313265306132633262643761633566633961303434666564396335356161643266666463
38323566313938386431616235613565323561386136383662393334633339636536626663373439
63653061396337663564326566336436343935326530363730646635626337333436643035393339
37343566663036356566363634643535633165303263373362343735313938396262363531613034
32613639626539346436356536656633316366303433366532303339306433616363363966643639
65323030656262663565383933376535396438356366633664396230643433316464663265313733
39663663316439303133303865303263643136376235353664343565353435326330386465393939
61383739316337633532333466636335346338326136653535663333363438303435323039336335
61323032386137343964623265396431633031393362386334383232396461313333343533366466
38376661353862613635363735363663373066343838316664343061343536356330313535393935
32633566343331623339326534643538333634373438393266613762633262393239653437326365
37393633613263616162313838373032656132616261356336376461626334626562363534323265
65363339663135383933363135396162366365643239626539346666326137363638643730333435
63613363323232393561386463363131303865363632313664346133626239653336386637393262
38303062653539613334376239383230366238343536333132316363636331363233366437646466
36363330333935336333653438316666623934623934636261323038626233656333646433653332
34353434383939323537323166376230643961326233396231393831393766626566326132646266
31393033336266323964373732303863363465656536666339333338353561343161356632303861
66393865663639396464386131663430326161343265333939336234366532373437316233336339
64373633336135393432666533353335643164653862396461623330373366653565616161643733
65353761336363316465396134666636663363613035653838666566306164613137363631383131
61313531343732373761626439643137343863366336333537356337303264616665386165636463
37616365323939376162316161653233343737636434643339633637653962646566653466373536
66653536366438633463313166373635316436303236343162636262633331343334373333313833
61666333623161343231633330653534386466663461373533656264653236356330316439336635
30356337383266306430393038343137336139613736623738646661366465306532383937373162
34316561323634323866653563383339633563663739366635333330326431643538393633313963
61366234343730623764366635663766356132656237336665653365643931313234326662376661
37613061353561636435643538636463366165386361343332633365346336353161373537623365
35653638306362396630393964616138373861666535656165326362396536303337626435313431
65396161643066333065393337376263313433326162633137333937386164643862383532333363
66396635616534396538646231303763653432336637343264326536373064363364653166303230
30643338363232613638383138393239326663393530346562643436326537373265373131363738
61346265626165633134613863636561313936306438333361653735633633633032663961623730
37333530353730393531356533333738356665633735353861353830386630313431663263613635
33383461616261366664343930383130333339396666623631316438393039366131376132656465
62386235396164666466623833366433343463363265326161616637613736666237323861383939
37303863333637353633663635636438336265386535383436373364653432383666393662636565
30616335353761616665396666336230326236613138663832383561303939613033323363333537
38323462323630343636383937666131373962313165396630623736373437643137393539666562
36363862356433373139613337633464643763353462643836316333353239366561656232613039
39373265363731303566663965643930333139643432643030616633393339393436363135613632
63343164316239653162633336613165633463336562306236373964643330623735376461393537
32626266313863613432343035393262326264336530333437643237373866326565663234346565
66366339336538323631663534353936656337303061613031643730636261386537636134626138
62313163316364646166363237393466396461343032376565383265356230313463326563626634
38643030396236613039346233663033656430666134626365306664623465333032303137653337
61316434646131623130343137383132383136363864306230383937643763623462363939356132
61663334373439643363656235306561323065346662613531363661666538316135393136346437
63343761303632343266333564633062323364386537336563353561326337323763633263336438
33386230656261373338613630656266623162303934323262346566363737326264366236323064
35393938383761646265653663376432353132666239666130643237346362336366613231313363
62363733343034643439653031366134616265613465393436303065396632373130383934383137
35393138653964396462343238336464323762666535623532653664663333346564633762313437
32663538666663363336613936306430383234373761633861356165313862303831336537303364
62343337383436393837613734386661623439633933333635383464613933313261373832313131
35363433363931616564366138323036383163393839323362373834326263623534353166303235
38303132633337383139336361386531373463653239326435613564626534383864366630303631
36313464303838306638616364303234306466656335636165636231616638346130363661323832
63663637656263663435623836626630336636666134353231643266663564396639373634643732
39646332663638343738303034376436383331666138616638343635343032306233393663376264
63643630366663363264666238323338663333303537363862333965313064383238356337313336
62643961313636343137303663616337363831353636366266663737346239366630636564643162
64323438623135353832623566653234376131323637353030386638636635373530333363633138
36643039313530303839623331336434303732383866646563396234353365663436633239396463
33643535656336323565633233663936346562306662616565353265353964353439363265636431
35383634346134373661316437663332633438343936363366373233386438316139393638353561
34363539613764656232366261353435346536643338323063636439626530323764363332656431
32333665353837373566373336626238323333346231656337303631343966653331353762386336
37326232663035346631333766366131373733336239306533316631366238373664663363656432
37363563643131636338336362373431313938323239336663646235613166396132326435633134
31396136393632363935626561626239633066386631623234333232663239666366306634653261
31333634373631373465363665663766313733663534386262363362306332663630393362353835
31656432373766346161333531303932333963333832333336386331373261353466383433613063
65326166663436633632653830306333313061306532326434336335663135393866656261633463
61613437373936643534373239306532323964636562313361383137363662353762313630616534
36393532366461393537346638633539636539363031346236656534336136613934376532623165
66656264663639323735666437336263333765643062333934633561643837346334396235633766
62353631353938313761633166656336313762363361316662313164653133326231613764376237
32303939623630306230623035333037613137343835396631333139663764353062643561613839
62313662333335623865656463333335613138643433323738366333383462336634393533383239
65626134356261393565363735363739323266353230653932313239633366336638636661633361
65353738313231343930666163356237616234383239613938393365666164633230343630666632
32623933623338383038653263663064646636656235393630316466666634623638386334333330
30386139376262306462663461326531623337306263323266623333326630306234396334633131
63646636653836646432646263313663393636636137353165393666356262633836393436303038
35646434363562616437383361373830373461636163613430303534636639323138306433316336
61663137633664653861633435376238363438643065663734336564303164633866393936353865
38666462666665383464643338393164333565393139393834636638363439653764333264393832
64613763613935613034376466646230393564356233643935316561616633633832666263646563
38316435373332306631343630366564613637623038646536313236313663376439383462653433
39656437333731363363326132313734366639313261656634343835646363616366663361393739
37633863373166616332373333633566643332376237393964353238363632393834633063383732
65333638636165623937623439346366336363613066393636646333656437643534383334356337
34363233383236326362646162616532333832373934363735376164663461386461663338323737
65316264616237323631643731343166353937373536393239636562363366636661623133363166
31353662303638623865366663623834376564663462346539313164323038633430393232346263
39616236653033303864626139376431393165346638323337653036633435313331356630643632
37343862666139326532393766643038663632313130373035663935386136656661386234396361
62323133353634376235363030633634386634663139393236616335336165623166623733376132
34306233626135633834623030303134323439643862343661646262623165656661386463613632
32623462373139653236396436666434663131373837373639653338313861633539656165353338
64386263666530313538356137623937383231383861623165343764373433633262373733383165
39623632333165656634363163353832616364343663363165356464656533393565643265393531
61393839653538623337633939633231316631333132303561373539333865383038376561343632
33326437386538386662353739363130373839613539333761326339663831393534663331313562
62653037636438343935346230623464376134663461666366366230356333326362643166376433
31396636336238616565626132643864613137653462333333626639303636323064343138626132
61616537656438306666333732346561633561666461386235643764356230356162616164333937
31393732376431376334373166346464366463373138623836633463623134643639323462383331
30346266383735663162383830363763653536616262336464313732623639646163646461656437
32663534383530353734646432653634306562393564393834336236336338393032663531323031
30646531636562363163643665346233326465633562353363373564353333646533303137396132
66333766643864633730656336366165306532356466663230393562303837353133386639663061
38356261326235306664663031656430343932353333643838323265333635306366353237623531
36323661653436653863313337643130336234353735363163646333643132346462623138306335
31306437356139623764353963393065626531663837656339383939393931613838326331303532
62656434663662316536303738653335343063343764323761386635393961363362323962323465
31623335336665353138653735363463373335313430323764613432633164376234616163333465
33323535646438306637366232346261653963313439656337653337373038666330633834333031
34366437336533306262333765363237643161623363663631656234356439396336366664323038
32383735643363393235633764393163656635386564663332383733326365373664663132313837
30366237303735343664666435393464323334343633343137333633636131633861323933633966
65643038313334316131643435666564343431306666666562663734373135636661613331326538
32636234633631343636363530633365313835343132386664623137343835656130353762313564
35633337376333383234346662336566323334366665623266383537663035646531646134343533
31353163663833306432353537303465616332316462393434663265336631653233353463316236
61656132306131323330323036623738633533666262656364393034306634333337376239333464
34306366646666316466376632383538393739346164383930333335656236633539373362333563
61333938623363386630363065373263316337646465616665313961373238366637663962393535
62333137316364656537613739623435366135393761373438623639366338653932646532373166
65623839666336613762663937376363633037333434613337636535616466343636393335383061
31363037613233636130326536303665366131363334613731626432336461626537373265393861
61623932343438343837313634393865326239616163656134323234313634346537363836653464
34626535306639396162656164396539363637616433666362353835303731393137313265643463
37386235616362616530653531333936656665303364386231323731623264633436333132353939
64663164336463383538333738643535313238633130316563333239373363373566646231613964
64363433326338333066356131343232343263633332623162643665663239303337613737663837
33336164386532643832383336313965313637343865306663376133356361643866316564323435
34353261356261643864663135313566366538636133653333643937356330326433356137313065
34653834646630616264613664396137623262383133303431616634643139336666373730333066
32383262303636636638333665636566353464663462323262353563633233363931
