$ANSIBLE_VAULT;1.1;AES256
35353935373562653734366136323166646338363464633530306234616336386137663938343065
3762323362653735373533646161623837616130343837380a613231313662383932326636653937
65633764633663666261353931383735306630363863363939363236396363626434333936366461
3234373535396637380a613763323530333761646139616235663762313632616362313734623834
39383162326138353630633833326366623139623965346131643832313038623935313961646332
37333634366363333038393962623664383836346331323933613635343632366139663331626464
39356338313464373632623937383432666237653430383733373063646266653963386263393661
66353864663466393664303439616138646335633735326636363539356232373036653533376161
32623362346631636237626165386262633230653763376232333862393065636432653839393833
32336530633736376137363161316630616438646363393039623335643762666136616230363338
37613034363764356362303537396530343234323835626636326536303637306365323133613737
65303538323032383962383361323538643861653561646331383864346338666235383931383339
62626535313338616566363433316661333465393934383664303337316533346232376666383737
39373132653865366332343863363434656533363366366338326539363630623561646362303462
63366438613066383539326331303636666166303834393335653663386438666661323437306132
65666664643861383562383534303431353039336163643835353163653132646366303131626362
36653439396164653738663638343135623135656434373661373637333663353737396563663238
31633031313930346362363035663965316437306630643733303239646263663462376163363338
39356533313863333462616133303432333938363261343137383231613861376365626631326633
38336436393436383464626236663330336232366233613635336565363531386663393336376461
65643239353239393933393033666135396134636339666366333531663632396162336265393134
61613430663264366164376533666665303234613134306136383762666339656632323565306466
38366463376639316436393439383031613461653936383664313332623165633765386433636535
63323662646436666462636562653764616666363861376637363666333132663764616462326436
62396364303866613939383438643963303866316636663333353230623536653038333536353564
64636237633439626437346430643935393837646331373831303735383564383961666338343865
31393935623539383731613139623839323635666230376231343135363362313535323264633833
38666637663134333531613261633033363133663936383762373962313537313863653030643331
39663339643063643062373636393335646637303332656364656262303761353361666564316233
63646638373063303739356266376639613765626235303033396666313662346461363930336663
35663730313732373538656136353063386637643133356432633235393435633831313663313635
37323462653330626362623862326531656539303263646264626236383730356433636636333134
65393565303138636665613239633331643039316661336437633338656465356237303539306534
39333135396533323932313061306166336535643933643137383563363139373463333635636432
34626261363961386237373531363162613938326361656462306539653931373832306338613231
63396362383261393963363030383533333631633631636333633037386131333366383565336238
35393163303631646366636131353064303066643233663461373565323431323161303361613165
32333233666266303238653432393462343039643066396562336265663836306633313737313334
64666265333135656663333232303966386264353161343237313036323831623631353932346464
38316639303535616530616662646664363234306634323864363738643363386263656465643231
38616338323434346263633536313064333264303533373065386165343364646637346535626231
33336633663231333938363936633038393638646466326561666363656263343133343366626335
37333661623538333334383332346461346435313366326539643834633630633936333939643832
61386133343830303936393462303764613633313435393837386335313662656431626337643039
35376538373061633334326665666636633632383231316335363837663563616637313231326565
63346130663266383234336138333738333163373734363835656163333365303461303535326634
30326131396164386530653734643461376336346634663336393939393161343739653163393436
32353135626266336565303039386538373237306461643964346434643162353735623831313435
34613531376566636331393036636564313930646531613333336665356333333961373764323566
31396533316436663138306264613263646164613630666532336462326135623435646234616637
65366235343739303135313636663763343737633061643165666536316361636633356565633739
66386366613534333135383961363337333563613436663333393465326635353635636362663236
32623065313961623037303865633732313466613930663333626631333262303236616439616264
32303861303038313733396463393865373139306532323238303263383230313838373237363330
63326430643636663939613130613638666163353963323538386133643533616435376434653537
66353264333134353337646364613765643466376233303363346562616464356135396339323639
37353339613530313562356230653838633135313034356361383938303363303261326638336232
63626461656339336461343830663937336462643761373463346539383366636236656132323338
31333038373566356464663838313561623464316333383463666336383561316239393731376230
33376133633163343766343030373335396565313534353537653962613330333837636465613433
39613736633565623861336636376666653236336638653738343033613630356461383163386232
31643865623131353335633836623161383166346334383534346139323937343638613939376161
62666239303863623438323362333036393863353933346462653163336238393262643737373063
39653532316662383961656630376465613032626438623665613366643762386639623861613763
38613633313938366432653562643761373636616235636363653536343036663338373638326161
61303539636137303335323464313636353837353631643738343737313734636339326330323433
39653566623761313434633061653634616161666139343234633532636261616630613861643662
33313236343134323764623134303437373966373931616132616161663234663432663835396530
31313230393066393163663163623961613237323531393061363664633966666665363039396334
32363933666134396666643961633461343965643635653964316237323864326638643365623164
36626165633430336535333830623265346336326361363831333034643730376438316231323738
35646536656537333535393965353936633132643130326430376463663538353439343530366435
33663236306135313835356637303236343933373832633061643936396264386462343964323561
36643964316563383637316365643564353265366134393765323135616634326166306232323639
66303334623061663931633634636136363837656565613361386662623663633138373633386133
32313661323236316635373634386334303064313634336362616632373263376538316666373834
33663236626163623632333436343961653939356534666433316461633930366635333664316566
65386562653637353032636636643462353366396263303537323233653937333933366638646435
30653962323530663333666536613063366536666139643565303836373639623939323636653239
34373931333731316561663935623161346337306266373061616166613566386462383234366637
64373766363663386363623839666132663430363534656231633638373232336233396534376366
63376463633930356232346365653230336133356138613231663462316630363335623637343036
38346564666531326335343662343865313162383332386565366639643738386465656132663137
32633061323662383737353236323633343663666530333036313838316431623861636235643666
34633838666462366539373437396563303630363532633737393937343664333430363236643239
39633135316632646538323465616662336664306462373830666337376533616134616631653161
61653566313634666564376636356137333861353065653165333538336264353031346261353435
33643434313239333732613932656464363039656466633564383830343565616133666565363462
31663036663538306561346563373436636661643833623964656437366633373064343166363137
37623935323931363363623763313838353034366635376162623139356439663962386233303936
32313232393338333037663137313134356162306231663064656461636637623536633362356236
37366636303132356139323561323332366639323130336663373862386136393731646563323439
36633262653137613639616334376263333430336133333535646334343637313533653165653331
39386262303962666337333733333737353136393936636136393838393663316666633238333237
34356536643464646464313539643335643133633033663364313066613162343638316363383935
65346466353434653634386666343566643534396236306234623164656662346665393364383137
66333131333134333364316562663932343335326530373566633032626439343761636136626165
33633131613733353464306261303539343335646339613033393939653235396666623831376530
36373537653134653832343037366333383039353362343032343836643635303639646465333137
66313938613461343565343434656433336561376537366464643136313433313236623861333632
39323735643638613462373064343035376331623835633465663837666165666363333964306334
30333566653538353834663365656362373362376539383965393534393761633730383738633438
31666664613730636263636439363937376637303835316630393161313731336263386462356133
33306536613930626638306637363739393130333366336436633237393033336662656133313865
36306564613336343433653439623037366237306533616437613437663566333232373032653434
35656636643631333035383433353237626335363061623639373536313335393333363665363631
30343866386664386235633835643238363737363465333035353130383464366534373332346163
64616530613865326335383839373439386261636565633561383862366364393332613266353234
35313738323937613838643365633434663636613130353263623637383463376533663035343236
37303633633735363539353863353661323834383733383833653535343739616466663965623231
31353262316533383966383766623535366137666439643962323032393563366133363333343539
35643733386234623137366336373466626664303538323630633335633437393338376266336235
32363936383462393236636466306466623139656266353062643831303864316134306337623464
65626430383334393366643136336263653335626530636363643562363333653630393966326361
62363836336463346533626437336362353863633832656662613032353135383562316237643739
35326334666539636339643138356363353730386636366564353366313339386661306634303264
37363363666632653563646430656466613563643333396532363863323263343738626439616138
30393930386365356663633364353837383434666162303165626162666339383436393838316266
31626538663836653066313862363533323665613830626437366633613535616638656361333132
66396437613161326337666534326538623737386136353566306566613130356339623663376364
33323065363232346636333730336236336137333166376263326134626630336533626465306337
66343739356135353165616536363030343731663534333435346164366633326338396333643736
63333039303932383836636538366564626231353833346333636334653363613764643266396530
35396330346666363065316235616464303238663666326633663036383435323562633034386233
34626363316539376163313834666266346665623533333338363739303839373635303363303236
38353838323231646634373932626333303261633264613564336430343931343564386238363035
34653931303663393637336433353130613061643934646336643638323830653939316438316239
63343536616166386165663239633537393961363261313933663666636434386133333731623139
66376231623835656337653333626434396663373437336130363235326366303665303566653334
30346465353138363236343265653162613330643834353866633365666163346662623439636438
30373766306437383036313937306234643333623538383164353434663763393837396632653034
61376537346264323430393134393435303664396563653065333535373835656234396237343163
61353435303133356132383465356466303365316134356637313865343465633165646632633531
64616261396639656139363033623566656238633437306435666664373466316265633235616639
31316630316136366538666639356535383835373135373033343032353736623038313664383838
33366136363036613139366265626466303430383662363836636164656234313239656462363338
35333261373235323538663265626138386531363765643962376136646438653736653430313661
39643561633631353634623764373230383937613732313461666236346465636234336436363765
39333731393835653964626465636465343065363535386237353562653862393737626464653432
37383163343639343163616437656566363731623362666462363933373339383034323864386633
36303365396638386662326438336161316438666234393065613663393234643664353763373636
65373066306630623461633932653739336337306563396234336631373334396165373738383534
66616439653166636237373839653964666530333731636334326538616535643231616639366338
38303432376661613134633964376664386563373236666136313964303361373362343966613030
38386132383863653639393464396430653861666666383631366532336261666134643837386466
63353639373263303930663430323932613132656161326263663736643935393864633939653833
66366266396435393165316532633663303931663930346163303734626636346435623233323934
34366134333238373161643062616338626531393831363034316437303166303233303232343737
31306666303662373331343466636461626631303938306236336239373964653662326661653337
33623434306462336464366530396532326162356231376336396564643236356339633035633862
63343438343835323063626330313838366161356464313865346337313234626163336230383438
33383061613635393532393737633037656436373934663864656164613766353361376662333638
66383863323434613162663864633636363138306665663333666564653839366233313737643166
30373964623062363531393863383864313630623865613336336462316339666533376338643430
36646438323137623330633339626439393330616233396532633266393432303962623234313865
64333863393633386134333265613565363530383038643263616531663561326664306435323461
33363531393931393131323833353437333965663064313863323331333732356136626538663937
63666239653039646161376661353734373435336538366432613439656430623736306630353663
30393431363031613032333437386164373733636330313664326666373236323437313265383263
32613130633736393936333839653237636333383465633231633934666636353436623339336466
61663739383636313163343237616664313461336335386665366535666632653037303238353034
34353735626262373765386537343562313766376331363438643332643165626235623033333163
30623964323864666237633565663933656636303166646532363466633261346330306438306565
37396237303038643230323663326562396566383964633936336637613132363231623633643961
34366135626436396531356531366433336530343862623763336439336663393637366533623864
65313438336265626562643336646230626535633565326436353033656363663265353636353836
64363865316336306634303434363034666635323831376664313530306262653566633866373661
38633431616533396262626235643962663664383661613634653136653963623763343363323331
39656230386332303939366532666433613430393962663333306234656136366132333935386662
37313361653931633963396437396234313338326138643933656264343663316132623465646430
31326465363961666134356263643539333437336330663065376136333732326563616638343733
32666362323238393134333965326334333936373439616162613265643335333363646666333239
64303431373265623631313538343738376232343462373530396531316232373838
