$ANSIBLE_VAULT;1.1;AES256
35653530303038343531336566646666393738643830353930396132333463333265653962646535
3439303838363233343132376439306363636536636363340a316361396231373936323866373036
38643166366430306531623434623736643639356137316632366630363430663530316137323137
3637396231633464640a643231333135643134643430633631323262303163393031393130636162
32653265623236376131663466373065393665313337623332663832386331343735363938323332
32306661313839663834383865383362356138646136396235376537373731356565656334343338
37633432633436663861313538336563396361666236323930303666323366653234313964383537
63616534633363303765313162326530313639626639313662613633393666653633336332393439
39616662656339323863303736373437346561653432623266646633323836323533333131383435
38646535626238656662303338323437356135636262626634663339323030313165623861633034
37366633656530323839306233666362313664623837316538356165643331313838306661666535
36336131346163643837656331646265613037363234383539376437383932303336613566623532
31343939656164366434383034616234313338303337393862653165323836366435653130373337
32633364343638636464326361303533306334653939626361616364666561306233313366656537
62663964303632343831326663323061393161323537303735656464326234646233396135643032
62333961383032663934663237343365633965653666346530653533323837656134383833316363
64626538393134353961313032333330353862323965353537303030333933666431343362316463
62633037646461353833336537326433313362373236633735306132346230303836623932333531
33353538346663333636303332303039613834323834356632343134663530386533363535393434
39396137366336323031313665396130316139313333376235633565396533323838316130376264
63376539643932613736373538363461613531333061373339353066383833663333316261656334
62336332613531313734353364343830316566636534636461303362353364373632396133326665
64306335363535306634356637313734376661316265393837326163343965646338303462393061
31633335633832323831356166643333303965316531643331616231346537313530323739306333
65613963373365396234376130663633343933346462393135363539616337633136346432353966
30313633396334623235386331623333373335623630343761613031383966613931663664633062
35366432323361663962653766346261366335386335316165666539356631323865386638616632
34346237383936613662313830343636316339363838346434303432373665616238383339306365
33383065353638303933613433373266616534626235333062333565653530356363643431653232
61363533643636653163313561323934356533373434383231626163316665326539373336373230
64346339363632666663306133663130346334366231343635366630653666306265346365353835
37636538666665623066656236623334376461666666323837386435353330316333363566643364
35386463613335343938383863653365663538616662643834633436396133393532623638653337
33313433393261313336303630636464613838326430643562366163393239383664386231663237
30613466316130666566353433663334356139366331376233366263393236363061653064666236
62313565336237613164376433616363616330306266613564663131643531366333653663356433
31643137626635646531386362663730333861383165346263616133656635376333373963393238
65633562323763346433386139663938653130323636303561653636356539303837333239353136
62353630616231623963366532626161666139663232353665663131373662303932333665376662
64656334373935633064386439363533356532636538653464633266313866343837626462333035
38386231366361373366326464303364356664333138326363613133336534356632666237643631
31323331383937343462313465633531393965303731653134373236363565343536636335323433
33646334316164376466333839666333336434353261376131396162393136336265666639313232
34356332643163346536366439346161393036346335366163643465616530643937656239323836
63666230336434336636396537623237643330616538383334353038323861646238626232616236
37343635333634323734383338316638313239343864363836643163656166613662313462376664
33333765373735626437633662323238353135326131313764383031396662336432353631616436
65623039653833643532366165313337306239343631346335373235613633663536623637396631
30393464646132363265326330323537373730313961383837616133316634663334623662313865
66376463653137333331666537376264633838346132333638663432316335306534343039663838
30346262613663613038343535313339343533643933363036656230336465646134353130613830
34353235343263623334666138383930646135383239303736656636653033373437623633336166
66643838653565623237633461303638646439663130653434656630396237393839303337306330
65383539373866643138373132663432646664396330303265383164366561396363376262613863
37613634623131333464646233396362626665306235623035656532376430306237316562306266
61656461643461666435393962386465373761303537393862373662333563643462333166386330
35626261393431346336623564366530333762326366366135336430326566333730356236386433
33346132656166316230393237373966663762323235616133646531633963643861323130333339
33333861663739333464376232373062303263653138323139343230376139303662656363653934
37363362663664623932323932383464396632663236623164643761663934306566383432633134
66343862633165346263643238353265666435323666613362326365333364396239646564313262
38616132613139333931643437366532383639306135323630646236323262376162383237353065
39313534343935653138636130333036613762333665663166663861316564313834336566303862
32356535616538336565663835346632653263346337333135323838333132383134316365653134
39353362373061616261393636333130383235346138363834303438663466643832653862373237
31316431613564633861633565633663303830663264616236383463303863326661656530393363
32366566396162396134343533343961376461313239373639336261393062353633323564366335
65616230353063376633356561383561363263646362613839336532633330333161386565313037
30656632633862363632656138666430373735646238333037643030386638393566393131333337
63363864623330323731333339373636633965383562613230626238383233363964383934373339
66326462623436613135613439623536623764313765313736633233626431663338396232393535
32663463303730356261636463313639616162326339353136616535653666363165343534316463
38396435333637373134633163303635623261323433373231333961363062346233363834643634
36623766613862346330313166626566623664323366326432623864386664626638396666356637
61613561306666626564386535396637633762393064653664653462313734363862373639303635
39343339613635316164643261616564356638353738343234323264383534306465633239373437
32333962633337613537363837353839613932663531616666313636633736323534356464633832
39363365313863353863353664626463623366316433353033623534343665613230613336346265
31353335323033633534306166666138313834356462623932346462623433383766393836323634
61343561336638383639333032333635303563303531366362333766643865666666313932383730
66373865646635393533613835383433633436613239396530626536346561663037396462373466
63303964316139396135383834303766316362643931616161636563346566306265333537326137
33323765343365306233633733363866373661366364363664623631623034316439333939653261
64653934616533363465353038306537323736656166323738653134623230356438346638336135
62636133373762333438663239616661666665633333613266626235623437356233653634383663
31333334623663626432373766393061323363666163636439636532636262313035393262306633
61303461663464383866303632306438633762383466303861366338646531396166366566666134
36303361623665333431366531346333363838623431323231656532626232663838346237663665
64656462626639656565303939393561333863653636383333363439376461373132333537666365
31356137663439653339376330303139396237653036393366323266373435303966643736353439
63356262353538633564323963336464613335323132393561636639633333333730313864303231
62653035323034663934386630353837326338333636303338343466306464386137333065333539
61346466373138376632363539346566373239373863373339396336386664623863356431363737
37393361326163653834393637343136386531663537313530306637393332623730646164373838
31333034356666313638643238656661353635633464323166663861646336656133636335623461
38613465306638616537386138663936663033643333666134333639316134353732306536613330
32346130656163316333636163373431363532353132333862626130303265626139353561306535
35383134646437646261376531393337373766396332303039326462303161663064386333653666
38316138616636633165663835393864313766303636633031306131663636316336306438396265
36393764303963626436316431393664333635313461623961623865306661663065633966363336
33303731306138343239303562656136376461346435323430313630326437636662366536393265
34376533663263343161343638653163353237346466343639366138376435306435343935313130
61633938373338616430346135333339336361353631643439306264336563663666333836666132
35656535663530646133353736343637313466666431346134393333626665323634366135373330
35656130623339323961363132393632616531643439393662383464653466383934656565623562
62323235333361323630323030356265636439383230623365643935303965303937383635363939
38333133626366633235666563353131303037643562666330623932313931343662623966646663
39316266323138663337626332326638613830313561653961373033386261653165393539636234
30373435616366333438653636393335393934356666353566363064333838393939323638336233
31653331363665663230656432343662316532633261376264656231653762303536383035376363
33613038623465663265666265623062343164323335346139613637343633663561653535336239
33366337646633313538353232353165366338656433373433376634356636653535376432643030
31336136316365656563396335386466393266386432306263363162663032306263656366663337
36363861613065663333623166383261363838626461303434326135653931366438373633303333
33313431303861653039346537373361633462366638353533373336613161313963363164393430
36663035366339636462643339316334376566383332386439313134313562356230663430353135
66326464366161663435366164396633393263353632623636626162653361363933616263353330
64373631396263623161643863333533666336313435356266393639363435653835333963316239
65656139666564646262313931656439613662666163323634613764343664646439363937356632
34623465383266313964616530343365303066306665323061323765303531343637643130363539
64323066643264393965643034613633653532396464326136653862646337393765613164373436
65373765303061303438326261313265616131323236616231343461343563633366626634383836
33383662373365666330363361353634663534373139666635303539613434646334646338356433
38663030643762663031613931326634653733633530323063616639396134373661613266363737
32356163626365633631363031343034633866323335616636613636613637393234616133386137
34343065346139656334393533383833363164633064623665363663393266393235333034326636
38656363323639646236643133356231366334393032363736663439393130653933353639653538
39326238666238633034363736303030663336616466323237303838326636666638666262323830
31363438636262393263336564303363373531643133613332616233613264643437653065333261
38313038393132353436393039623831333866626663666237656136363338643630366435386564
33353862343435393761393531623533356535646631613035313064393031396630613335303131
30386664353138393635333931323432306438326230336361663862303632346536303034376230
62373333626432366236376137363731336235663366613132326566353236663162343234386365
35656162653330613563336437326133323032333336343136306531356438333432383037356638
64333534376638376364393766643937663639343432653130373864313064343562666266666265
32383562363434316431633233386235653566643936616564383565336463666666303237393063
38353130393162356566633138666661396532376535313934656636346539386338353763383566
31313666373830633333643264633835343634333435323735626430343132346163333033666464
62613235613031623039376132333635323739353533313035326534363837626365323837623966
34383365616136366362613833356137356563643836623036393531343633366630393337343737
65633934376336643330356135656265363932346639623731393331316465383365383861313963
37326236656365316431373364303636333235333230333665383536636361616634653237373764
39616333396534666536346565333338393632373538316532643737303935306663643864643537
39623532633165393865316332353235653365383334613337343339663830663161666433353862
39353264366433666332353934316363376466353230633663373261636232303138623737306234
34343632646135336439343161643436393336313438396633343231383061623563353635633266
37663330396637313465313232643638356536313363643865356162663535646632323565346331
65383431326161366234656333376435373937616230616465656162343339326338316334616636
33653261653930353437333563356666333563643035613139356530633538326530643062353561
36666238303136663437383934643833313932643664383865343161306462653438656131376637
33333138333562663332393864383336373233346333396165386331303333363532323036663765
31656438623336333531666131303338623430366533646233633566633432653636333363613339
36316564396562373163326338383361336263653531633530666632393130343539623036356433
30623935356166323965326535613136663730613334316663366335343734376539616134656433
32616166336135376263333031646131663532306432636632666539306630623362343661666631
33393266623437323738633035643264376362643633363437363938326230646333313264616237
34636532393236643965643265303036393462306339653163393766383635646233326336383132
36653235613436643930333263633236323339346634383439393031633134393737356536653831
65663330643732393034336334363533636664633362663939376437333434663035636337316365
61643462396561383130383763336463376463613131636234656237376339383933306532666333
38326239363633363030643262383262366266363163343635306336323535376239613464653364
63653634313538306166663866663437396262623134643964666333346138616161653762343435
64626436353638343836623635306237333238613438336666343364613862306664666439346662
65653837323735633061353931323731386166653534366561373534636637313261376365366433
33353635373036346639376164653562366462636639353063333463633661633036393039663266
64316630313262396432323334626134626363333163316134303838333435623333353937663531
65633764323065313832346164666235666564336466623465666364303164373235623264643466
63636439633364643237633665653032663563356465633036636566383939343734323035306366
38396465666131363930303930346333613461636134623535383764653432633236393038643731
37323739616533306432396436303632393063653532643065303830653532316535363165643939
36653236626235633237383938356537616638353866346338383035626465326637323631313436
30616336633864353436366536653435356366323836363363356366393539383730313764656339
38643838383237643330313162353735366465303330363137313761313366323231
