$ANSIBLE_VAULT;1.1;AES256
65656562363534373636306430346434346436666639623833666532323464376237393539303830
3166666464303863363262306664393061303663306265610a623438356137386630333130343165
31663663353735393739623265346663303037633862663063353063356364633837623835316235
6435663134336263360a306231356431316132373832383034623238393462396366646362633464
36306231333662623533396438643763623033343836613035643734333965323338396264626265
39393265666261616539326466386435633539663032613835306131623762666536663236643337
66613534343064346434613764666363643464323161633836356639343531666430643863356437
37663531373931623437353162383235333665623231356433623231313966333338363637626266
65626161653263373532636265613633393261336461623938376137356235386366306466323162
31386461393064623338356261643835663362643238373034363438653936613631316433626232
30623666633031626134346230666433613732326564646531343336393366313037653639306261
38343466353736346133346334323834376538333962353366653266353037613635366561336432
35313735623239386566633938363461653830643131313962336661626338393964313735326530
37396264653961626630306466636232666334353738653339656334316539623362363363336661
64323632353565666361323638326438643264386536353235663231656332303232613563653231
61326462613237303632336265373962376239643435386236616563336530616334346637386431
39636535633962633864653438623538386339396336353330336666376635666563363234353761
30636431663335373361323438633839366161616438316631303236383332663536346634383034
66396566316361663532623733353935323834393735323832326664643837623733616166313763
34616234653162663934613462626161623462363530303766396331363836393561393462653235
33373665396461376562656432663632623030663832383038326364646431323364633039363531
38643136636538393032396134633761323833313965343739656630373761393330383036336134
61346639643732363864623536333033663336646464643366343939626164326535636134626338
66373931356338393231346565636336333738313466343933393133376664633036646532653635
39366238326166663039313463663833616564333665373565333931623563626136363732613931
65306665333765383966636139663961303461373936373066383636646163393838656333316539
38313462643762343730393439326130623366656163626463316334653665363764386564303630
36353237353038313333343431363431353638303437353533363365356563303731663537643432
34386661626537653363336131613061663562616564323366383934396133393939613737303038
31656638633235633731656465346237616239633364626632633035373237343330633638343732
64366566613065623662653930306332393166366336313461303737386666636131303035353064
31323631633735353935346430616239613064303835633031303963343663346430353964353732
63316130383736616361626264623834333735646231376236626135346138653065623539623363
66303136316464326464346138366333653833383139343762613265376461663339316266646461
36333466353263663531303462626431643131643962653461663235626130623736316434316339
38373465613638626265326231656263616366346536326364306133663439353366316566373036
65623133356166393866353234303236393131653936396363656332663638353365623364386161
32656234383737306362313339323634336231323466633530306666376466343630393438656563
32646538386438353934653563393665303765313537323832353235383262663263666234353639
36376431393139396337353864363938646631653931303734666566336539613161366135373338
63623737653361366432356264366434353834343030323832363931346332633562643537373436
36633434363538666162666164333030616162363236353230383063656235616166633965376333
32303863653130373362323965383863376631386565363230343137373165386433653932366263
30323639623530633530666362343461643862306530663131323761343566366238336536306334
61323835363431353265613661376137303362623666363166363530623134323966336662386661
32333362323630393431613132643165343438383131623436313239306238646165393930663263
66366265656431313764356561616539353833383933323634373734633839626531653864656139
32636166633039373162656364363139363131353438363463353264333535353938363039373662
30626364353534653064653338383762373738636430643931653866366530666339316131653061
36343531393236373835346536393238336635336535383739386664383462323730643631636137
32303234313034663936323438366536313932306534643265376365393533663836663232373030
32653639316534656532333530616136303431666239316539343764316636366464383965633534
33366163393439633063353062613334313466623466613033636461386365646536363538313464
37653230636161656362653136636632653038623134313730313466373638646531393431373830
36666262316561653531346263666234323030373136346134613534346638323233346533663362
64373136623561616136346565343930663137663463613335646430646463313961626236646136
39353938333562353565313164333830376138613536383061393630316565613738623163386234
36306637396432303637303233303236633832646531336563646664366661663561643135353835
34323465656137343539306539306638383639383539643638393431356663653835633066333231
65356566346264353537313366643038636365643932653636346261663464376636653432616532
32306365663466333163336665663564646434656565363131396636646536333937353364393236
61313862333861343431616137356334653063623461343138643439646563346437383430376238
32306564663864353531343239633561666435376433613938636639343562306531396133346132
30333462376430323231623236393037633966313035393432366663663135653863313466303566
34313135666463623662383061636661376130653366323663333437656662313264383232646365
63616264376236663263636664333261383566383037396461326534396339323433353032323266
33643036643438663032653831616536383430363361356136393061326662353232396665393630
32363566626666386361633966633939656339383765653631633535623437663132623230393065
65323037343663653961616261393761313166326230373462336262316566663533363837393035
30333037613730313534326132353666356261636330643762366638313661363934383263356634
63313161666466653962623230656435373037396636663463653137643362333237373163376661
66343238376531396565373266343339663364313363623339616430666464613862333063376463
34383434666266643463643663396462326336663033366538336335663131303561306332326265
66323734653431396635393265313435356230663132333664366436386465396663353537663533
33383834643537653561626362313932386161613632643336323364613063313735396331373965
31343566383466306335313332323037653936356534666637626536323136633935373434383864
31666138386632613262633734316363613761393063663130333864346634663664353335343562
62616339646233343238366136396161626363633739363035393934373235313231623762343237
66323764636532333832646363333436393236353130386336333732616230323838366233626134
62303732613935326662623166653562343239666139666563316265653035356163353736373566
37643561356238386236333463343237653133653631383764366235636639373361313661643063
37373237393930626533663930613632356566383465366366653161366462633465346330386337
31346565303330633439656237353261653363623536643439663262383239353038626438366463
33306131613562633539393033376236623464393834376430386333656464653433306532653764
37326235623632663530326364613464313935323831353564393532326634363031643066636163
30643861643730636133346433346465643334666536363062666535633166326431303039383162
38663162663464386465316461316362383433326233656233353139666361373563656339336635
61363064646661376438303366306335316161386135323864323365623365333236623132363432
35373335333830376136633639633131386161316464383263373034326635616632383261353939
34336461623163363535313232393433356133653764373831373432336239313334663832373634
36346430626463663939663761306134653561343962626232336535633161313861653034666438
33346565663036633236643438313761396531393263323034353366313063656431303062663966
62323633663932393961316231663331613139343532633432633133336161636665656536366237
32393266323634663333326562363666313031383461613539393733316266373862623566333361
35653561303564366237356131303561636639346464333065343536633464366236633931353936
38353363363866343865323662346339666238303237656439353531613332366566663466386339
37653530366564666337396637343234363334666536663430333038343437336437306635636637
38356533343365396162396236343436323765363866336538306665303935633265323264383030
37633236623637313235633435303435316363323538363230363630653833393961613465623230
32306363326331353932636661623539383763643634363563346133323933633135353936623466
35306635336332366130613461626336663434376230626132363162353339303266313339326637
38383533353561616437316262633966333633393962316539386234303839663066656463336464
37666335396432306134346464386561323633636336313136373639323165373162316430643132
64373132326364396639336166353431633232663766393039306231353663633463373436633534
37303538666337353436393435633738353161333263656366373734653336303231626162636437
35636564336564336430306433623134613561346133353334313239383432373336353434373862
34336536623365666633306638393433363738386264366638303164306664373234663137623534
66396235666665646433306233303662633764393564343964396637623961643538343731393433
31373262383863646235386438313235363839626631613834346266643535306265663363383961
36366561386634303237666666303938623530386666363666343061333537336462306538386233
66353365663238346465613831633865623934643666633463336539386665643165393264663538
31646662626538336635343561333733653930613033623838653036626333636362383834343831
30386462346561363633333230353339623735353132306466353438363036333866656138616562
32393235653534666333316165616134616437623961333866353262663030383136666565393231
34303531626638383837396435316365343731643530653237616437636636623262623735623236
66353263336432646566313234316530323066636563656531366364613633363836613539653233
61623637623533643635303461336538333733313631633135356436356638623064303533323532
39333733636430323439373064656564613632393134636364316462613133646335353436353565
38386537366135656131363966626264656366633835613263393231623133636366643134643632
35633939376330666132366666313232656535323761633962326262616264356434313265653435
31656232633635346532643536653465653530626633333934343733376530393637373066303561
62306331363134373732346561633437646231386636393134646537356237343235633464323566
32623063343238396166623861336664306135396532366230613239656439393638333636626362
65306535333732363936316435326166363337346262303032366464356336363639653533326665
33366230363234366533336234623165616137356262643261373833623138393433373463646366
34623532393231633563623562333435666264626437316663373530326333633136316538346438
65613835306434353164626131343032313464623936363264373062383263346430623332613231
61623462313335396533343731636233316530396636336431663430633964373830393932373064
62363634323362636666386661396334653737383064303036373361616139643233303734373739
64613464373637666339666431616138373062646365346430333531383933376338373465346234
62636566356438333161393339396362323338373064396334343033333935656430323466323438
66373361366363343133353966303139313236383963356637626239633831363532636562643564
36353062333433393030373537313664663465373835316430333762353563323962346337313531
39383662623632363033386238633666353337643634653664356365383362373132383137383032
38376461303262343036616566336633613364303331613234613237656634663536623937623637
61366662373239643765636461313035316364663332323266666232666338386336643031386134
33663264383639353036613463336463393036643362363737386536333735336537353761616238
33356638663434353631656339316165386535646230316136363865396137353963356235313536
30623132383161643038613131316633646363393463623863613464636363643435333263656331
37306332623833356161303664366638363331373766636439343731623739616332326632626463
37393533393639333939663938616231613334363135326237656534326639333038316337346331
36653862346334643335633331396136633161653338626432643433656137643038323364336137
61323561636533313538643131366238633536653766306166633362636530363661333465323535
31653633396433616463353939373837646438396539346632393439393865393130653061636336
39353163323039636334623432373931383039663465653432323561306262313630323933353431
39653031333137323836313939373032336532343363666639343330306363313136626561626464
32386163326630626562626532363465626163386562393135626637323861313630376634353136
35303539343336343730323135343566633366363838643363323966633439363635653463373231
36353333346334633363626630326635333234373438373466646536356138626466633230356264
62633364633834333837383934343663383632396666366639623831303836373063663133633035
64373536373131643463623866613536343966326365313862646661616332396433636536356634
64336331353561636464616439363736343730613633643839303161333237663161303533613664
33316537626137613632613833656535326563363333346561326331313065356337373934393533
61356231653465356332366532666334313030663362313162646662636666643832343335616662
39633062623630366530373265646235363437396236613437336532343536326666356462643639
64333437306131373632343438383736643138303563373532643537363937663132623134636135
32613032333439343236333964326261646466303937623130323037643534393732363165316664
31373463613262313664643635633231386331333233363864343038636365356330326432383633
35656536613932333339366666626335663965313331323636373231303434323534643535346238
31316366316637393362316336313161343032366461326335303637366362323562306237636632
30356238643365376163373737366562346135333834386333373762333161666239316533386663
35326563316233316665386566643330363863316536373661363632656338313135333832363838
63326235633038646666376237373139373063386666653532313035336531326533643633313930
33373338336633363464656136636434623834326538383266313434303838303436626464376632
66623363663835376461336632376536363139656331326363633764623035353464303235343835
61613331336536643838306366353664643331343636343762613133303164326439353430663036
38323961663232623232303230636236386332376263663662353435316161383864313333666361
62393761613963323130623530363034363361363965613266336331643764346534653130386638
64663733356562626630383863313062396130323330393765613739633838316461386232663034
37323036616462623533316635333334323362383635363863383638376539346333393764323531
62623433663663613634653332393035376433636232366637616638613436363961336561653563
34363034666165386635323733383131643866373664313437313235316334326630346231653962
66646364333566383765313766643735653166646165313836666361613632613830
