$ANSIBLE_VAULT;1.1;AES256
30646539303539383465663739643063663465383530663631363430653037646664313535623135
3662313064316536623038336330303162343035303934350a353935633230653035633661633030
39386432376432306433623730613665336562346330626163663332643831313261313665336338
3332643164353534610a633736353033376135326232386132386630313666386534383031386330
64303630643062363830663533356133323634613965613539356663343636366637646132313031
63653464323437653633316663333166353666323933373637653931333532646133336236353139
34653530613537326232386131663662353133333134323830326539353663353864336435343239
64633239333338343134303533323865613031643332656135613163366164373834613562616565
62393465653637383361663563646566326164363631663137663930643638373661646566613466
31646133353362303333623965326339303534363062393339616438316461343033363065386133
39306434306462313561366439323363363265303862396464663232393334633833393962376464
63633861343662623137386236353264353334653866313535333063373763313266373536343263
36313361316330333961343865383531633432356562663334653339326336643436653435316439
33353637663039353132643561373938363139363761343165346436306237336464666535663666
39666163316237623065333461353137343834343333353364336130653931393036303561363766
36303432373138336139363634616133643762333232396432353065393235376436326532653465
64623932393731626633383835313333323432663936656336663563663363343330376165333762
34373838306538323165623638353232393239623334386436653666623562636232306464643835
36383863316261646232363032643638663637616630636135663133656138393430623435343564
66623065656232653066646630356135333238326464353534383735396635646630346465373338
65353564616261376162646238643663393630366565616433663638383832353439333932623761
64306265653930623066303638663861303831336665306266643833396235623530626366326531
31653735663761373536653466363832333337633038653031356631346664663038343039663639
32346432363930363537646361663964633462666363346336393535383562366439373535316237
64353937373039663064313866336432326165326665636263643831656137326564646637646566
32623538616131653737663738396133376132356138646136306133323362303031613365666665
32663866376362323836356139633438346466336439383339626263373331393764653337666663
33323530626137323036633765316263616663326461323662333363366337653031616633633434
34316465316632643634386431396431653637346164306138633633306538313963616233356364
31373231396365663531316666353839656237613330393836303561373364353737326663393363
62633538623932303931643438383063336565616431316662626234323639636233663138376130
39373236666561623232343562386632666538616266346233316261353136633634383039303561
32383238376638323832616338346466316233306163356366313736356661373039363065313130
35356134306363353134313532383734353534306434643736343762613462653862323237663235
35613939663030306336316436393931346563666337613039353735356632613266646131323435
34326563663231653963356637656238643833636234636239316661323333306233626365353165
30353563323362306337383661356363656436383732393138366266356331616661306230323030
64663137636261326664366133633565636437336238396533333464353864313965396633346665
37303137393663636265333738633732363038366263623237303830613839326664336636333637
36356433316638396332626465623835343661393065646436306339306664366463333935303133
33316265623435613135383232653162373237623763303738666465613737333161303531653961
62346664303234613564393733313430303366656330623162383463326130303534376435363931
36353739386635343762636234363761363036373232663034663463313165306337336637343332
33396262346333396631333430316639396237613761393365613864623438303261386634666261
39313864363631316165626665343531623132666562333436303764373939643936333361623964
32666332383434323035393139396332613632363531373935303561646464326537333761653764
34363631353832353261646462396539373565336464623736633335646565623663353437646262
66353762346539646130633138316464343439623330633833336565646461333536353266636435
35323362306365336238373038653362343731396661366662666431323735386465356536316535
39656162623465316464303230616465326238653732376639383935393633643434313237316232
36396261646239323438613464356638336536373161633132323465653463313434643838393231
37313566616431383933613035636339353731363432626535623566353537626236313064333165
31383335346537363862333661353737623738653765343038653830316162316265636561393363
33353635373536373266343534656333653837376363356164303862633561623935323137613838
61316366656162333235303832373337356232323366353132316432633235646639386132316233
63623339323762643035643362626231383237393865376636633730386538393237376465656666
64633665363538303731326362656637363664613838366331316362646564326630646239646533
65346263333165336261656566656263343463356439303762376234643436396562366537623065
62653662666233376164383262326236646365353964623037353332616262383332393339663862
38376635313837643062363830656634383464663534353861646636333238613534663830393138
35303230333066373739663065663634396631386133353634366364653963326131383565353338
34613635653733613963626664323832383638613436616636666364353538353664616534653736
35643132306336396663363462643439353038396565643466626565636436633837663738356631
64626161373235303735313732383232643561663566353033616432323635666565346365643939
63353533336639343965366238343766323236616139663365636635383631303635393331373037
39653562363963386131353162393063643132386439373733383737363431613932663239616639
62303363366163363539656131333739643562626365376265393865303461643830656662646333
63636134346333336235343135316233386237646232373439333833366439383330383530326463
38633037343538336565323036613731643438623435366664633631343835306331663062643138
38353637306330643630396361643866313732613032613233383231613062633062643333333332
39373531383232343163666432613538386139626437633838346366623362353638633632653433
38656238323263323233633635383463393731653530653765313939373738653937653739303566
38623065306361633834343964633063343736663930306436666264323164353235393134396430
38363436663036383234373735326365393365323336373263346131313234343237316563646230
62393339646635363664613166663363323932396537613962333761333139343261356436623964
37666338636366383931646437643166356439393733386563633139373364323138343439323537
30336234663362653866353364386235633165353664663431643033613930343430336236653836
61653037386135653161316666633863636361663237333238363061346662623538633533373962
37383835393138306336643765383239306461666561393561613564666533613737643163333766
61613834303763356266613731323066383133353761323836623961376661373132623132373837
37343366323264306563383066666166336162333530366539383938363365663839306235323864
32616138666135636631363832646462316633623662303164613361346633363764616639313235
34613961643836353132666136306334383332346465663339616239376534363863616137336363
38643438313338393937373331356636666161373930303137366164363832653365386633393831
65613331643864623735653762626436386364626537353661646136343734316530613035386334
33383935386635336237323765393032373836636530613238666531613161393733616431313161
31656666653331613536653161303131363135613835393130383562653436366435326434666434
64663537653261633663353034626231316164326339646130343566323364303835363039643831
33393765623261663363333264336633303461346234303764303136363364386238383331663931
39373036616530333063396565366461363936383561613232653133663138386464363134663539
34636631623636323466626361363362663366663365663039653766393531633730656165383236
38636332313139656633336230336236383630316333316264383265313630656266386438343564
64376565343837326133303861663038353162383665663731656366643566343961383432623138
36633162653963653164396265383634303863346131616133653934363435623730353938376232
37646562323631613330613933666235373434363636313736636334633763346661613531393738
33666436313462386533653333653266396265353432633964353234346366376236383363333039
65353266643735636136623066366539653665323137336635363838363663633763626465363033
36636165303339653137306630623339366262623532653264363237333562326466363937613831
34366230643061323631653238323030343435666138383233396531666264383430393566386331
62376563623662386233393262366363376531626330323132626631333836613864303338353433
61383965653564616437616661323336666531336561646661353865396133333364396632313937
63356263386662306637336435313161346532333966386262626166623537376134336530336134
38393634353238613137366336353738346239356639303464313137316237626266643536353566
66626563663766333864333134333232363534373336343264633037373162663034356663323661
62306138303639346136366161316534356466376364306465356639356362633733366133366131
32343564396430343662386333626531353762343437366630366362343462363832666363376135
31386235313964306361356333663466656433613261373162636234366565633663663937353335
39336563383265663536353532613963646564326263343132393735363164316632623537663737
37323532626139383264303939633830666562613864376163633061363863363265663064346639
39663134313531646533373539636362393235396532333538623434343739366637363739613965
64333161363433343537666534643166623765643433633833353030626333313230383437623239
39373134373361633561363336623264343934663737366462613563636539376264663330326132
38386163396365663439396338653430393162626564626631336237626361613737663434356137
65306134633330396466346166323664656661353839353465653037386334313535666630343032
64306364643932346238336439363264303337346366616163666631396362386439383939646466
30663630336363326331303364336633643265636362376536386336633564626337626533323964
39306534393138386465363765386531343664363638316261663632653165366162306632666531
62336338343738313065386464303462346234626337383530626530316230386536316364623137
63653664663732643566363965613531393866323862383739343238623133633764386537636265
66633834656536303466326338646563363234303861333461663937333461383939316464383935
38323632613761363739373137376335616466386336383633333339653365366661643439663365
65393561343133363165663165623838316436646539316461303435353834666335626564393232
30306235386332633961383333373861663766373836383463366332376235383539323739386464
37393862626138383537653033343566336264616331643063613663656237316466663034363531
30313431323135616137653136306233306562643662613564613137356163643932353665373930
35373034313663356331316430323437643561343265623864323730613339666533646662643463
34646237643838363063303834643432326262643232383031643066343161323362346532353332
36323561323530333431313461636664646630633132663732323035613037346331613331646135
32626163313137363833386331396562616637313564383838653862353635353331363633656263
36306132333366333164343238316365326633313265333837336434626231313936323764343362
33303666653935396533663338393062623333303465373835623531326562663530613633313365
34383833633239383630373962623735383131623737393632656138303661653134303365636133
64636464626332663131313438343363613163663532383864653035653836333965663036323933
35656433386438363539343533356661393462623137363139393931373764653666363666613934
35386163656566353664346362366264613730626239383031313361386131383736383531393239
30373637326661643134616465656338386431666137393930663764366366666165326538343364
35643637303634383965323732376633666231656262636634633065363630306430333034633663
64616330623730313966636239313633356661383463346333623666613934303032613664633231
66656231353465653564376433356334373136656139633036346564396235633564356531373731
66383135646239396662373732393066666361393161336434363730343764393464626130636235
31663238616466343239353463343033336665633166653739393366656362646133653163616437
39656566386263643834306264393436356465666433386237373939383031633430393166666435
32363338656463383161333938663264643632646335623536663761303632613238343833616136
62633333633661656436386537656261383130303734303831663634373866373362373933643037
35376164313737636565326462356337386637383663356238363362313839646265613564613766
63643034616636613535653862383966613863303631326231653531343338373532303733313736
38333863646130373434373337636265353836633063613661613535613461313536393438373366
34313535636135613537646463313238393031653331363732396132396465336461616336383232
33616663303063623461396463616132393737313538386665326235303734366462393235636265
36343261366538323933336361393665656662323963393834663437666665303037356461343435
61396130363766336263303261336362666539343932333261356237386134343966633661326438
36616631653265626365633435383162343436333564393062336465303832306439653335303066
63633833333338303432326331663731346334623565316637616638633033656637393732353665
64306434323561643564373462303361336263363235306130653530643266343161336363636430
35633432326437393433376164356130326239306266376130373766653064303138343264326666
66393863663931363366323363373232666233363463633061653561663837653031306137616235
35346532326437666134613565373432363062333434353533666433613839666363633966316332
64393236643264303862303066346539353964316537343065663239656535643938336639363133
65626130356233373066313034323636353363613637336464323936663136616332363164643762
37313033313531336430376430343161633034363135626237386261336239663465353564386266
36353763393262623734656465333766646536373461393363333537396462366464663038303936
38376134663735613263343138323533376366383332633361393866623937646439653739363836
37383731663734626665623664363434313037366261636439663835333332653962373931626431
37353135336139393331643931393561373666323837633232396261383866326364326366316634
66356534303231306137316639626138343237366433656630363135313538666166616362623138
30653131393637383938343737643633333038326665316634303239626235336139396666333832
62613164363732653864616264313665373131663932626263333238656634663337613432373332
37313037613861343862376338386365366430373466613830393533323037646432663439613430
65633332323639306561643563343533303132646232643432353164653866626237623134313239
39303964656437323533373365636439323632386237333134356235633637653864383130333461
64616136396238636632333930326130316137363039396163326233356539386633653339333537
37653035653565626363633239313339386438396437616131323433383336343862376531333238
66663465663264663036626663366636633866343632363234316666393866336133
