$ANSIBLE_VAULT;1.1;AES256
61366661643733303465326636393639636665653163386134363539636630663831653230343136
3962363531336336373165363939373163663564626530340a323239613562373035336139653735
33393230346230353237363134336262366234393534646230666334666434313535623636646532
3363316264316664650a303137383233613466643736653661323037613233336638313831646262
61373938653537353261623666376531313363313135343363353864633431653865663130643461
62303561366638303162663332626330633362383365366461373334656538326165343532383836
35363731346365336435623561323733386634366237386338663766343234356437386262343430
66633737643564656537366436383465333161353436616531383261646137303632313063396266
37353864623931656161343061643232646662636339343266333231336233646233356637303064
30346232303234313430306565613031616235373161336235316430643562646332313036386532
64396463323333303737386261336438356164343062326638313034333061393964396234626562
37356435616534616461306362363538323766316637373731386363633533323335303338313665
33353135633761633861316561646236636366383061326265663637313430363832356263616534
66333539363432316163653230613461653932623636313365623138633636376333663832343461
65303931623830383938653565376630663162636635626266613332383238363765353831363763
33613839383439616436343737386131633031663536303730653833363765386664373261643166
38316361323634623434353436343131333332383331623264376639353431303561353238306163
35313436366632356233363134356230663661366661333331336330646530613832643762623939
62326639313732616430316338303865366161653363366434663063396435383237666430663431
32653038653435626438613132336131313662353263393334383866333066333534376465303465
33323530346365326239633636363237373035623866373735316233383665633531386261346435
61363037376266313834323938313964303064313637363362333665363964353161623533653435
36393732373131623964316165376364326662356237353764346138326633666465363965393163
34666663376133376331653634356461316535393737633766643635383266333038373764346365
32313235656536396631333035656237363865633663333636633933373330656565633665326634
66346465386333343331353533663738396162386134626430643561386535633532386533613362
32303164616364636334343935636361353165353062336165333063343564613862336634376132
36376665613639636161343939623239356235666639373263323061333130363235636334393065
33303533646265656564383738653531633537666236356564336135346630393337646138363835
62363437646561333965363330353435383231626264643066333235623638353134616332316138
39663437303563303462656532366230303962353738363335393439333061346534633530366232
32363161313930306133636634636333363864303636386165663638653134373136663632356635
34373235366464353538333238383636336166303331623236336562313333313338353962636437
65383365333066353866383031633132643661373661373536656234393333666439373364353339
65633137643534363231376465303263353866333261636338633837376534613263633861313731
31393736643934633434356230643764383032393761333535633238326261376365633037333065
66323932633538623539646237646238613239626430326330343933326261623061323830633834
33376232363239386561666131656265636461353737346435356439303436316561313136336664
62386432303037376137323431623461343066313062653132633138336466343965376537393132
61363130313330663033333064336132353932396130396535323331326533383066333034353430
30646566333639656639386630346533313565663866316431343132353231613063656566346331
62333264666161303539636330336330633565643966353565343835386138386265366438653366
65393032383265636461303834353264633039623762373965636536333330383432633633636662
37383931316135656134386564393664393830306162643530353531663530313439306361613461
36313330313431373438323262373533643232613063633261373662663862333138353762316162
63376238316234343937613236366265616532643933616636376634316261663466383630386239
61353766336335613137353865666564653734396266616536313336386533653337656434356462
32616139663430646434663336666263356463386531386538356230663431376538656262383965
66616437383437373230323630353835393637613639393831346338376536353466653163653738
39656137336534303531373663653364383738356437323231613964303634666530663336343336
32306565363761316163383939353662356333633531306337376166643132313830366365396363
61653232363664663536343538656566323066383133333033346466633136623634636139323232
61383239373362373166306266346435363666623531316631373765356437656534663835356266
63326639633334363233616633623838376662626632356638383564613439316464373137363233
61373730383165333639366436356637636230373966323836663963326563616662373234613131
38646562653435393131643733336364306130333337333633616232373936393966353966333039
35323331343233393631633463336137386365646233386630316634363764623465623562346161
36386130336434396635623561643336613666633936306466303538643438303363363837346132
37636630346439363233303730346530336135323064363134316232303163613137653364643133
31646233393238643239306363333763343533666665653538633336343861373838343930383961
31396336313230663265326238326236663733666237313764666263343131303538636633393962
33646166356232383637356439356664373635623763663331616438663961383364633939383261
63666232353863313531653338373166663932323838366235663762396232323262636666343662
66643133353362396464343638353234316566653737386331613735396132653961373135313632
32663266633163363035393736333332646332373336363863633133656562666132346266386430
39306564326264336238373062396637653064366135396466656163343336663937623965303064
30303366343136363334373164666630633630333331633136346164633332363362326533316639
31636239373533343961623466633066363033353663376534343933343838386335343562633663
38333137356266396537373137396132373865333762316339356536643263653961363361653864
38363237306566303065653431656435386534663065356632633764333432636136383039326431
62356664393864623164303735623934303735373231383266366335366231383638626538396536
63626234396538343263323036326264373661656562333262636465633832613937333938363338
30363561373230636163393934353233616538663132346162623030353333373232353330333664
32333164396637356135663831613335386436636263333763616339303135613832613061666663
66383635623134323437346261653164666136356464616334373964313237343736306435396664
64363235643134656138326463666262623331306137376165613062616539363932653032623462
36633666393233646261346262383466316132663864323835656363663164383034616233363061
37376535356534316631326434656265333962663365363636626635323235393732336133346338
36613062633666393630623635393665643139343234666162303664643964366564626262666333
33336536303335343966323237613230656636313736636634393330363136616264336131646365
65313738663861643533303332356632396234346561633238613732386235323632393963343062
37336266356366363238653435616535633738633733323831383733653663386234626335376632
38346565646131383831383961386430393935376564663939353563643036363437613332376536
38313734616239383261303964616262326363663135643635323564393838353334323564636638
66313637363566383862333361613566353232633339666437313463616165313265356239326361
39646233623536326365333365396464343532303732303131626632323234363161643162376335
35623032663735303363366338323133306161613939663230306630663338616563353633626434
37613662316461383266336166356338313161386332303663373631373138303561373137333961
38323264353666373266386339313533613065613539323135366138613131653739356263613938
30613235316233626233333435383963373532303437393231626665383930636138333535643963
30343139316538306263613361653031306533353762306632393833336361326634636631653663
34303934316234373565303435323330393337643938383363663737336466386132323465326566
33363331646230323133343437326562663464393461633465613962373532666365343838313863
35636361313364366332656230303732373864393133663966373063396230336330656663343664
33313633653561343331653936326138386331346264623736383333616464633535306539393036
66353865363866363830616530366564633962616135373063356333326630323233623536626361
35613935313032346237343762386564336336633661363666353237336630363964663662613335
36666535616232313833616135666562663831353237653731326534373562393236366539373464
30376365356231306165643236663739366437356463343431623330653336363563336661633965
35353334303766633363653638643936333336306337353361623163336639663836636133396362
63366332666163363564373031653266353335613939326563323237313534303765636263303935
39363633666134646631616433633630633137373064346332393135336233306665353563643663
63636461653139306230633063383634333665333031303639643631396636313831343032376665
30396235306631356536653332386662306230623235653031383731656565353335376662623165
63616166386633356131366530663635386438646439373938336331393566323837343939363566
31313234363761643761313438613537323733353762663731313937623735393261613465326362
63633761356633343734363836663839373035333064656461313539623839343566656266343135
39333762623737306633636262393638373061326334333638663462323231663931323238343232
64393262343939623039613163346536646234663564353865323439303139663536646461623634
64306362333530373461353561613230336435386134656239646536373035646261386332386237
64376339376366633636306331393466323762666465613837623634303531366362643636373338
35316334636537636363316330663236346664393566316233666237333735383431323764373433
35363566633031616166373732373338346434386561666630633533333061353033316666383430
65356330626330666262376137663837383235646535343061613431393539346565633032376531
39613262633761336664383661633631363830336136343731636237396530626634616664623030
32336161333362616466343961383035313133323635326634303766613536613065323732356162
33343032396139306235613564393235343465393335333363626162633434373462623364306661
34653931626330363532356234663233303434313739326366663332663531303264346435363562
31663566663139396538623732376437663162376165333930656438313736326161646634303263
34383537383965616261376336653837326566313664623837653162613933313365303763663236
39316438343039666532373362356533396338323138346438653062643337396539323263613638
35373034303334396434333534616330643766326665653338633135373832326237646438633039
33613737333233613862316238326635356361323839313162313566636335326333346564326530
32373866343938616561376262613466616465646466376663393236376430356261323339356231
66653132356439363936656633316266336530633363326363313332326632373366326135373764
66633031356137343530333762663563333562363665376531373534626663356364653365653339
62376466363638643532366261636364333939613034626161626337663366376366373435663335
65373761353566396132373537653663663761303731616238656534373532316434353164633461
66336335333161653063613531616238306637616230306162613934396134386434626430313562
65653263626134633363383565393661373266386132306531363163336465396635396434303865
32643538323839636130616633633761623362316631396137336334643637663834316666353832
34393539656537336533346639363766333565376134623537323831373333613066306336333866
61333836383566656265333765303062666663616638366661313966336636393064656435306263
61633237383238356236613164653363316165313564363865336533626332663362646436316535
31343735313534323766383565386231343536653338626662343064316262356365613434623436
32623662386539343763393539376337343333613032306135633537616430626561336438663339
62366534666661396162346531366365313264396334303232363931623966363562663465613539
38333266373766323731663030386237346639346161343561333539626631376331383666353433
38633837356232663531646532616639336265383231336261323736656632653231663661623161
62383636393630366137313038343538626363626237313234623262636437646232393932383434
65386164613366326136316630393838636530303239663462373066393865623535363764353762
62356238346337346363353732343462623435353035393338643133376463613631333030363634
31653865623739363562363635633964653437373339313636343339326335623165346236346264
65323564623630383934336161323163653066323431656238653437626363633230316664373464
33373939326163326230343264353462313331356234396265616636373336376231323836643837
33336138653232623237373035303066663439363761303835613961303965653333316131383738
39613262313764363664643239313863383064386666653638636134343365646462626534333135
37623733643039323664663433623563356439623335356132653932333961393937666331383330
36303137303435663765633566613038643937613931666262663263333133376232333532313730
34396630393765353766383163323333643966343334333037366362343638306334353561373831
37646231316165613430346263623764386137613835633736613331666265366163616165633438
34623539633833616638623865613964353634383539353864623033656265313234626131376232
65386464356133663762303433386333636135613864306361613062623832386332643065363932
34316362616431383463346365323736623531353734383062363339353033653764383664386639
65633066303533626336373537386538626263356634333766363765626463356136336336373362
65383936643361616130613133386232303163316365633531393031646332386230663563353463
34613435303530336364373861396238313734323733353130663831386237333337646366333339
64326163373630386538663961333737663563316163306461633838626637303561376461653734
30393038396562373532616430656138656262356463613261613362333234663536626330306631
37313563616261343139323335366566346135346664363763356439656535633837626438623332
37323535303831336364613139393030653730303764393931353831353937386639306439633661
61366538663063313136633834383031616561393662653830363439663933323162363932623064
36393863396263373662313062373165396138386131383962316165386334636364623130656134
36376133373264366361663430656333356637303236373138373064333363616363383763316561
63346463653364613863626363626338343962633032643466353661386639313865336264623131
66376464666336323464656636313331383234363963633265613734363133323538393934303662
61346434323732343766373839326138383762646637613133323666633464353137303937363862
63316631363839613237636165373636356466653433653632393666636265343064623964626634
63636466643664386563396232386138323632343564343739636665616530653433643761316530
63333838396430643039353938313634626635616465643631383235316633326464303561623233
66613464663765326331653666303032373364373764656434633864376663613132346261616663
64326238336564613734616438346164333831613266326363393536353831386364663939373739
31633562353530623466316466386534303831656234373636393333633232646166
