$ANSIBLE_VAULT;1.1;AES256
61366166356237376136623766373538333161343361383761363862663966376261653338306639
3564653838666435646232643361633431613366313639390a306531326235613463646465633661
31646236336437373634356261313233386236306266316461653565626234623532303637386636
3032383338633636390a653866333339313861346133653935343563316534306638323039666138
35306339396263333561623433633938623866376464356534393635393231316135636463353032
64646634636133363066343965383462363131393637373037663639306336363633383935393665
65343266653837326163363939613238356539626134303030663538313133393935326363633335
63396138333463326337336239303233356438666434386138613531653333386637306634366634
61356161366661343039313838393766376237326466663130303061323833333239373332346134
37373239623132363732613631303032353230373734623833393764313031633730326665336437
65383935363831643635336139633532376566353161663630306134303132656532666533666630
37353061303766346363333039343963356361383237346532313938346534363238333537636263
36353264323732653839633431626333346332623965633064343935386163303166663633633832
33613566633535303764326263626434356366653331356236356531326466393131623263376265
62373361376662343764323266326438333634343939313930346537666435336263613065326338
64343666343365633435646430373835333631323832653333623438306563326162306435356136
30386630393133373165333133656663663263363931373436633838633561656663646466343230
38363935373037376136376565376432333963653862396531323533623964376232306430663162
62353539613066373936333362303630376439306331313438623834626333656162373262393030
30393266653834616635393762633331616338376261333363333263326465663466313831366334
39636564643532656265623262376339393039313961343166616633363063323863656562306162
63323733616232666164353063313963383866376639363561663439643166326166303837333564
34383734353239393330633538643664326337343363663031613265343431643330636161316236
38373335323538306639316466316439623062653262356330323431613138363962393761626531
39666564326661306361373537353262616365633836333339343439326131343239333139353035
65386130356564653534656534633039383863376438373830623162383230386461616536613366
64343665633561653532313136363634643639316639656534376231653738373533353637343263
61383937616366343865666535396364306539633031336234323463363332653230363566373263
36313634373431616365626665663565313965633331633165633061663365343031626234343864
66616434643862643931613362343337306132393533356566313365396565656336643239643735
33396562316362613537373562643033383832393031303266306166316334376334376533323039
62623964353863633737313564656436343661396536323463323632373862613436613638353066
61323966303937633061363134326237613031396438646136366334663433316135386535616662
32396361643562623034333730343964383165636466383639636430396239333939616166313161
66316537666534353631326632396533323134356465663237346636383739316164386163366639
32613034326530366131633666393939373761633131343239383036343164313562616465376139
38633963653861343038653365383137633034653633633635353165303931316535656435336262
38643532666463613862343032653739313939373866306635656163623133363336646562373065
39333165306439393662343666623839393333383162303136643061323666613536376232356439
31326131313831346533333566396630313866626236373833616131306430663961343131306361
30393235383537386164343733373666376438376261353237613133613738616639666566323838
38633938663039376234313835363538663730626366303932336137376334346432376163643535
30306630313762636337376432393063623762313833613365633262386436386465316637376539
36653435613761363439363237333962613436306432313533356664316339643566636435333963
38613833633537626238346566643263653334386630313435313635373462623431313764653230
35623764323138356331623034303533623238326333333832356564373064313333376262646266
38333430303632656432343435386362656230663735326239346436636566323666326338333461
31356332303735396534373136343763316639373132383738636534373532333232333136353136
63343537313534653036373664626536323830366635663739343737323130373365646432386236
32646565623739343736393566663235663463616434383237336231336262333764383165383164
66383164386530303034656466386238626431663933333435336163336132353734343931613132
31363763383966613932383866313738333839363736646666643931656135353035386161376265
61376435303766333637303233303933653033653661356235656365393539356538666664643938
36373338326231363130613465393265396239373932626630623061646561623837623635376662
66643637346332336263393438393333373134613031343363303434326436303162393930303464
36623230336633643130306333323237656561313061363963633030313238613138616430313032
36663564386662383939633132363264333333383766386363383231353936616337323332303638
62623039633133643335363666663338333938393439613861303438613135643036646163393764
63623534353833663232633937363739386266353430613133316333616531336139343533613661
33313766306362633336386430323731623230396362303261373732336363333431346630623237
39343634363037373539396562313363613734613130613036353331633138333935636535323232
33633634633030653261376361353162303566333330626332626364303831656663646630393835
61626434353737646666333366323232353266383766306165303733356134363036623936303963
62363163313863616537636465383064366162323236643430633537366436353230613462393563
64316566383432376339656536363333316633623361343562363832393837363633653764316664
61663139363938626466333432303339383231616663623235393436653535343064346664363361
34343563323462626365313866366139373566656663613934633337336431363234373762616363
35633938336336363233653065343162303634333963363466353563346665623339346564316533
36383538356331613635626235373833393464663634376536316265666238646464653366356136
34333939393530653961363634323834356336386632633935616364633738626664376231343463
39326561396130343434616637306539663437313839323031613565653935383530303564643631
37313062383739613637666363363833646566316639336639323237303037306165386239613939
62326235616437643736613731346161383635643637363933353031353765323863313566643438
34333338663432626566633338343464343938326462613165366662323363643463356162356561
64626133373933666233366264623636623061623538623234613038303062396639656665383865
63353831666138313138346433623561346663656636353635313539633238326135386439346161
33653238343137643231346335373365323131343139626465626331356633666666636366353562
33636666383132393363623361643566616537363834383331373634666161613238663936616537
35383263396231336431613035383864643937626536643637386362346262633438386432653462
61326464373734666339636264343934653435626561623066643632313732346136336665653332
30363236326233663330666438616163626134363537333236366661626261333263326265323861
61623631643137396531333736313165333936343431356132616638343335636539396437323031
61393666383437623762653063646430636262666566616366626234303862613462623963326466
36313864636636356362333630633766393264643262613265613963366539643939353362633064
30383336663730633835376366363037336133373537653863623039666364393861343364316266
33663564623938613632613861323430383837363938613863303438313463303931373366316538
31333066343136323939636535643565373964393962313630376666323934656236386564643466
63396666633061333431363061343264313030386366633762393639623238363633333535396534
32396464363231303330343831623664626633353130316366626566613234646166633831343064
61643364393566626232393531343761393337343331353136663835336537383863343361623032
35313930663166393662363465323432363539393131363666373763353263623036303861643338
61386165303165343465396235666431366262373863643638646434343436323137366562336661
30366533633931323231623639643135326333343061613565313932383333623635326564623166
64353663323638323362376539386636383065306462316532343037316239653566386631313339
33643561643834386562633062316266376363663836656462316333633739643735353631333038
33346333393838313834326334616665313238326433346634633033383433643433303734646262
38656236363566613138323766616566623933343335616233303534323432313861366132666433
64393933306362663430323934643166366434376664326131316437343265663432383731383437
33343631363131653138323830323763373638323965393562666661376364353935643964396335
63323632323230343139373165376434346337623338363061316533346162313462653233323663
33376333646634343765623435303933376636613361653431356561396230616463306235643332
38313734383565333535623234306139653464393163613261636439646566376661616666646461
61306664383030336536323632616331313233663964633664373763366562653862316564636561
34313064373661616136356636373234343632656139333033393733306565383363626465346561
30386232616233323733383837306237646664336430353763663337616662663938643065366264
31633130613736393634666664663861633332636561643633326562666137383634643735303461
65383034356636353635356466356666383662363763396463356332323162393665383937376435
32613330356236383730613864356166613238633333623135656433396563376138393164373762
33386338623161626463323530633234363730386532313334313538373934393632663932303736
36613330383835366461366564323337633362326663373166613066363139353535626162313565
63613533653734363831323931363033373365366139653730343431663663373330353266363865
66336162313165613262306334363965306665393166633664386239353930643132396162386238
37303032376431616336633963643736306334316162623665366263326238666666356365313436
34646237323239396463396665613965623436333739666538373934386139343062333335636262
65663335663132623232353862326565666265326337613333336136663230306437333362646538
36633731353263306337386663353232353464353430343533306465653965626530393731633232
39613365333736626366323337343838313832656663643665663132633537376663383138616433
39626336383861336663633132646338386532313432383536386462333563356438666338333761
65303862653061383362353636323238373866313133306366303430626562666336323663323535
34386533366566323666343335636136393465653962616631653561313532656430633337626637
34643033313438346138393563663461393936343164636235393330323931353532393133333637
64363461343932373563343630636565623038383866363232643038663239303030356233346534
64326263663833386361663164386231396363643464346635633938393837656134383562376634
36623664633531633638626236343936346530653634363564393337623931323466653039333166
38633732366330346632613031663561376233656639393864613165633565636162616539666164
39346564356236396365313466353765643366643932626166656166383861626631623261613034
62363531303137313235663761366664653731376334323237306263633037393035303634343366
32376463366363363739616430666131393832393333313762356463383064306631386531323830
39373533343839376236393433643030636464643339353038303338363964356261316366346366
63343064656631353831396666666236333334306633396462396566393966303464313865656438
66656236636135386532366364626333646231373665393730363331336562363464626232303561
39326161393931643466613862353436386430396534343461396630363330323238313933346264
66376361336461393736346237313739343563666533646435333166373763356536336537353736
65336362393461343930323536313338633035613437363239623633326265613165356331653431
33333130313365363330373733643239633664316339306437383262376534646639383935663763
37636530663061396535306265636139616139383961346366353935366233356664353337353832
63636261383435393462616430306236656332353663663832386333666531323535653466366561
35333030613032616138626439616262366132376162353538336334356637316161346466623837
63656335656335353265636133313633303135323964336562353337613334373632663563323533
39383737346362653232386665633864363863306162643535666163303437363634366564643230
31333531353266373364613430313061376539313738333563643736383539353361643038663963
35363064306366643563643438343034313530393163343461356632376564373465373061356133
30643031356637663233633664373061383765653539303462363863373732643735656438306361
33336164643030633533316337666462623730346465373732336539346534386531363032616131
36613566363564636335666661396533613066366261383135363932306439616166396363653238
38396465643936373334626261383337656438643166373466336530396530366331393333373166
39303232323861363763626361643464366164613038396336336264646165313030333737663732
30396365323166396531623463656139366566326637316636623632306236333661386435313462
39653131326466366134313932393362653431343334316561633836353763346536346233396566
35643737386430343136666238323434356638666361313562643861633134383939616332356465
63376435353362656433316362396639353037333839613032666633373762366236363237396433
66356637306461353266313864346636326337313531313466376233306330623361346261373734
38616164316334646532396561333532316437613232346632336334363835623866313263643966
63363834303936313830623563333363663363663238653130636564373134646437663366663962
31383231343163343433393834396166613563383665313866373063373638636537333132303865
38383562613866303237353135656136623031653066343435323739643066633462656466363332
61613030323163396438623838386262393561626339383863656438333034333965613534626163
38396264306134646531383132336630356165653662616430653835326533663465336337633138
31333037386331373836333536336139643764656630653835313033356230306431393265666534
32623630636165616239396239386664643130346233323333653536363762626161633366613135
66633464633338636662663134353338366532646561346336653761336136633632353736653563
38323035313130633735366430396664613734636632363965623063636564373761333031326134
62366539666535373339386261363964323866623034653932623337363330383961623236333537
64366264626466393565303638633330323461653938616433666137613363363537616665396532
30366366373536316130343036373631386164383066633938666662383535393063346365646132
62636336386562333761646535633164366230376335613530386664633462343633373263326130
36393835666566316538386262643432666564373531633330313661353163346434313063356562
30323166396537623238366238663966366433373962663063313538306661623739383630323765
62336531383762343063343139313337356430333764373363613163646166386530373063386537
31363365396135633732353736663161373934666135343436616337363132333533326431353735
61386432326663326234323733303234653461383965373762636266316435316263353333616336
62393631636664333337663134663439356531653330373134383736353564653161373134653662
65663430613066643631353135663731366637336337336166386336643566626666
