$ANSIBLE_VAULT;1.1;AES256
32633136396361363732616430303434343836623831363161326465363536643039643562313631
3565623032323137313034373133316632653964366630380a303437313738383264333430326366
36346338363737316530613266666162353965626332303266313537383362663635393633363963
3436643666353465350a646433653065323234393138303831633133306465666333633865313036
37336565626639376264616630323163386264653362323364376561376435343330333536356132
39643430333063613466643930333232616265356662303661333762656566623465666465616363
37633463653231383535626665656438366238633861633431306466323762616437656432346237
34646439323735613736336563306336313465376237643464353234613230646465616332383637
38353263346562393466636630363130326263366439653461323963383832353566336639333561
34663164653133616366393165303665333139346339326665363535613262643234383930343435
38646333363263653230336663646564303434393330396562353262616463316239383335383763
33313038633266653534363930313965326132303030346136346239363237396466323065366632
36306332636166303037353238376465383432313237626637653734616366316631343363313036
33643638653036306533353930333839663531373332376431663932393762636334366266353932
32303431306262653937613031616361636666353064663631313134663766323231386563373431
37613134383438333235343362326163323034653930633739663336633436396566386663323735
38346639646333626637656164366232336536376236363431396539373238336563393536343161
66326665633663396366373531663739633931613230653834643961306363633863653235613639
61616531623734656361383165636466393862663064383937386132323064386131316339653763
66363838363435663765353061633935656365383065326633373434306231366539623934623464
36383439376561363762363964383766306537383932363464373437376462313134366632646230
31633031326330623864303466636339633935653238656138626561393236323263393839393235
30303236333834653662373239306435633434366431656636663332646163323837393838353338
61653634353164326238353333646636643864373739323337343163643466373134386132383032
66306363376635383565336230336339623530626334356438366635313061633434626531613331
39393361326533376534336665393366326666613334343737333237636532613930373738366634
64663333343165366138313735333835643838393430303461326332616232386639366166393564
33613837326136646531363237316263303763616564356634376632333230653232313730343535
65366238333934353838376561613338363235626163383236393165386639666566623030383638
30376138383237663936663564366539346539646338346666623736326530373663633039656231
65366665353536306565366637663565386434356136336536386262303533393537303536653864
35333662346435633366356566316263623962633462373837643032653535323433356231623733
62613139663166323865326463303331366261653162366537623939343162336438363239636137
33343832353862393737663165316132323835653763376235623230346439333764336230333664
34323233613433653430336265303739373635646337633062626138343831623131616234373432
38323163303232333462343933633062343237636665656630306435663639663232363338643638
61373462393432656161383835396561346663343336386532396364386639306266343761353732
65636535336365666430346435653533636239643365326263646161643165616134343261393336
37643536316237623661313261316235333730646666616238326638663330386138333533393062
31613539626130626662396635323962633731356134393336616465376436373365343666623339
30336639363766393066613038376336313566356531643332346134306166376632643431343666
62303764356262663030376136396533656132363362356639346133316236393638616666646539
65323865313836633762316430636631356337363062306665663735346234386261376139666362
66653937393563336463653533386436366233366338313164393231343339326637363664373839
39663966636630306361613538626539643039323163343236346233383465666438353437386434
36653432633665323461646562316233373031623432363034633562623934326539313433363731
61633461353933366333633735343265656239646439353838356537373732643964623461346464
62323762343239343936656363363062613966336130646234313734616336363639373533633264
62616264623934353137626136653232653763393331313163373134363066343938643233356536
35323337333130313637366330656530303830333565313263316433643536653962623231326135
32306436616439653162623562333635363764653332356162373931636462656265666530346235
33336365346230633336383265663636396365646133303935346365326163313066666532326531
65336565613635323637333236333034363539373861623861356430313564303437373833633163
65663063393161373538333635306662353963663731393932623566626266363533653739636463
30336132643738633538626134396662333963363930653361613865626133336531336336383766
36396665313532373962353661393264623261653334363862393561323365613531623963393932
39306262373835396134313361363831343666646537343338626138376333653961653038613736
63313863373036666330643063323764613239316433323536343033343465313662393434346133
32373637636232636137323537633830636331303465333232386639306131326465386133356363
38303634396330383264613163366139653462313264336437663438316561373233613532643130
31393663653839383663633464643935373038333431313838396564356630323962353231656666
61623839333763623235663936666630376634316231313364333134393761666538393962636530
30326563323535366566656262323564363839656365643432633637333263376564383036343937
64663363653835396365343936626230303037643965666136666330323435346538343062626662
33663234646137643061643337346439623834303630363032346366623366363535353962633032
33666639383066343633623834636433366238363965383331616233633030323439656238336539
32336261656231653161323032636231396264343563353533326333666161653736333336326631
63336534306637653337666139306239636631643262323134386538356364623936306137373138
36323164386133363166366263363332663733626264663930633636653936663061323763633636
63313736386431336365316635393531643937373238363535356462343935333532646235616430
32323532653537643336653631616365366137353738366461646636356630356633613762386462
64336435646461333035343062393861383138343337323337313661323538623539323535323732
32303539396538333866306162303238353332656366323439363631393766313230303738316131
65373834623861613262643862386461333936623661353965636431333866663466353737343365
30383136363436323065356639363161393666656438303032313863343334306130636561353861
35353937343138306665663938343736343165363162326633643863613239316433663534616366
66616633643364653031656366613834643134356536663066376338313364656465643237663731
63333961613262346161363761393636336633313634336131333761316534613335356666663131
32643235333236396163656266666432656435636561366135313263336265336134396136303035
39396237663662353164346133613662653662663635356462613566363033643032356233373036
65356336326465653563633663663066643464323363613664323766373363333134373335626534
31633933666662303732666664366466646436353135663763636230353934373635656534386662
65356337306435363765633261643436366137633432646238653264666134653832343765396366
35316663346336653866626631363464346237616532386537356635396265386330353934323934
61643631326132343765643563356163623461326361353638373232353966363464613530313334
66666439386432383135393062373331316566356534663136343761656562386633356262663461
33393562393830646663323331616638396536306666353663613236633439663062646564333234
66376632363035346236346266336430396536383831306366323965336333346230383233376362
36323761653636383538363364323932616464396534643763346539383135633537366261376632
35333534636331616233386666316638306438313865383763353032373837656533643337623132
65653566356634363136353531643236656536636236646433323236663566376137393630613034
64326338623661613939303432636233383931313038646364663235346635323836333031626564
31313432306235663231316435373465366463353431656331363434383737356234626234336334
30326331353438613366323830346434643134663337653730386564666239376537306364623136
33333333643864376334373034643237663835326639303539376438336534313862326233373330
36626534376236623666613233353663303835353164666464323337303330626266363132643130
36366539346237623630636637636664336130333661363033633431633434323763346465346165
36633930323566386434343939653339616338333334623263626665336132633561623930613132
34346332353161613065333465646265393063656135333165343739613137303966323765386266
63326435323666343763613865623430393065393561613731363239346134623333326337363232
31306636396465633636363761346534363331623432333162343632626538616235376261383465
35393864656532316333663332386530633031636230343136353130363866336266623739646364
30393630636530653136346166633762666366313162663230333437303736656635626364333433
34353532653064313665366530363039646562343463613230653061623434383665313930323932
30393534633662376639396438336663306235646561316164633639383832303765653536386361
39386432363931323231346563393538653463326534623036313663336665633361383737333339
32633266633837636535613032336333386337616363643364616366396462343163636438316139
61303334366636636638663566656261333866616636653063363637386364303733643964386664
30313964333865356563396133363564366265316463396437396235666134393561646639613262
32613561366431633632646466393937343733303330646235386230626135333534386131376536
33346165316330373239303131376433303532613462333137396632313761373531393132623030
34346334653662626161636632633931386334333536353030323931356137353065366463653561
32616465633831363038336333663933656161656439366462633062346436343236343337306131
62623465376565633730353636373432633233383763353262633730346661353031353834663165
30353866333539353365643636306531363862656237306330393439663338653834383435316136
63666538393063616530643763386137666564613830366531373666386365346139633631346539
34653733356634306432623932623833343062623635303236356536653034306464616366313433
33313337663765356438343338383663363864306137313766663166373037376334666134323337
35623230666533336561306364633463363735313261616364356439316533613064333462363439
30363164393033346138326139373335376631316535653136653637303332653438316438616330
39353863366563663862653364653032323634373265626366376134306639353262353563616365
31353733633835316136343235373865643261306561336266666466363430666263303137613333
39626433346166306165326631613838383631323832346662623137353339396430346261636266
32356330666532393035353138613938303562616565646565393532336661613963613565393061
66316534383164663238333432323133346431656335363031343236666363313733306139656165
65386331373232633666353735366564353039623530633935333630633334303437656330343631
63393637316162393237613566303534633063336665303665333931633034396564643736383338
36653539313437646133393636613463383835373038653631636462643134363733373561353931
33316537663666353663353639613665376563633030343462393230613833323563316266373163
30663637636362633335303934663932353762353939383934643130623531323337343263653933
66376536383362663561633661396665383864666666393336623232396462633266373339316331
33343339653130666461653764326661313962633239366366373162633630303234363430623063
66623333336439653366366636663835396233653932396661636633643361663466333166393332
36373263613536613661326431346166376636323063383536316465326337376135396638313037
37313637356530646464323032303130393965373765323437633262393033316465633636383039
30326463336634613339643131653565343132653765343661626662306231366664633062333237
64323034393331356564363330376639353730336136303231373231656432323639323965396634
36363239653038383531383239386664383161336561333538656131663135383133353264323132
64383536643936333932663134313866303862363232633466356331393733376566636464393831
62353138326261383634643066373762346334623536313063373238336334636234386562633533
34326562396436343738653534346438316166666534346362366234653263353331626166303763
30386139336639316236313634646637313862343230366332643964356233373332396430613434
61383039623938626531666537316235623738636535313539333261336536386565353531633431
32623034363236643637383261633832343064656262316163353161333266656130356634663065
36396266303362636236343734613833393838366632363063363063323932376637643635333162
65366366323237366266376633363230376238643363386361613436613363346138646633396261
37373663386363633439616666326163343532323538363735663661333630646431343666333737
30656137636536346631393264393034333163303731313235366636316531643530316235346664
62636162656135653964373736633832346661393361373436656138393533663137363835303434
64346166656366633662393338623761376365396430393637353239633964663033353265356638
36323136313837663930616338396334326362346664353863653065326337323230643535373265
38303962393161656433643234313037313634396437616236336136643234383366383262636635
66653966373131353938363835643331303332663863653933613238313639383434393530633464
38376536336336363664333761613335613330353862376563356237363431313130323930643135
62303833643132336266313563303965383162383638376261393638363239646439653931333234
33316537663134616661633937393462646362326365346662306662633761366239316536616238
61613139663362356462653764353964313338623131393834373632396238663339353264666163
32663934396430303939656333333337643466636632383535646364626235653861643362663563
62383530663932656366626530343536376230663664316634633038626633376665613734326136
66396239646164616663313464656437633332613464353164323464623239336463313633396538
38386530313639393333333934386262326231383339353230336434343365623034393635376666
61343461373231373635313038646164313137663436626461663166336166613831323531393731
32356130316439323734643163646133343835376463616235656430323838383937623632356138
61303065306162323066313637376133303163393732653761376433313161343064373434666339
39653031333631313730373633356565663630626332646165613134396432393462303738383262
39373132636332323730316238353331313936373238316330306431333734663431636332313037
64333139636531366363653465373162346461363166303966633034653938613062373966396664
32383135353061646562666134326362316365646331363162633962326162303763633662316565
64343636383039333262653566326337336533383566393938393364376366613835356238376163
32666564363362353637363861316435373264383365363431626631323932646539663561623066
33393430623639353961393862323663636335653933663164346534666239393339326162383030
39663636656366633565356539353436353938386465326337383238356266663536356438656332
62386531393336653634393463383132393436313234313933643963393139393835663164353961
3566323531343632333232393837653338323430326165333939
