$ANSIBLE_VAULT;1.1;AES256
63363430303066386633306666636566653365373164333433353437386363336331366466653633
6532386138386232393539323132303232363035633236360a393361643636393063616562303664
33306564346234366439646161623139653236656264373664623030393964656537616135643233
6438633630383539630a646238313861643165376163366361306630646530613437666537313032
33656132666332633935326335376361363032643331323733316466616263313464633762343837
31353832626138623764363137613833383461663166363630393666373763643266646439386439
32326232656333613738316332396333613464373437656133626465356235363739393338306561
64363636646364363132393032363037313263396235356263336631346362333039666535376464
37323965306137353431366463646333366230623137623932353335313062343162656531303163
33346464316239636432366264623062303764303838303230643437333966316164363361626335
35333838346561353135383931353032363337306338316566633436323335396465333436376534
30393561626236323234303437353836386639306630313438616633653861656261383735323266
32336337653739633937366434653464623031373165623862643963613163393738343764366461
64313065313330313537333430363134396166323264626665303739353365653361616236346162
63623365356564393263376661623036623431376165323033356534363361343062616537306434
62303731313664653764663561386331356435353538336563393566323634633662616238353062
63336537623730656365636536626436333232393437343537313666646139643637363737353038
38313638666561646562656531313234633338623166303530353732666637666365643835303466
64386437376565363363356535613736623761616162383763343031356264383430383964626564
33616463386161396232323762346433663231333437633336393535323532653064356632383966
32376538316331633861636665363635616161393635333732356239356664336662396439316262
34626436323065333038653232613733623262626337656433356134383134643230633361613361
33303937363437333961326636366566343936653635393732383238316539346531356165643962
35346663393237663162646430373262393465623030663630656535643732646132633834633538
31633962646639653962316366353231333131663862643865393962656165653761376135643963
64316262306330353336633930663833643863646535336262303330633032373930323733353833
61303936333438633531663132626565333364633264626536363034653861316465383131633335
37643436663933613038356330363163373032366266363435383034643030316635333532653139
64396637373538333161336138393032303365613232633434343565336263646265306364323133
34356537396531343337316134373463633763656631643135613030316231373663653639326633
31303265633263653366323534633765316231386531376432333437623165623865346631663265
31383033316466396332363036336361373063376262613765393965653333656139373032303861
37666432336331653435653634616264336336386336646635356531353163663736383030653233
37393266643336646666646532626137663335393861316465656664316330373366323466346131
39383434663434656265636362386235383330626162613637376361623064636263643566386138
36656535666632323039336232303930313638363264306334316666396237636635386533313336
61393666623065303837363461613034653631616662393465343534306465653066643362373533
38636331626234383435343531326163396534653666303031343037346632663133373336626139
66303263646361646334633265363562666461396334323931633864366462393834326331653336
36653837633534663136373365633463373132633361643432313134363465613538306437333038
65616337663630363065333861303936363861363564636336353536353836663232316336303266
39373738653037313864363534623236313832636462656365313235373130313030346165613237
31343466656536326661653133616265346130393634613131353966383165633534396133363664
31353664373366306361323864346561383039613532643036616433303536353737313338393163
66366361643237306331636130313432383461353834653532643563333030343137343863343731
37343262363065383737303963303862623762373633653732623364663365623463313563343466
37383061376134666362616664633237373066626230363962326638313661646162343330636665
34343663646637383634373430363561346365333834333362616431663432636138613336663965
38663261336437663237623333323139386265353734656463346364353031316266383962383937
37613739616664303562356233333430326231393965653866383263396134643439303233623739
64353230346230366536643131356539646534333264356366613530326662386236633366633635
38333330613565633032376435333362333538356530313264383934623332316464353231313833
31636564653938623734633461616563313863616663643762366636393564626439643230326166
65646434306364653563616363353266613139643062663932306335366365303765383632653433
61346439666362396663386337633263383036346166356330646539383236623964666338353261
65346138336536333430343631646235303638323338333734643466373266643962343966666461
37333139313131643537616461386530656464343965346534363530663165373335323835343037
38623434663863366431373966373538393064393130376532623334316362333662666137303266
63626564313965383765306436333934373034333966313239633462613735613761363364326430
33333562306330333237666639323035323562353536663061326536343236663865623730383066
30363265323465646338323935383138373731376439356465656466343039326433656135326365
34323266366661656563626331356536616331643064376161313539313239373262376162633734
36303530656365393363306461616165623263306237326561373766396665653232623535613736
34366466653763613534616630656165356230386437656662623162663464323337353233663363
62666365383563643935613431303361303466643432643039323232313939363635393932633666
33636131393761333636643135323362666435633732666439353736336431663163333531363637
65303532363338663432623065313631656133376534323535663537323566363066353033623735
64366133396631643863376236393463666564376533626663383235323662353131363638343630
34323537646639396164646465396335646162323535663236363333646430613162373663376237
66343438303235353261356233353964346266616135366661373161323662333766316635363233
39613732323734313333643661386437333738303465386361373561386138643061666265643763
36313463393832376665353336356337323032346134373334376666363035323265633034393039
31643933623035626238316365386539353531306361323663616666343930393866323431393065
63663061646635613531366661663235323631323735373462343530666566346330396634363139
61383161363434393938353963376463323066393931366364643636666165653839626639383432
63346437333333623031616234616463313764323731333233346263643439326166313035653131
36363761633237346662316230343134373238313431356536636436653266396464393535623861
64646531616432656464626165366337396339386635376163633731646431323838383237633938
66643235373434383164323536646662333763313132333431366135623865323931356636313035
65633766636332333264323030353739626433303633323930366633333533336661306431623766
63383065393136313964663362336132326138633734306431363034393335613562663664343261
64383063363061636332353035313964373239313933616362343633393165306436353662653966
34623338316534623066323833363530636634353762646365326239383331333663316137656435
32636464323035656531346631376637396661643162383466383130303933336365656631633663
63396663653462386235313262333435323535333535663466366162643566646161336663356133
36663838353939666365626263633430383534646366636266353930326263366237656365633662
61643862613034653265343166363439356636386537363031316436376232643364373838383366
33383231633331303161373938373962626166613433363634653463623732383136316538373138
35616539383864633835623834353830346632646430363138303664643339336135353834643761
38613666663931363265616562313830343761303661613539383431333965306239366333623665
30616330383933666337353764393161376166313733396336353337333337306131373464633633
37393239343833613565626166666532336662383563376166313061663731383462643939346664
37326139363239383463633936623032323862393863636636636164373565623435656638313631
35363935333163666562373636396562383165353038653239316664613664633031623261383961
38666133376332356135346635333238353438333762643764653661326134383035396639363333
62653463383831323635383433343366316235633634373237343937323163313861353432343034
64383133396130383336386338616339306233333536376539303936396335306562663134373632
32613462383839326636626163376662383235386438396233346336323531383166643533626162
61353930313038336461363334323433353361656433353938356137306561306634663437343337
37656266373263323238393133373834386638363562613234663139663834383561303333356466
61343831343731333631623965373736323463343930643131363333376531306266386362646233
63633531393766643839393438653565326437326465613333386332643635656233333132643136
32396136663831323939323032613738333964636366343766616139633666316336346661326139
39636662396334363062343663303831353664346138306462303065666231666261626666626639
31393531623236626135356637616135613637623064656534336161613730636235373062323437
31343035633338386633373833393833303865643837303936383365633364393465363363343965
34336234383832326364366437633364306634336537366436303237666166323038306262316436
65336665313034303861303034353739663739373264666332636664623536386238633839636234
30313164653639333165386366383261343531306631313030343031386661316564393831386538
61383765656631343165636166313035663239303133353263366530343630303937323336633766
64343936316261393538313735376133346635386230326430613266616561353136343734646537
66386661303664306334353738363839363931363466393762666361656636643764383066343733
31616262356433656165333137356366363832396134336435616466376531623634373135373932
33303634306461643736323530336461373534303936326534663734653162313634636538383836
30663135653062393463306362306139393566303534316362366438356330363462363062353236
31626263303832323730653464306135623939386564373262323935383061636431646438323336
39396231383364663231663761623764353632373034666638373434363234393064653339663466
39303433353230646534623361333736636263396536336262306230333132383364656339306565
64613937373939376436663661623762663961656430363236383336353335646531353035633365
37303061633938623866323863353331316662333535313161636364633564363738343232313765
65346434313339333131396238333131626365393238616433383237656262656564333639646135
30633231643566663432343334366330376334303764646365643061646530643266303638376435
63653036386532333836616130653735316636393534363534383166306533343533303962303363
31343965343364663664346333343135386538363131623030393531653735613531626366313634
35626662353934366537396562326336393338336631623135343435316666303661393339326235
63623435316239316264306235393763633832613966646363313637326339336565386631313263
36336665613735616430616332373166353830356135666136353231326434363361303032666638
30353961616164333136316437666132373665326136383232363536343363393537303362666436
33333838386335633234666363663336396239363631303236333933343933636164393831363265
34663462366232393831636436636235396337626231326532303666346633663762653164323835
38343530633363613261393537616464336661633835393464343665343530326337663439346134
37653666343238613064383036346166643330326562386233313232663064613937353230313930
32356639373338646430613033313161343639373939353664336364386237626365326365383730
34373738303034393336396264396434323566333965346138616137343738626634323338633862
66636337313531636232313430616330336662613832303165313436643432323734336433353262
34633362303830353331313862613865306634663939376462346538353934323663343130623366
33643539643934656236386565623039303765336638333763393335393135653966383130326162
63363433333238633665383333626530336233656266343736306435346265316332303136643634
63383231653730326166643465366630663334323163303030626131613162306232303631323366
34346136616365313535363031363234383364643962303264653363383539356638333830343539
63653137626530303764343333633230383963313330633838626262613464656237663665313866
37316636626133613265626365383330613938656330353638663961353430366335626631613935
36653637343166366564613830313564623733396164366238616536353531383662306166613137
36643761626538316337623936383831613137663137646163636461363962393864313264323030
31653932316537623161383132633664353864383031396265363066316662303033636139633866
39356331343731666434373561613838316432356539636232623161353062326562656563333133
66613735356135363765653166326562386633626662313662316437623532663238333639643334
30313030393637326334623538666134623935393730346237336364353838353865383136343061
39333032303736393933356666383638643535353433393465343737646430633162333234616332
61323930313265333363663061376364616634643663343162633435356162653439356138326334
35333037363462623033363337376562306461646634613261353234356337666335333232363865
62663530323763343137346463366236353464386539663631356664616336313563666135326461
38663635343137346264323638313933333039623035646361653566343539666530383735346661
66373865333365623631393864316466383236386433306232663332623438396237336164643130
39333532636132643466353334313466333837626230666666353566336665306635313834643763
31313462326632653232626131333466386665366530323532363336616463646331353464653838
65646636386162366538616133633961316439333462313161616463623061303435303561356435
39616232643666366562663265643466313135613134623632383735383939613366353665613930
36386162653865626464336462396466373065376436616564633765306432656530663938323434
63396534633535656436653333616539393231323338643135326162353231626539336133313363
63313532383939643636613633326138303031626663393137323663633263616133636264623136
32633631393430373765333333373834313166396662616435663737633235373233316333386462
39613363343633656631393461366635363563396363663233633062646462353732363764663330
32636138356537613362376631343762616166643837636565633866626666656463396530626230
30343864313635346166366262383666616561386333343462666435356638343862653732613566
39633237623838656532366230616132653465353631343637653531363961636430663564623836
30346666346665363831643964343963623638303036383761396238363937306462633066303132
36626434653232303238643333346264653632343166396233383164343838393338346563623232
63313930313135306564616266333230663731323933313133663961393733363630303662663131
64613064623436376363316230343639623761323765303730613264393634393134396362643035
37643665383261333638336465313361376638336462343364343862666237626237313635643464
62303932373138383931373531333033643932613433313630313362386533633763663039636639
36666536663436663636323634343066303665386434303334366332643962633263
