$ANSIBLE_VAULT;1.1;AES256
38376535633965643437343164343832383330613362666365396166366466393665383466343632
6338343436613933366635303339346339613435373964320a363038613630393865653766663931
32653663613339326433303631353436646363643765633632336662626634393734646330373663
3162376661326364360a623530336137613033333766613130326362663437366630333465363437
63316366386461356538303230623364616434663634616361323962623731306131613166323336
63613063303162386466343333616439653261633834633363666666646164333334353134393130
64616539326664393961636563653832353763346164383565326663663634333064303734323363
31333865353862623061646133353538653233343237373638613932376464613366383262346136
61346563623238653235346331393765636533323565323233383439666536643837343761656461
33346337366438343339303964366361343438623162613763623932313232653335383861333537
35656334383731376230633531636263323134356435393765353139356532636563346666393461
37663463623237666638643835613538336466616330353933313163343065393433373732323562
63633161366665663862316531323361383631353831363134343338343530633537313535616161
36333163633834346333333033353464396435393561616232313935653264633132303230383437
63656330626262646131376438383736636638616562393733303835373636303939626565386333
30633735363333633336333362643335616539323637643462333639353133343962323963613361
33396139363135373763613862323565386466666465396130333666636539356135633935643366
34333539633763373336363530303364626662353334356331366133376366343831633465663031
33646431643738376361306562303330656664393239333262373137376136653866316331306530
66613230313935633336646461336533363334313938393436626136386439313537303030353730
61346464663036396236656566613230316265633339363062663365323732316164636666366665
34653461393065396130636539643363623634373734333234303630366565356162363761623665
39633865366532376666323337613537613165393035653435323161356563633731306433346265
61323165643535333430623138383331383566636361643736303435393837663763333938656162
31613137663636313531636337333232613232396664313161346134373537366436303862366334
31336139626664613438666666363437353566376439313766643236613230613965383431633838
36636530643230613131646361623463373234373839633363626237343034366162616135616232
63336362323637363730353131636263613131356330306532316661653332623064343537383031
34363565613965393532356136653238303266346637326635666236633262316631663738376563
39366434306635366338646336393735616638316165393931383537636666313666316466663465
31633138373238386235393266303037656338356165623432623136623832363361363432373430
36316262343438336538653561653132376266666264386332633037643430613364646631363931
33653530323139386133666261666631343435313136303532356534363638306337393732643639
36336566343038353239373637623736323137393537366165666266643539353661373030306634
35633665386639393665633462386161393566356666346262356534346536316236626665613862
34623733633430353336373266613930633831616232333562366566366336366664336565653537
31353062376131616165326336323766626165646135376134643731316536316263646365346161
65623939613634356664323034313561333135646263643365333533616465616336646165373532
64303965613661653464623562306135303633626537663463306261303466393233613766383466
36646139386130623966353430653635626339366664656533396539653864643834633034636366
34313365626435356539333066303264323265623631376433663634646461663133386330613363
66323436613564623330623336323665376338353633653334323662353138373363386538336637
35663338363962666564373162626434613661313263303531623432656134313762653330636439
64346533303231396563623538663134613138306162393237386266616330366261313631666433
33353139646665373465313034323030646432666432643364626365653863353939616139626262
31393263313166383436356263386430376335376634333162646666356634656430663333383564
65306230393435646434316365393734333837316362633033373436396534376632376536323464
37323534303633336531656436633334363061313433653763313062663630353432396163313730
38613730396339356462356338333735333065346163303231633965316166326431656130636234
37303831383966643966636436313666353536656361386561366464383966303063323234313661
32386666646138636230336530656134393934346265643564333134353735386434663662316363
36646561643530373633316233343132376333643965633363386263613437323237316366636365
62323436343837613463336139383561633362663161383562633537633536653630343937646331
61326135626538306635343531373764306132636133386565626163666164333031363664353266
65623138613630333665386166383434663436323337623338346362373735316663386534633166
36323861386633373764366332303566313863623735663963343736336163623465313166643533
34306466613763663261336261356330306231346162666230393435363238313434313535636262
35653937326563656436383333383135653638313634656538356238666361643862613635336337
33623335323437656164303935333731663461396564373666616665303565626331353638623730
32306264353438643863646133353432653464356566663231366233386435336566336333333735
61316262393836393631373765653732333866646661303466343532393833376139646561626634
63306431613935346134343437363433323665626639323231333234666464396265323337313335
39643834373138626434363937653530353433303165616438643563653263623833383732343236
32376130663939626335323231373539366663353535613034306534623236333634656266666130
63353365663634376534353063383963383639363133346530663636633738343036386439343331
34363264323939363436363566356530353032616464363932663764626262613361393738366132
31303035343263393130666666313139646463323433396639383063326231336239646661333736
64333732653637636136623064353464353363633762303666666538303566336662346432396466
37366634303438626265353236346166396464373137326664643032373038333331326234363661
65306261623839613261313232303263363633306639333338386532653932336532643438363766
30383737643963396237656139653065306337386561363666353532616632653961393066646431
62616466663931636432326563333730396132633439323133313033613866333733353437313437
30383532626463343836373263373034303663306164316531626235636462373739643434396138
65663563646235613565323333376664636463636636323539303933663265643962376536313936
66656163353066656632663266643061636630316434326565313137343266313364386264643939
30663132353233313464313838613262326365333332613030306562396334376132346534613239
33366665336562346564306331616336643737333337323438663232323635346533346536633836
31353065396132323830316432363462356531623938343833633435613166623866623930613436
65626633643062313937313738396662663834313738386365383138646465656530323832366261
64363162393537323265336132656265643561623665333564346337663865633530353732623661
37653066323335383537396561633965343066653936613631363536666663366164383163383336
39353733633331663837636434663262323339356462353532616635666336396263323834396462
32373930636637616232616362353238323366643538306235366238356235333438383066643836
64313436643264353033323263383930316135613131366263333936656439633961323938666466
65343436353363666334643362373264313033306339383236363338643731646538646337613331
62303262373938656238313263313139636661313738656235663964303862656230383638333966
62383934393531636331383739306138663639333331316462333033303962653138623863306238
31393635373961363832646161613065373535323662373631303238363564383662633635396566
66653564346337356537613333306137663535633334313166336661323237343539336434333138
33303037313366333566663137623133626665656665613762356231393739623436306330386365
37386234366466346434333335396635336661613634653561303663303639393030313461373338
34366639326130326536366161383638393130383665323434376633336461383738653965666161
36616332373464623330376133343532363862636632316265386236353734383438626433303830
36326537663462323766613930313930393234623063323263373930353464613563356232653231
36373261333363356463366138653736613633383837656537633530363430333762353230326530
35623831383637363362373431646333623730323830383439626331396336333038663538313638
63663161303761333563616564623865383634653264626431363635306438653739623730663534
39633439643461343831643264336136663164363131366532356266346432626266353663663336
38373734343363656539613638643331646230656564303663666135623938333265663835376664
34346464353139346366343461616237646130626135386436336565613638393066353730613765
66363836363163346562616162303736653763646666326266363331636565303030623437633231
30393564653664373064343636356532366366306238613435363730333833373038663138303235
37643139393335656464656336633165333765383463373034663163613330323232646533373135
38313236616131643362323339336439373762336336346239343761386462656134393466313366
63313165656665313739653038633664643035666266626337646138373932386363316264633165
33666530653933393866336631343263316364386136663834363532663463613963663964323663
31303462373165326366643163333433313638626330336536616234663733333135643832353364
31393964646465383230623331653936623562643265326166376131343638643933386334373532
39623966366531653231393765623962336331333838633530333237643566633763393236336337
36356537663435333066366531383932353266383164323435616334316565363933373134656361
66666139323630383764613933313337353934393966393061303162356234613937663865646135
37633834356630633534636430393930373434333131653463643839313366353637656239386562
30333937616364353264656537313532633037646235306462613461653337643238306536306235
39623232353363396238666538616561613962366164616134396165363734643538343539623732
36393434633536666262386236633338393039356139306261383136346332626632626363383038
65616464323931306530353266353633323830656631666663623535393737346433653166656161
64326563313132376633653834663537653136326233373061313264643039646437383131633263
66633862656630623864663636633033613965356261396162663766626138393339646163346164
37373239366339393338346163323532353664313538613462383139326264663662363464396535
66303636343531613730666138653833613239383466306139376637383063373437646461633762
34343433366262373232303331386632373163353764643533613231333163613665343464386131
63323930363832323333653738666366373831633361643065623362356430316563386539666131
31343066313336666538353537373664313938643063633630636235376533393862323961656630
33383666656161666166396531656166653739666166363739646334336263623562626564303134
35356138333262663362333937393764666636376436363865313536633162383965613864616636
63623939346230303236353337626265396636626366303131303737653031333363633838363263
30346630363630396432343132343630666663386530366463643937353839383863306164616231
63376665653665643332663436323736626139303030633833316366326437643931353136346136
37333233383630366135356531343738376437336663333439616361316334363638373036616337
35313932396233623633316333316165323830336535643134376237383739623335353032653663
64333566373462303538363032356632376664303030643332623633363034623834326162363765
32353464626464626235376433343465313263313139303465333564373664373235376465643231
33663563333731306531633461323631623261346332313738373063303237626239383034353831
64646633383466343133616531316536633237616566633763386536643234616137643635383964
32313661323264636632373165306234336566323664396230666363396532646634393965363631
64656138396432643433363539666236623663643461666538346130333133356539306363313430
30353963333534666666623330613531373762663831366261316136363739636161653634356464
34343139363230376530373532343637643866373634313131666332313561623164613837643039
63646334393763383432613034636434303035306662306663333763363131313961383666343465
32623762376633626664383533633139363662653737646262383263646234393563623939363761
39373535633063366361303238343931336361303061343764363038353737616630643633646234
38373261356661333636656136333531633933656135306565393938643166663335373531653838
34616330633962373931383365653065616137616537313135386637653637313966353362333033
62633039306262363136383538323064343466386263656333653165633432373563643830306333
65323565636135366164653936646662666130396665653639653035313930313163633465653133
36383964626363656434633934663037656465343530626263333462386166303433613762313662
37353262343664636238346262383963363461363632333431346366373762633737366239666539
32663065626633306562623938383233386564373332653535333532353766323630323038313034
33303235356361646131666666336562336537666133386533376464383832623132366538323134
64623837386236346630356463653663643738633033386332633663663531343363306530616231
62376636323534616634326563653137626565383431613963626138396530343761356431386265
63383434653632323436653763653066646263383738366434386237653339613035306530356135
39303435613831393865646262623763613662653266373766343334333939336465363737323533
66373735643962376632343439656335633134366364653761323762303933323638316465326132
33313031303738376534623664383930316161343639393861363137623661376430326131653033
33386465393364343438626432383733383035396231333163643036386264393934303861336464
62656131323338313036373061393130376637303562653965313933316565303132363635663237
30346262323363393265366234386237613134346637383961633763666564613962653064613930
63636530383830623238323936346466633134663234636265636365373636623232663161353765
34663039666663626463653133343034396161353466363430623831363766373432303661313866
32303431333764306661356265623462626463643436666230396334363035643665623364336365
31306664396562333039366363363131326535633533346236653463326431306431643766363438
35626438386566393030383033306333363163646664303630663837613934366137633133356665
35643934303663316530636633366662653263636266313664666535373134333036633737386564
64623931323933353938346565326430336336643437336561386135616132623034636135653063
31393266336136333533346333613337323132623436636438323133666361643930623361333036
36356364646430303236663864396663356436663765323664313936353335636561616539346136
37383538323133363532313931386563323339613761303063336438656165633336363561343233
36653639396563353839633665396633663233616466316236366336313839623961656566383365
61316162623139643136323561373764633865343965663639653962613061326238643534663638
66626138303937323832663632633035323438646164396235663735363731393436623637636335
35633938613931363737646365366139333736393331343564656262356165633835653564323630
34343837663230666465633665366138316261376630333965353866333432656564646437383237
3961643033613331363864393266353539386661373864643463
