$ANSIBLE_VAULT;1.1;AES256
33343362306437646163616531653866323666643235303038643437343133633936353763333832
3164663232313538303966313066653938363130313765610a313034323532343436663834633631
32653239366166306335623232633434303337343735303638363137666561633365623231343037
3238393030366635390a346631353135653135353635386266316137643063623462353262633138
38666666646132373436396565333938653565343865663331313434653161623661316236313166
38393636363833633863373734303439376235376164373033656131346237363433623961623663
64383833613839343061353261303266333233343664616361333930373732333539353761643637
36366665666662323262376465323033373433376464356137663663656461616539373138313331
30616535356236356539306436626138626339363962303235393466626138633333633235653130
66663531646466613163613834633764633535353532653165353566613034363764346231356330
65336465643166313761386364306539353532316230623365323264363065656437333531626266
31383832313463666333306266616633366338633635386132616263313661363735393335303537
63366438633662656138333333303932363632363434663965646465323466353539376638383964
62373038393166656665336463633734656432643137383038363534666164383231326536386333
32356363323734643535313933306263653464343365336533653761366233383638623963343934
39633862306561636231306431333261376337343265333531643133363062643065646331656532
65383763323065366138636635303637663866646264313465663662656661633036616234363164
61313935643237656265313439303933383330336436643534393132373064303861666463653166
35643537373162376637313961316466336232393939626237333531326235346265666439336263
32383361323939653564386365616432353465666134613035633465633730353335363265376363
65646666313738363363633563373065323438396336313834633563636264306562313038636332
63643937626531386461363263616562383732393035386531643063373865613863343630306562
32663232376539333530386335326231326235363363636263386530323565323165383932396364
64313438346532313533323630326436653266306434316136666336663764306139646632313033
66316138356635643565616532653962376238396336373866346137353938353538316537646232
30326430306237303635633364346466616436386562643135616530653238323430623733313664
34666633393630336533366437346131353634646437653238656134323636363162613238626636
39353161656432386263626166633934626439336462353034653962333236303362306334313739
36396438333662623761633437383639636239323064306635333566373031613963623863633662
39653236663734313531393833663061303762633436336631373662326338366336363833666138
31643662653736626663303435636139346264373966353161303365653230343932633037313662
31326337363932623136393163633066656439323934396136396262633062646338646262376336
32383534376635613534663530633731373231653333353937393231376162323939383637643230
35386164366536323764303235373464623834633530333934616133316431303537366261366638
30653338323432616666303930656162333531613734336361313631303863336633613430336333
30323430373739656335303233323238393264666233636364613063386166623335376261633836
39663433373732393039303238383430616533653036353934303734303434363938646135623634
35306665313864306435316335343730323566613136643165613137663630643038623039336337
34646135363634656465343762316236373336663137396234326462643432366333333830323634
38616232353234313837333739616431336438396661656165623331306563366132646538663835
35626464353762653335613632643164393934316365343736336162376461343630636563303765
39623862386438643235353033376663326162636164363431326532643935353732393631666434
30326630646535363332336365383236353637363232336538623237656532326538353662663332
32633233643361383633643638333638616365383036353436613533313435663965663937366433
36613836383135613766616565646639633731336261366330366634386637353836353463663234
35373134353035363565633531646661616562383434366437666437323737393066363863386231
33353134643938613834306139653462623763616139306664323833376338326237373739333034
63333261646165323039313835653862396535346266336137303833316336393163303866653530
34663438656433323762306337633834656666363563393432396131383139326638646365316635
37356462353733656366663863616236386465333665313663373435613537333832666135336230
65646230373333386630663565643839633136356236643964363365636565316666313138303961
65326562616431616563303232303834333937323963306537323663373633306462636332313766
30613861333831636535366262316431663339653830623634363135303561623834303962386430
34626238376435323639613933656330653239323539396662633839353965316633303436373432
66653133326466356137353563363634643733396232336361383036663330316565626363656566
34616564626163663939306438393163316532356135313663343230373634383963383035383464
38623461623564313835643565303662643234333066623531623033376339353230646334653161
66343732626537303630356261363063366332663931613362363337646261306463386437383733
33346439663163313137326539653638343564366564316234613732666235633965666637326363
34313664363439393036643064333061366135356636363630323232393936656362323930363761
61313565376363656662656266653034353835353561646262303338396433386632323137663930
34653338313330623236303536383538306537613061353036633865633939613861333233303961
64653339633333613662666534663939613630303435373137303231636632656662316638656330
34396435393334363532313563353930306135373132643234376335623665376538363731663339
62396633313866643331313737343363303839653364323534386631393462643464643563356531
36326262393964623032376561626464366138623063353065383236653263613535346364633132
61373033386265656466633562306165336261646234613838643466626661643664373939396561
31656465656233363533303063353961616430326135646664623333663564626233353737393635
37663863343433373738646266353266373562363732316130393564623461313335383863356566
65383061306364373334333063396262376431653162323735393535313461303061656665326361
62393131666534356134383661346464323137636437656539323735643931356637613663363562
36393338653231303831363066343932383064343538303032656362323734636563363263643638
35383838393562373263393564653533363931363930333739396663613231353964373737316164
62333335363035306461316235646463656162353538363034356566663164373039616238646264
64393765333866633830373034653434616134626665323032666163653765326332616135393132
66326366383239663537653531383638363535376632633964363062333533616634316261623631
33373335633932366462373236393965653339326266353965633166303062326439333633326262
34386439623763663261353234326531346564306661313563353761376663323238333130323661
63363831363666376337333663396362393139383233613832653637336532613961623237623339
65313035336332636537373030306463366138323238393337356338643937323833653664373662
35343734383439323136323539643065336366646531653439623364643537656563666636656433
62656437623762343736376262356230623732373431363266623539366136383934666463616335
39333963363131366466393833353034333130643564313965356665303231306139343930313339
30336233626266363732333731623934343237363130306565303633646362303866313165626133
38633630383761373364663764663731303735303234373238663937636436646161646364663332
37363432376436316637616538643662393263323563343261383464383235333434303565653631
39373737396235613066313139356133653361393433666662653664666463336664396435646437
61373361626130303637383030623634383238336164313832336235623338633664623638626239
63613563623466383162353961393538323535343830626537626365386561363033313561353461
30326535353330653066356364623139303063646538383436613430646334353532343464376139
64313632626261366630323864636461626238383261353031333830306462646263376134336531
61663235613562386539376663633165656461303963666333323464346435303939353063376265
37633434353837313866343265626639346661613133356363653638376639663136386462383365
30613730373462316165613265323461366334633337326138363564333738666632323464653739
38376632663261343730323965303465646262396463663835366464306235613566336235303263
65393332663263653663343166323966626366366639666339376236366437616463376334373539
62646161383463396137613333663735383832323333633736316363616338353137303366373034
62623862343762333936363131653636613563663832326333623930343539656361376536386432
32646636333635313366313164636536306666303139336331303130656665306263653865336563
64646661666433303963333765353461336639656535326364653261353136313666303836353865
38343062303331646161313436613638383063646332393063653739356331343235346330303164
63353539646161346433333964653336396535653239356363626266326438333239393635666163
62333030353536353666336665623431316634613764323635343637323139613234613035383630
37363961656338633861646162623030626234636435336364376234366231343062643830653766
62396632393235616137393835653263613637363036346436376165373731646333353964383934
66336365623432393838306462353561323339333661386533386532313864356432396432623430
36356162613139656261393764663433363939656363343730363034373936373630393564396231
65346636383431636637653930356537666265643636623839316330333337616666386531376565
63666132643532303565613036343631353331646164383934643062646366626234363936316632
35623432333436393961646164333563316266646639356464326131346339336335343338383837
64316635383935643461303933303339303163313066383638303765323439306137623836613035
64383536636662623462396537666666313733313431393838333966303265663537663231306431
65353638663361303030636361663930646232333431323764366634323064613931666232376565
30646638356661666266346137366465616538636130303732343363353134376134646234666237
61646561323130346662356137626138653737366233303632663264363739616534663261663035
32643365303632306336613263663066363436643634366564646433666130326537666164323735
62623039363034373662636133396264363634353336323862363238346566613965653735316432
34316530613465323835613437633531633030343630346435356437326463633937373337663266
63306661316234633165353636346636366339343336386630386330656531346263643530316339
30323136386165336465383936306462326162396261396333386430313631313336353465623766
66623861383534376530646138373862613634663864613166643466316631313339643339613963
62343736336339366265626262656130303939356134633731613036663865383334376536326136
63376431653064643366346365376236363038343632663766333333333036613434316366666262
62366462626639623962306265303238633039616562666335643836613065386233646533323864
39323565353163333338383865633462643338313731366435336335343465316561336536636136
38613363623637613038653733643063316235363632643364313264353063323234353666396262
35666462656633386363373963366366383636343261613935353037313134366166373837643734
36346639666661663030356164386338346266383265383231643164373063343433613931643334
63656538336230663538346561326537616139613161346364343431323665646138363133383332
38326465363934306365616530623336383235636633383063353331653330323966356639663133
31386635653966393038643232373831333530636261633865313732313866333233386437326461
62363632363832333664653564316262353262303433626333363930383338363835323931323563
30643733633339306230646135333664376138393366363233646466646664303736613538666665
31383861633666393531323734636261636533646438366430386462313466666138653532376163
33653437653936383834633234346264356439356233373530386230383163633136333961623130
35613038663634613633373034346664636163636532363330333733386239313230636339626239
35643934653533646238656238613936616133333331653532383433383162313633326633653562
34326336613338393837623436386332633335633431633964616235653737336164643032653162
35343963383034383831326136336232376561656330316130643138366330393638356463376532
39383436613862666636353064666463306238333561313433343933393130393465633062643436
34613363353238643030626663383862316461366662643666366662643263356137633862656335
63626232313534633932343539623636623365333036393762653231326233393938316231666332
36353430376361383862623632633239646430636532333739656237623263393362633733666234
35663833626362613961356332613231333033356437373566343437623063333664303632643064
34666234653032303133363261373934303937656634336233616663383835613563626165373131
32613133626431333163623439376137656533333062623562383438616435323933383839616233
66663136633838336233666562363734316539616662386632653934306333313032616465323733
32623662386666313939636535303135333330646264386637323332306162323135316633316339
37633630393765326238373536323433656134323532633037623130643762333161353338353731
33396231646238393534393636373637653366353038393261346664396332643937313830323436
36336565393233663961353834326565336263396239353536633866663330613836656632616337
39636237306333383865633462343666376665643863393164363966653763303331336438613433
66643537646639653635323331353830356236616237616232336339663431306266336262316331
38356465646362616233393364656338366162303638623430643733633563363862356237636566
63366635613631333030656130633766343237393830313131383532386165356331653462363261
64303064353233386537633263303430613333303734633434303965396232646230613734653863
61386236396366336339353030363437343763333639356235333365616238366636656332646330
35343631363034343437656534386631616234376436613439323936366365653739316566656435
31633962666264363832363165303866353737636531336264333063356164336632306264363739
30336433306233303162393563613764373930626361303730323232313638323330363762366233
65636566326438623832393665346233393733326437303064373463653134303739396565656237
30343239316235616338663439633263616363626434383831346465653866366131653265643465
64643931383062316563666639633863366135386230306437376263646331623263633930396365
37346663366438326338376363633134643432653736386436356331343330613533386434316265
38613832653432336631663962386662323630303161396366663333353266343364373466663034
62623837616238633036653836333461383037643838316261313863643032656334646235656563
32633063313230663332643635336639616466343039396338626433656336396534383264656461
66333633633331303963316466373437326162613830343136386162613039393438353265353737
65613839663966363531646533393830346434343561626230343734333965336436646633626232
36373866653262353661313163316263643931663332323736353266663561366634313935336237
32326138386563613737336263303433616231393839656262623738373565623965383032636339
37333063623735346530636432326238633339316639393366386133373363346366643466636661
34363166653333636432633739356564323366383162326235346434303336356230
