$ANSIBLE_VAULT;1.1;AES256
36636163323430303833303164333133333262393136633139323764396135386364393837626439
3934623836313363636137323764326239316336666630610a643263336166336131356535653864
66386136373038663663313132646238666634616635373635383932373737626538626434663961
3231373861363631610a653765366239393139353439356165666165383561326266306263316538
35653935356361373431393037336531313062393435343462326432663839353135376565316134
32336662376564616530346530393939373537393136613964323032376130633261313238643962
34396166326234636563343832663639396163626130336464303336396461616463366135633765
66616538373963356639313961363736346434636664643736613432393537643730353065643662
34313930396230393863663536623066346365323631613736373964373663303962376464316538
63383665633966343863313330353132323234313132383430303963373661656637613634656638
66626164316539396432626564666432333438643030396531643734666564643338323164383264
64373032336538663936323635653464323238313134343738383132326635366334366163303534
61366361303165353363313337643330613566326531643663633339386531656164653435313130
63643530343632343239363630363539396364386333353337366239333933623937353163333733
38313439633163653234626434303837646437663033626165326239623038303834356533373431
35366166363062336164653134653631303832643936333064613863396430663761353132303464
35663831346434336339306532366363393065303335643135393461656639393037653839643339
36313765393032613131623331396331363165353064303765303633343538636666663238666563
31633362333864653161646434613361333939643561313930336230623665313439333336306137
31663831643932303632613931623136383564646566303365346337663935306336353439666166
62323831333835623032373936663433313730303462666664303234376134346165663761646462
62333137653033333831643865303864633433653962386133333930343264396361386632646665
63633736633963623964336464343063343230316432646261333463373137326465313035306234
35386163333863636632313139616532656330373834636362386130613938393338623839363764
38376165633739396136633862626336323134386464353037316661623866343534306466643862
35666239336161306363623965303461653434303933356464346333323365623163323263663133
62646635366564666630346330633832343730643565333932636332646661653833316264626564
63633564383635326662366466316230323732373864316564653266333961333765633736383366
36623932373363636431633665643731303833326563346137333235346661633932323966623837
65363935376566613361383639386231393935333038313764626236643463626264643735396364
64306235643230633466666362366564313331626334626437646364326665383234633634613936
64316165323739353762613765353537303732663234323933643433303962633133353034616562
31303666393266323635666132303037663036336466613639333939336431303262383632656332
36303734616632613061643836313163653336363135626661316566393832343030356261303631
65373637343536633165363734373265346439333434666539623536663738326439363764353836
33316165366461343238323665336638333865303766363133386439363566643135623663313635
36663461393961643133393030393336653264383965383965343562316463656539356539623262
35313264386562313033663639353131616165316234663164336633333935376133636261643237
33303066666532623536366164333761323138333539316435666433366164633564353465336638
38663864373334643961613261326564303337306632623264333239316133303433366365336637
35326439393766663735623630646330373365623634353737306462363038663130613130333362
63633064313135353863323061626336356565633132326564323030666661616461643234663863
38363966303535613832323438646235633033353931383263313766346639613236333963306563
36323866346265363066373730376563653863653263653731626435636466623035653332346533
32376165646438323533626434636132616266336436356564656465386537623937636261613931
66656334633838663938353239663566386663656466623132393461323034396462323537356330
39353063303966653866616461353331386435636661643134353066393364383563313030303739
65343666653664656332333237393038383664373938653631363337646132396636663462323966
65393833616133613865626363393533633337376636303161363162373931656439313766643939
65663239353230346336326366646237613537616438643061323931323135323930646561383265
30626163326333353262393966653331653337376264383565633433373231333336653234646538
30326438636436623432363064393431353961396132326463303834393339613838343331613137
64623937656237613933623735343239623739333463626536323935643261316461323462306634
64626465623338326637306434373662333933353837643030333137626366353439363665393566
32653535636238353539303966303561336136626136346466666661363038393036353936383265
38303637353663646237373761656630613961623136343938353132623232616334383263633834
37343133666437323038646463326532393136623830366338643738393731643263613037653037
64343966333662383431336366313563633231303635353535343032336533303532386661626363
39313035626332353937623937643135643837323938653461663134313461333039306232323932
37363561313963653065313431643630363161356366363637633630393361613338376332623363
62386663613462363466356231366265353236383939393863303836306564613965656631643861
34333439633030646338643534303263633734386164393533383234313931643234313434336637
39623264323830626436306231303261616665663835356361666633656535396162353262623663
61653634326430336565646335363035393163346638303836333265333430636162366239313134
62383761316366633935356230636439333633356666626264643833656233303731373632383663
34653364383263353737303830356432346235343035663134343466663230386330613761656438
33306161333534653030343932356362623733663437353264613461626637316438386666386431
36643736366632396635613031636639653435616162336462626662303662316662343661666633
66343430343238666639346164616137613736613562306165633366613736616232303962363164
34326339346635373763323035656639633162383435396434333462653732326539663964343463
32333331383237333665383837626261333538366166303766613538336461396239666337336662
62356333306635303635343935303566623934653436623332666534653934653133366464343239
65656336336564316433346334313533353934353436363934313732383137303762656332623264
63323061336334343132643235666137653163356265353362623738653438336535613032656266
38636538653236656439376334623330636130376236346230623164336232643065623332366662
65633635373966653734626438353363613831323432646331316232343262323933366132653661
36653835613463393031616532353836353433376632396464323665303764373836666562616236
31336365643530313037623038646239653234636232636331383234326631636137356262656336
32613539366364373637373033646636323764653566323965356632373366336666373862633732
33653764356463343762353835623637376335656661643764396431623861663830326437373339
65386436666566666536393030643339356538653936613866326164663131313230643237323933
30653765336236393464396235323534383064653433616537326664356463343238373666353539
34663461346538636666356164633062646565303362623231303734323865326237346666306130
32646266313930353133646234613131343561353964373236626136656566343737373962393266
63306132643830636635656265653961643737656562616164646235366239333230343837656565
38633031633539613230613031373231396361333933376633363562646630306534623732616436
65373531326433303635386138363437623839653266333033666430383637336263373466343535
34353537303939653539626165356266616133373861643230636637623862353361646665623232
39373062343361306534343237373565656465643836326535663638396233393938613033643363
31343563623065383464396538306562356131363539626166633235356131373036313766323630
32323732353432313837616163616531376464396132383837356633376437363062666135363437
37323239376533306230366439653536633866366562333234363937343934653834323239646264
30316166326338396335303237303836663132333763393130323861366232353434333063396137
35356530376538383539363834376335313330343630373430383164313566373166396231653062
62303638613231363263663161343462373936393537323832646231333837666431323663373439
33333063366238393361613835636264326531613732303761663034626166343937333734633462
33613232636432313235666133346165343930623937643130313939323939656464313561623139
66613038316535396538313039326230653965346132343030666632393934386561316361383862
62663962626261633163363837313661346566656361376339656134303835363431303433343234
38653030333832343134363032623535646630393930373231396531346339646634336263306338
66666436316462623935633030373938306464653630393037376137333763383961383163616465
62383235646633623231383035656539376230303062383833613032626138333633386337303861
63633935313862306131373065326132616661306237653439303561386230653839663433643964
63336539666138363033306333666565646263663636656439353632643638353631646435333039
61393935653761656664626663663731623832306562346130386465383865306230303931313739
63646331336666343566343364346265336139343033623831353661386262646439326265396539
35663934346635633763656363313835633939303535393635636663333962616662393737383331
36636162313734393535626335393335646636316666643138333762343435336465306132303265
30353965386336323337323835613765353332616638633236393862386230663232343832636362
38393735323833313161363763373865656666316135363661613035656666366637303063373536
34656633353330663738333365373735643632313363313831383638613534336237633464343761
32376434343563393864386630653330363461333330353661663263636234323839386463356234
38336264343539346531313161396562613034373137336237396563653434663162663938653438
37626163353432393564646430623162643966616363363335376234353836663132636235636530
30656263316665653535333530643365343561363561323733383935656635373637326362663338
36656462336531303866646130666439363332636261383838306639623465643563646261623132
34343766663636613331653533393730366335383265663230323361313133633935313466623633
36646464356434333532616666663537636666653139343433646464336330376632303437326666
34356534353061333937656464333735343531613462343630373562373234633835303038633333
62343632616164663232366361343936633364383832343561633839613566376132326535386165
62323061373436663937643833306430316436373064366564383037636335323433396132663362
31633439343536623831613934333938316438613838303237363936373332316632333161366434
36316336346635313538653138653837353837306565396365323335393763616137623335646136
65643535346463623532343232643565363666626330393237663539633733323438386139323237
38366361626363383231666534643063326566616566636437303634353338396166333738383834
66626636633537393630656262343435346439393865313338373932623330336561383936613238
65303434643061623437663463626630643332323438326632353564633262623662383630313266
34313832383761663735386139316365366336643961646565383231356631323361343966313238
36326138653038663265373432613065613636323936346462333261653765333361656663383138
64343361356639353764613931313637383132653361636462646535396664613664646163383261
37383230343263396361383939643432653539373932333635356239643866323165336431386435
30313262633962303433356563656465303462326138366161656664613266303262633565333632
33353333396634326232656533376261623837356162376630323733363733373861366266633434
35356162666535623533636464363761333236333264333663373233373031306436343264616432
34373934306638323962303131303162313338666131386464636336373364326463303632323838
32613331333464396464643465653365393131336531646261306463396263316663363832393561
66386632616365303166656234323633313064303837343630306232306666623864303733323161
38373361373634323137373236666231643566356466626661393965666333646631306139396138
33623037346531633165306636333037613134343532636535326661663539633637343964613336
35376262623637373465633365393433333462623564333335386563633533393235663833653038
34326231633761393664666631316339356364353466383061393639663637623333336334636331
39636637663538313865366236343135326638383535363036376464343535383130653065393931
62323432313465343138666139363733346264623665633762613436623435366634346361666530
37313135363063353031316231653631343565666336306161626139636662643137353436386537
31363336663963613639373166636137613939346431663666313931306663633833363066346536
36386139656639316632323835306638356132306534666530363866303765306335653935333635
63363832303735346236366563313164313535396131343561633061396234633337633733376236
65393937336231363434613438356131323463343836303636616639323431383866623663386264
34653632646162306562653636613161393631326262336238373436646533613335393563323864
66613538343864353731613063323330383436633161323962393864643566333966396433366230
36633534616338323634646135386139313866316663323466343033613737633763383233353332
66633762633230666131303235643935363335336465396539353233383563333336623564366165
61656236343165366466323839326236613531316533326431376335373362306334346563353266
32613632333638383036316566613939336365613365373836373837663036623764663335396639
38373933656432333861643431663566666434396435303030393766373134373333346365303132
66336139626462616233353762316361653436363431346563313364333830366561353864663839
31626539646665653662356236666535646566333663383366313235653033383663343161353735
35366538386262666537353961316366623835353931316535343139346331656139316663366335
30373630353364333162326665306630346661316334303963326338343339646132613265326363
66326666376135663534313665323531306532653932653030383035386163393037623166373239
38623630306261633234616638383263356232366239633936346661383532623263353137373635
33363038633839633161643863333530303736633865636637326163333462333535323433623964
66373963396139373537396665643430323735393934376234393432616330313066653462303533
31373064346337303864666435636137623238313836323062313361373338356161646134326237
37646637376533376435326461336437313034316530653863613532383761396534633763653133
34366139346532633366333062373034336438623266343734373833383363396164653435633539
39653066613863316561633533313861303939376234346231656637653064383561393266333364
34646432336433373532373031646462393034616139346139646363616163393838363932383730
35633836393564383936613063393265393664653161313239333637333632396636663939373037
62326438376565363264383939663365306565633364633865653036306439666536376233386339
64363461333236356334386465376162616634353563363133623436326436633263643533633935
62376165306665383938366365643165616532396537306632333936386362383262323564643262
39383731333433376534326133316165336463343231336238396634666130633739393938643532
3265363732383433323762336135613764633338383865633931
