$ANSIBLE_VAULT;1.1;AES256
35653665343631346432643035666435646236346432376564353364343165656534393662376462
6363336632343130306432323237363837326139383931650a666531663336636233663435353735
64396564363565306361303239346563323838343863343965343264333163613638623162323064
6231306438623566340a363565353639636535336366663331616631373131346435383064343230
62373031623232636633613364353834313764356332666137656237633236663766383635386365
32656565373637666433646132616439313935303931616533303063636138663864643435666162
33346339643765343365636236646465656161353737613062626432666431346634313932326665
38346234346139383135303963346236306237393038363937333861613330313038356564333963
35353634353831353765366166313264323434316431623338373366393233373766346330636638
37643430383039653833666438663535626262303437363864303231333036343864346330643437
65313031633337373430346234663437623962306238386138356236303364323261333065643464
32346230373335656137613232333134306462343138633434653265626663376562613436653165
37656161616166336630623537306633396137333735323737653731346664303466353838616466
31333338633235376337616562666638303737666333333063613536653162623065616133643461
35316438363764663332306138363566643332336138613363653965343433633462336565393533
32656266326531353431363231323133653234393261393533343432306437373565353630613732
65363836313735653236343034346530383532653663643564343338663662323639366534333961
32346137656330366539666664303932343838323962653434636161373536656135336236383336
31343732663466333633363262353462353965336333376439383732373766313336353934393437
66613735353462613234386131636239633231353666383237393466353662633734336639396332
64353034386435383164306432356336643164336538323835373630383133663032663832633032
32306464363333383665383266363931313432313564393761346161306532393432626330346434
62366130376135643536303462343636646634373035383538346264626335623734616363653138
31356634626431336335313031343765323562383032653432366237303964316133646663353634
32346237633162386563346265663131346166323838383365666534363032313935663134396633
62633061393936623266363162653765386133633430396238373766356632323839363534373365
63383330663335383531623764663433346339623037326262613865316563626465363134663066
34346162623035663033623733633963626339623866373331383230316131383637323433356437
30303333643331643034386330326132303438343631326339623238366230626231373331343537
31313961343335303964316562363335626161313430626131343336613563336262616633323466
64316433303639396335616466633834326434313332333237336263303431363762396130356537
64333832303266633134366366653332393066616166343961383166356231656330373330356538
38643233346533396135356637636432616231663233623139396362666137316434373533393864
63326166343231623863613037653236646534663533633835363931303035333731353236323566
38616461376330633636363162363636383431636231643230353433663138663438323732333363
33356432396436616166666436353038653730626563366264373535326336633063306662396634
36323165343261383035653433626662616235646139636263343333393130386366616433633262
33336437383938313636376235626532643431373630373136336134353636333132643635316534
66393530633333353036396537626462666234613862393335643336323631343335626638363830
36386433333037646266646261333166613232333862363462663764623464326335646662343331
33663365336336616532623662646263636163306233386636633234333534316261626432376431
34363835316661666133643464336634613030356634346361353131626237346466396566613135
33313965373131393966366433366561653933356436323362373638303734636135306333383838
35623238313961366434643939653434386565636239666639323232343631386338333161616637
61366131396432333662313634303062373030336434393831313136373762623431373663653862
36366536333634373566616562313138306432363338613332303738313830653330633131323863
36353564396464373866306133613666323032396530323162656361613261326532643334643233
35396663643266303464613465663162383035666362306639643536616630633337343637626430
33393430643065326234303730366665393130653230326338613435333662393363343132386265
64343164363135303665366465353932623231613662653564323531343263383930313939653866
64336230306436626331626131303264353065336364396232333633643861363939626666663933
61646533646364346366623439626139313964313839356439313539363561666463373066656331
63636362633233366162336561326564626437346235333061643336343733386138663431393236
37323535643162623935313764656438633839646131373563663038386138653333333361336433
36333533373862356130393031396565313762393965633564616536333064636230623762383434
36383333346333633665343630303139313331383738356462656665636531373039633463666532
30623963366366373861393230613030623033373966653331373034633933663837313039356435
39366230316266643136333437633133386462666364343236363561343038386661323630633566
66633662633039363664383161356233623138386533336461303564656361343064626631316432
34646337373135633465303334336161336363623231373365336235376432353339363938643664
32363963366366653231613438643533623332346431613232626331396633373961336531373037
31383961306633383161303132346331616461306136313635333566376632653234356165613461
38353464323463633561346236656436363865663565323037323061306338393662316335333864
39346234363437353232666665633930353634643864366565363161646439366436336562323436
34393366363638306634323032623637306238646466653132633733343036623139346333646633
33303439623934623439306230323539636162316464643061626563316430366339313939333631
31623563333064613234396630373734643561313065666531396130383165613562363530393136
38623536623766323437623132613666653962373830356335316433623932306239396263303731
65613331363238633838333937396537643166666236386164326132363134313038656433313661
64336663646234626463393963346231656339343161353866623139366539386231633865323837
61663238333033613761356361313338383032653034376331396638663635386463306533653863
33313432366264373630376433663337663335646536616135313234376331363439393563383862
39653664663666353734666266613439666561613132336638373764626136663936393639616332
37666633363637666137666638356365353733633837353132396665623663646465326630303831
32343832643561363065613038623763306434333135393361633332383865366339313564663236
32383162306439316636616639666131303030326435336131613865346462626161623930366139
62336462333462353731356531353063663965393537326432306334376166353439646266613135
37663838636261386636373530336661636137306361303033663034666230613935646232326432
36623837333334306139663061336362663035323466356261373265646461366638333732653262
32346134633539303565306232346333663038313937623037393065646162376566343861643931
34363634623135326333353335303732656466306561323564613438333166643566363931373331
39373834353235343365353136366463356664383739303130373866333435663962393631323034
65346638663638656132636162623231353437303265376333633434613936336330386237326136
39613161333931306563323432353436356539363338656432643439396563643262316664383936
32656135663233643737376638636663336336306633343366666262336266353531303933383531
38343762346435333735396165323762383165336537623532343566303735323837633337616661
31663730633139386237336264313239326564623335393365343764316464623432336636653965
66653063303430646634393430643765363433343437326430383464656665383263633661326430
64373361356332396665366264346533336339663438613931356130646666363338383565313665
62646565323563366431356566643938623664396133653930386462393065353932383839626630
39353633376664393131363661633036366133316161633566363239336565303233363137363362
39323865616339653735666236343365663462356430656235313864303632336637386135386664
66663062633765396663346239386362373362323435363264646265396330346339363930333661
65616233613533613031336663333536313361636630613833373165626532363065366335663239
38383238633132336437323033666230666164306166623734386330316164636261366137363036
66663933376665326337393264326339313836346330363062396661356331626239626530316432
30386162653462323832646165306362393834376637393266656133653065313061633636616230
34336264373062316163613837623934313065613633333138393234353933346630336432306565
64646135373333396262323438383262373236386131663538356630396330353661643638326666
33393133313735393334643234316332663764326264316235353261303962656638613364623333
30376133343639616666313763383233313438626434353735626665666665653639623335646135
64303631656236613263653865663634356666346531353632613363306136343964393837363139
63633961636365396361653331333836646265353833313634356666613663666532633636393563
38333962306532623133646262303330356332386330353438316334303965633234613161646361
32613262333730633530353336366638323433303136336462366139613738343366383633376133
39346135383138633064353139346536333564623636336564343964323261323039666462303634
65323432326436356434346437396662666439653036303163363231303465653235663030636466
63366531396634366531353037303738383336316561633533626538366139666564623138383334
64633063343431343835363035343766643565326330396662363834373166633330633866343236
34376630366132306634303331346161343136343130363163393063353861346562323166636166
62663130343537663264306262393963646338656237653930323138393063383235353131656262
33646435326664646365343239396162336463366362653139616363643838646133626266623334
34393736633233373530376464336163643835333761626134343131333037373638373732646337
33346132656433653135653335353632396264336538623136373539613338346634643966343462
39623663336638636536323733363262376638316262656237326332366163393263343939386136
30366463666532346130616533333331643866626335643164343030633033633461316365666533
38316330366166363738346261613738313838613463383730373838623230663236373236646230
31383336616264613134386139383436626465386137363163616531373135646665646638383937
37393037323531616464633632626138356339663330656435633432373337316539346232363463
65633835663835376661383763363332653733653365626430336134316134346337646666326138
35393031353734663364366162336161303139396633326135363035356264643233613064666638
38336130393434646536613735643264633636643938323831303566303035656233383333393933
33646232663532363063616461383832373965643033313530363565623639356465623463623663
66393964343662396239643266636164386632373864376137303337353837363262613762396333
32343537646638353331616261643863346239373763663130626537343063396532646462623435
30663431356336653634326163306462373235636564333665383331323935313534636462383766
61383038346562383435346630356134396465616561336263646466633061346639633362633630
39653632643032383830653331636365613439346632633932643138666635626565663363663964
61346431393430326236333234616335353331306166666562636137613739663965336632666266
30313036623865623931613636663863353337623834356137366135383461633566363334626463
30303735343461383736616438636534653432643465613534376633383937316632666533316436
66623765663736383863336239393139653437376334343461633066323933323230663731663539
63316665663138616334386437636362613061363230666662376337306539666130613337373835
39303430393662323464306136373666643036326162306439643232663764653466666435643663
31393030363334393030373962396630623935373437363130396161323630373463303434653238
62346134383432396666363439633031346364376138343233616130663138303734336436336333
38316166663633613439653762656235363834636463393736666636323839343738633239633034
61643961326336343030653862666565363037366232666630636632663965643566633438323937
33336632356233393266663237623534373165363133636630663966373136393065356234323866
65383062633264316461383637363636393662366161333562383565623663303835326332316233
62623561356234326332303061303663636534653733363039316436373834363065343038353539
65303162393633646631333135306661343062383431616436373463383832316237653233376538
37343163656536393538383437333332613830666131663730626265656165306562363836363037
31386234636265653132303738353264393136646134376439616663666333656535646230376332
61616234313563316164373339343034346534353631623936623334383235333461303862336638
65343666313038653035313039343766356134383932626438633934393130363630323930353338
37383764356465386337336230646430353638646138363735663931383133313661353766353635
36363536393265643432356536656237326233653531393231313833303262346264623835383863
36643266616431613833656635663064666530376164613933343131386633656466313737373432
30376536653636353364396463626266343461396265323539643934396237633637396639373232
35653734646531653933306634353338333264653031313934316239326363306364653132643864
66363531613762646232646439333234633166306465356362363062393662656432386161383733
63326637336238313830666531366333373239316338386261616366656466303362646565666238
62323861356162646366336637653739353635376536346436373836386235656164626535613462
35663163386234316131313363636230303133363031383130613666646137623963643534386539
64373233373062393066383531326233326431363332653162383933306165633034353931386364
64336362393365646463656630343937653162306564626138616165316463343633616634613632
62613131343761306331363032376132613763613066636462346636353831663166396631613330
37373438313962363235323937326563363330623237303838656330333336303866396166323637
61336531343830303935373964633665613962376263613866376632663734356439346430383433
62363733623062663461663437373230616661326466326337663037343461626161623434653763
65653031376539323834343739356264373933313432363563633562353130633435373764396230
62313262626435386537343632633364353435353362343835656562323234313638373034303130
39346432323331396330396433663830363131646537383234393836663837623132336339313033
61373539313038303338616637303865323138363965316365643763613939376133623734383236
32616165393637643336613661306337363733356431663536353736393534626233363435633863
65316166343562613031323031643332623738353236323532643666666164613966303431626536
31313232666431666138653235323833656434356565373362626533643038623861303131393433
65303163343466346632303439366132386465653531333138316437656231326538363061333830
34363337643438316661623236306138383732306530326364666166643737363836636161613438
36393862326365393565343136353638383739346439336337666433333932666637643833646331
62363130343831343838326338376365353339393532653339653935646133376362633665346264
38666235373736663136666336636631313030653037623465613062363961346465
