$ANSIBLE_VAULT;1.1;AES256
34303262353761656161383232623835306238326261383535333339653432343666643033633131
6336666261633763396366343039643361666163316663620a366264393835343535643839373234
62323838333364643536396135366562343162353064303637373032643132333663653532613363
6339393736333732310a343364313632663362613038393963353330633735303261326633616437
32626434353265323835333764396362323332306533656333323836386239663131383365376638
36323435663331303437626332626533656361333362303638383666666665376165653530343965
63313362663566346237373834316132366563636139396138363336633030636163346333663264
62386464376637373333653963636639313262623935653665373861663832643838336465633135
66323765303961373137616465626363333462663666633639346334656235366361376366366134
63653231393936303639383938363832366134656465663162346361393332623030326533323037
39373930393239656239353033336631393163323232303163393337346639353764356332393632
38313533316638623737386636343562343637303230646231313237636336303964363734616265
30343130393930383631393636356533306566626535373737633631333964393533633133313835
65346464656630396261393766303463623963373131623364643534633630376639303337353538
64613938363731336139636261626138333561646137393432323834376339303636353065383332
31373866333438363336333837656633313463303066613936376338663264653062636631373539
34323831336232376465616233346465313338326336336237393062306162663365633463353031
32643066353732356136616466316364636364353234356437663561343033643963343664393633
39396266383363393135306562626236656234373861313335326437353330313431323930623364
37616632663661656335356432356132616432356237356239333263663566633261353565396134
33613436323663653633353763643161303366643230646330386161643565366462656439393062
36393466613739376134393035653431643432373932613163613434616632363134383362383631
64386364653463393838343339626337613730626263343937316630303338353638663061393862
33613735306133653938333332393236386137363064393262313432376630303066613664663963
37616633386634623933643763343832333064343431653765663164303637353438303537386232
61323533313439636438343032623666643632313766626430633330316132386431623238666237
37353062633939363739373162326535323862363339396232373665643961343164613030653032
37333261363666613431356536346363656165386466326266316330633230633832663035633938
31633464623664666464363463383066353764383964646439383562333631383663313636633039
32316132633063323038366535663763373465383539366232313037396636313961313537633439
34613432316233346139336632343834623261333631393566383264653963643533313365303430
35396161646133376336356437366564326535343061613331333736383830313033313665356332
31366432326335653630633833306566356137616334323961396366346665383039376230373336
66376430326635313661313164333764636630663766363663386264316564313631626564303862
62626634643533666262396564326237396561383561326233343666336262363063663363306131
61316330323665646461333339643839626239353534373934373664316139343235633536623733
36616633393439653939373434623662303434646632333437326365636434303934336439613134
35636362353439626633616334346236623035313161356663333861363430646261633838663562
31353837386431306133643661386434633664393931623533333332386138663036626136386239
38343933643430646532663562376330316632666631633862626336306266323937343230346663
38663337376332336165323066373330373837363230633637326361303131636439386332663939
62303136626262663236653165376437666132656265313436396464356661343564376533653562
38613862636333643132646138396439616236333838303862663439626164356638363535303462
61666532323763353066343537386364653434373765383230633936636537646263336636386139
65323731623130363234663137383039306533303861653435666263613064613063653230373866
35333134666330313034626136373238356661323263613535653030633866393535346165333236
34313061333437393861353830303337626633643730323430353330376439313337383834333535
30323139343562386130656134333233663861363034653638613731626233306161326538356262
30336263626530333034646564646231316433383436656261646434613231653662666566663336
37333730653665383761643131356636613961353633646136393036613137363331323730646539
31393233303061336234646566663839313839633461313331653734613433643037373664356437
63633265323137663436643166656265353433653262666532373265376162366336623164353063
61343662646536363535633762393361353863393738333130386431356462333362636639646463
62373561386566633933323465383935313663303662636434626531663364653431653266616439
34613062613932386639633035333235353539383033333266656435643662363163353939306434
64336261663266343033313934376235366636376536303338376132663038333330656530393061
37333830393166316466663865623862313131383062633138663761316337343230313130313061
64366430633630633864626134613937333234653663303962613332336366613963323338623930
33313436366635653834326633646137373433313933643738313531303764366263316437363336
31353138646538363266633335373836346665613163383332333066303065316234623738383133
30306563386461373335613537343437663831306561353235356433383266656563663863363138
63326533306635366233333933623532343132663330396437373737643562386362303462653635
36366530653866613461383733323261643762666261626562646633646361373634643463616233
61313066366635313736343563623665353837376464306264643831653531623737383566643434
35343534363231316561323961623636343864363538633264303138643534323730666166316162
65356437633762356662643838336638663739666235323564373235316236326164356165303930
37663334643630313734353766343931626233343538616537306335333031333361366135333465
62376238663666643537383737303861313038363333346362613530303934613863616464343361
63633436396635366338643932346562653636643764653430383738316561346131333033663963
66656464383031656462356565346637393432306566373162666465613332393966633438666236
65346233373266353163376464353866396263653637363663623934356138623333353635663066
37613663323734323762623735323130336664623061316664626264303534653933376565336263
66353263313763623061616633316461343337306231313531396630303732636437396534636530
37616330383235363031393064316637653961666433333362323232343464643635326661656262
34343631623736623462646432643165323239333364313638663134666634633339373434393937
30643832316364653639616238653639656534313032643038333066613237613735373762313330
36373837376164393930396161363635356236633063336163326266363630303035613035393438
61303063346237323734343336393238383938393665333962663231323135383336336630313432
65653230353935386565383733626235643237636338616339393830376161316333396535653538
36363136303562623265623930353936346637663039633665393331393636343463666337626238
66336133373162616339393861373934656361376163376464663839636266343837306239306561
37326235613332643737643533393734643365353233346138326433383630333631376533326464
66383765666663336131616134306631326661396534643562373239366632616239363562303861
31336662626138643632346438303332636630303631383537316135343836653232626461306334
63366664623532323062376265336430636138333261393239306637333035313364613865343436
39656565393933666538656435653036616433653363613333613764643230333139663734613232
62346238663165623565366134396232396366393262666534303130346135343834636531383233
61663635616262393266626364393730666161336535323737356663363935633266656466633266
65386432613238386366393064343562346139663037313533366265393563353033373438363365
30383862653031366262303062643130656466396335326234616665306661643065383536333834
34306538613566346631306131623962313163386436326566663930303736623139316634613933
61643762623962313766383830376233353835616364366466336233326636633733303036643036
62646335643038653563363433316364363535663634363034396633323966366438646564663663
34376565666537346130636533633237343438663239336463386565313133653731343833326539
34353936353039646339306464666661623335663939383532623238656437353461393238323161
32366233363064366539643465646539633434383863383930653033386135623165626537366338
30376639333063336336316265316139663633386338336339383139343265316437383336333733
38643134653965666237666637636263613933663130333533386562373066376566636164636639
33396330363162373838613235373762333563343763646131363334303362643361366130653135
66343063666534626164373864326537363865643931373738653238306339613632643230633132
34653536386132623434316436643233626130333366336238623763383133663937336535363063
31633564333365333131653062333037373134613035386337363933333564326163616466636534
62356535666233316338313862613237663138623666363836323061626362316631376537303033
30626663623530343133333163396233353830616637333637393539333366366463656637363361
31373964333661323236353530306135313462636339383137326666393537383037356537643134
33343662303362326331333465626136656237326536316138653461666338333262633261326464
31396635616536383333316163613066373762373165613261333239373563643235633533353733
63613333323035636433353939623331383565613066626538643636393639323233613166626165
66653534653661333562323831346638623634626635326439376532396566316164373937616262
37306337333161303164316363333336653366333561356231323930356166613365653431363361
66663830616432636464313531326534666537346465353963376136306636303638356365636133
33656131336231353561316136373362613333633438666633333837336166323136343961396561
34363461326562663831623266653865323831613030366237353832333437653936613732353264
33366463363765373231646637646532343034633636373036656133363763616430623035623539
65663637373234363264643632353262376239663634626236386338383031323734383532633635
65623033326133323234646631663738316165663761626132636534386561386638336262396536
33383835306230306364623235343133323530356330343965343033663237323665663962343137
32383539643931373566336537386234396531313131616363373766396537613037363961343562
66366636313433383961303463613739386465393463626532623866623332306465663438313831
63623133303165313438356135643464383933346665353864333037663932353564353561383639
63363661326666333237333235386538393965383533643338623063303236356465636135656636
63323839306165373835613337383433393136323963663364343831313864353631313131366339
33373264336430393538363162643131623264316239303937623839383833663661663062653863
33653566373738663664323731613162313366353931316437326132346137373235303065303131
63626531636466613632656531663439333731393162396361303565633433623931313739303865
38643335366533303732306266666266666263343337343136326537303765333231346634356337
37323764626131643435623736366436346536306265393163613863393862623431306562363265
62616239396430373036633366663961383565333061353730376164653162303837636336373339
30633035663130343364336566643332626138333265656230306234303335336234373131336531
64643130303866633732313432643436373738323839386664323437656261623366386565386461
64643332366234663433376265346431333339393264653166656637643963333732313765346131
34383031656236666231656630643630333663326132656430353936363132333737353136383730
33353731643361373463343633353762653765353664656165356233613936633562653739336139
30376636353364313462393738363735343534653531393334613265373531396133643163366662
62316265666162616637376531393736666235663562323034343737666537393964653736616530
63666437616662323834666336323262313937393764633866383239343838623462326637363834
33316361323066623833623136383962653534316436663136616563396432663830386534643931
64656539376438393438316336396635356664373437333737303761646238356131323761656562
64616134383030643061396366643665343863343864613630666433323333666638393830633963
64323061653664373035393665353564656538653532623537623731323431663364363761633639
65366261636361336634373065343635336365653062343064623830333661376439346235633963
64366165386136383561383837326331643932633662313238613061336362383736626561616161
33393561616636653561303561373263326132653531353539353435386338313034303333303636
64663831356138306264303764336633336565346464366362343666393461393534613662303262
38326564393739373962663134613232366637383832323339613762313837653833636533396630
64373938623862366537633961663263306136626166383438336338353231633939643762396136
38363736303739383731616163343461396566336630363464656535653130623361383930346234
38643734623738316331623964656366396437626438666165653938363030663039313534313831
63386664643239383134353836383834343534653432356665663064386566646430643138643663
31333539623734326239343732353865356665396233343265376435393236643338313439333165
31356161656165666562323534613739653037393562333938613933366662613130373366663536
63623930653934663137303564356663626666663332316634303936306237386236303538313631
31663631633462653738653830316363636263626136316132376265376531326135663831343762
39306361333232323733393539333361316639613633373931323538316235633736396536633835
32343838323335626565663662346134663365316131613139613331623766653333366561336535
30663038313633326364626137366163376131396535306432383336643861643838396366653065
30646637643237363831386436396539376536313038633130643630633737636264303261663565
64313134303133633938323262323939316330646165386239613430303030383639366436663332
35383235613461343033336230663061663762613564333466386235356334303332313638386538
37353833313331663837303833363139366261623131663431366534376564636638353763623535
35303933363265303930613961623430623535623438653861663437326437633864346136356337
63313631346236343739353831373330346632613962666265363561623231383334656132393835
38636162306238646431613631363630663336346434633035626335356431663238323365306138
61616562396530376465643961643632333036313638326133343737663432326166346634333664
63313037336363383564646365313263613631653534633037396334333435663139633237346565
39353438316332333564323439626135356536306261383739353137663739636630656463373937
31313435643561613535656530663164346437616466356336303533373233633263343938383839
61656463396561376566373765303532353536643834636163356338643063303765613264393164
65366162646463633032663431353838373065653166643235356364613138343130306638343535
39643235633762656534363166626139346330656532636364316635666363366237376133383764
36383666336266383039393661323062373839653065386665623736303563613663363337373365
63633935353233663461303561356535623166666439353539643566303039323237386132363034
34333231623334313930626635333034303735366539343634613764303165336466
