$ANSIBLE_VAULT;1.1;AES256
62333864623963646663306666383533666538613464653836363330386339646234386232316361
6437346630636134323939313866623938376533653630340a313136343136616434323663376566
64636666663334383536643935316366616532616133356534363738643831313065346539366130
6466356438643232640a653733323563313833336135306461363264653330396330303936333462
65336430373836616661306163303037316631326236353465333132333036313931623661356166
63336266613539353234323666636364393163336265396634363432353764343838643666623464
63393333626135373035613464383664326432373162316162613864343338613234633735666437
33653234326331613366653438666438356532656165323163663263383362643766653664643061
65613361623932363935663738633661626633336464633536663532343965353536363966336339
62356436373931393334306435313838333961613864613162326365306137333165636437616466
64653035383862386461383464306438306530376565303538343937393864303861313565623531
35333238643636633039353561323230373964646539656633353062383966613835653535363932
63376334373530343934313935616661623630393265396439366265616635613239366332326532
37353138393166326565616138373365663064353134626161386366386435643964323031653432
36376231313630613838373534383634336661363632383337333166383939313065303365376235
65363737383164356430623932343736333634306534366331333231363763346538373539653030
64623833356530316338333334653432613333373734663763316134383062666336333261316566
63313634336334343032306234303030303539633434356339383036356239343936613062636439
36633365636534376136343731633663366230336533313432373232383461363532363565363533
61306533313266396265316139323239323433303233383335633862326264353561306630386631
32623038303662613433363830353264356234636537386266343339363237656635393437386166
32373132323039373762356664366334303762386230356130343735326235303838646636343839
30666465333339633061303431343861373537346635316433623363386235346238323265636237
64626333666138303762353664313165623364666263313330623363363339333436396435366230
39363062356537393532643364646231353832303439666330313263653265323237663138636564
37356536633062353137623266376433376461653363666663613661656463316530663838343833
38663863393436343137626430666530663632326130306331373635363734663936343338323463
39383264666135386436636332613166303235303061326263626165323232663934336135623861
34393438313838633565326135303361363366313836636564623164343666343133356133373261
38323164383337383338336333363361356365663565643365663564616161356435303533633134
63613761633038623430646433366238303934323563633266363636663838623833653030303332
39626364326135646134356639373666656630653231346565626238646165303133656636356562
33383132653334613230633939636664363136656138316233663338353039373032646337633961
31303762336165376265663865646337613961326531666232646132616665656330373136666538
64356534383664343230663036306236616431346263313334333638393439383239663162303464
33376266663631623163653636636162653232663834326666666334346231333531623866333164
63313038623334333030633164653439333061653336336565626164653161616362343234313636
61356261353131366237303739356463353633363636643765373636356637303163306436653032
32663761386537383262323265636334343263326665623430666135313362313136363936343231
33313662376563306565386136613064303164393331656135633361386232613564663537393562
35333139353265306338383938326435363336353133396230323530323035353238313664656539
33393762643635303032663664306266363866613261353431626265633835383230333266336631
65636661626131346536366161643332383431303833326230363436623264663439353932346232
64383131373932306638373633376436323361363836623435383831373364303731363538626161
64383333346264326461343564613438373562633436323661613562386662363831336464343266
32313537316165323864376363383637393061643964663564643666653336653438336531356235
65653030386134393137636339356362303433303465663862326130636138366237633664363562
38336136623538643936653330303536653266323761353839613037653435356636363766313463
64353563373534356462643331353761303536313439643864373262333134303263616336383438
65326436633964623765633435316336336330623930623037323066646330333831336465666166
65333438356164306638363737636335343765633539336266623736653064363634303432303637
65396561366333653761346235386634396361366164663765393261313763663637373661633234
32303634636232613262663835333665366133346230643837636639656233336337373932613837
34353938636432336161313961376434396339616662343535396264303536663039626232393036
63633639396366613233626662353439626539656334646231306363346532333139333336626237
65333864663934373463613961373833393030653163633038343464333330656437323837346234
61623966363837366439396266656233663330626564346138323238323031383366373838346463
66363532633837663464346561316239336633623833653536313765313838653834613366626232
36626662393762663964666565343635353236306530353363323366386335653362343936303962
30336339626263386335303331376265396266643733623331613439313331623937626337336639
65653838616337646336373932353932633364303363373331393236343435316434383166353334
64373634386437376231303631663364323764613761663364326239383339653832626436363331
61336334666361343137363534313736353639663237336436386333353862363663393638343763
66646638343639653166653861353766336265313031356330346639663134653232353865393762
61343538376164623562313139633636323837636566643532353131343338363438386561313939
66306266653239663231663836636366656263373561633837663831666439376537386638316537
37646663613237323166343532666164396632343161363665393031343334323062636633383530
36336434303365646639323334643834323939373037643637313738626265646538303733653234
36656561626130303633303937616338343064303030386234373131613063336130353835313239
61303336323933383738303335333663313661313631323166306364386333633163653639633639
38373538326634323937306463303730636339383534303435346437393739353265633431346461
61623130626233346338663937363763366134383161656530303561373836383137383865303833
31626532636663373835323466373834633530363636623833616535666561383032396632376462
66343735636635363138363732653664333762376465653334653535393235326136303639343563
64316131363532653038616235666238646130326261376234393832633036643531373634336538
39363165373861343132396233376630313737333638353834393764346663363938343566623466
36663737396366626530366331393433656331656231313431636362363061383232366239353835
31366364313865316265306164373562666662373536643363643336336661396463613532313530
36336236396339303164316638346162323434363565326430376464646235306634366531636539
63393831616135353832306562396561633763636364613435353361613335353133306665323935
36653531383630613933353337333839653137313336386133323361356235656431653462313561
39653832656339633339306136643130313561306164343234393136386463613766313636633361
61333365643637343235343135363939366666356433336138363838386134653534336530653661
32663434353364396531633631653539326566313539663930663765303261623966303834623932
33353465393862376165333938303737333631383132356431306535663530393462343038623862
63366661326435343366633064363138636431393635356437366530386466323935623164303132
35633561346531373230373637313335393766333434306137396630643066326266386130356462
30356562303936323539323463653131656266306639386236663464303061346630613864303035
35633936323339373664396639366462343633633432303530353261636536663839346630633233
34656363363466623831306164326161383435316434653431323930333163303664356562623664
66643563366532663431363835363839333334356365623462373937663963613566303163383332
30303064353762366638366230353839396164396537333434303937653863353965623861333162
31643162653062323738653835613663326365393636303062646238613136653635303262623731
32633433303965306262363633303361633662623933373731343265346130303633333961336466
32666666333265656161396237306532316430333435616537306130653237346235633061346536
32396565396431383837316631646266396331346639323639313638353064363661343766666465
31373963326538623665383836653161303239386136653131356631633838373036353031333830
63383930356436353138623936643965356161656337363939353935643733313564633964363036
65376532636232633536653663383833363166333366623538616331333162633132323038326630
37383739346234633961333531323365363662313739343036666536646632386535383034633563
39343162643738653634333536633432376236616163353963356534316631343839323130386466
61366230663637346366626663313931343565376638356364336433663239313838353331623939
39336334626632373639393031356232646665363035333465373937326333376533313437633034
31363035303064623637393665363335363838663430653264356439356134356238313962663034
35383639666535653766323738353536643064303365343861386335383035663535336239396265
65303039346635653638666130666561313136346437316266643230386531386432313736643430
36333963363231656339396533346331333461623738616531643664333932343837323762623030
65616563653962323563386630616561313332363532626639326664646162366139613464663463
32653362653538633061306138396435333133336331393939313663313236316631333864653138
62643031376566353036336162653838363731346161663936643263663630613332366433393330
31633039633166616263336234626438363131326434313234356163336461313035373862633861
31316561356438623666316566353233376265343138393064393564326539616130663636343766
63316461363765653031303264333931326364393634356564366665303662343235386538666435
64303330346265373864616363346433633238643862353737613465663832336534393933386262
66363736656362623738616264333965333865626464643737646663613837356137356631316339
35646534633035313236303439303037333131363332306637343061653035363961393666383233
35653430616362633466353937663431626639643638616336326537373163336438353432643762
33613465383335343566383139303263373038653235663465366366393431366263363039663931
64356638326466306434393235646262303565383531363132303733353432313062353266653163
65323537386136613031623830356336383163616435613737383130636535643832656336663566
64353966303738343661663139373266323032383866353339353665303865646331643534633739
35383731643532326637626431333161613731353836653535656463626231363135633634663966
63326561623437353130396264393633376566343539303931306232646535663532626231353363
33623436323937633330613065663734626231653365386236343363643432333063393336336233
61303664333766333966396136636361666132643432326230373266306631383366323263653936
62313165393835313862306234386162303431633031313261303462613735396530303631356461
32633537363236333730633731316133336463356665303836626364336561623433313361353563
65636333306437333638653661353166633238623233316666363161346230386565393033653937
32306366383238626333323966653034363038373462323964323935633639303865616462366665
32643634373532303137316538653339333932303864336334353362356131376136653961393931
62363665613838393939396534646162363839373733313431363964303130316566363931353331
65393065646538363438313364376136323037366162323339313030396133626337316266323735
63346431356436666263356532613963396661616331616262373730396435323233663132653932
31353166353930636531366162643561316131323032393761363162346334333062393233373635
30636237386463616339356563303331366434376261306139346435306530643530626238633031
34656336623637366431376436373237633362663765386439663637663036626161323530643339
33633432363935363265346134333634633337623132636237623064303062376133366339366566
66626636656434383430336137653066653762323132396361363831326538363962323037353033
64616461326336663032373963373330356561653862373739376130303663616439323534363435
33636366643565343637656131343762336435363534666232346239393539356565326338633930
63323764646137636633373637376536313939633931376639623164623439626238626632396332
36386337393233363463613135633234313361646231356533353035376433393766633935373932
30306461326534643563316330376166306263613065663330653535313431323765636532623435
38393932653430393238363037666336333431313333313365363761656139316562353064616132
34303333323839383233343166623064386137616339326332616362306632333131333036396431
62356534323230343234383035613331323637643762646139393836373865346233663836313636
37323731333561366439303064333662623532313862353032393163646631313338303932393937
65353931656666613161343830616531326631376232613662343865656332363862316635363139
30363462626633303137383665386662376663636230643961626331633761646437663664313063
62303339386232306532643833633565633862373963663839646532333534343831656532653264
34616232663161666361633238306430656331353035633937353936383833633165653933336265
30656536376665653232376138366339383364343731366466636231356433653336643437616239
34633332383534383131306366323538313330386430356465396637373761626536373330366337
61306363353836656538663439656564633034316332623530623731363638636666633534656563
62363839636566366639626665376433613233613365646535326130393833653162323164323638
31393933313034363763303831363339386138383136326334643364636230343464336137353761
38643362316538313631316436373735663437333635366134343531653561623336343763666536
31393338653931386264666161643034353764386636613264323938663633366436306536313866
64336364353435616165353131313162363631633233663737626465613337393065663865323232
35613366653161656336613337633966373065623830366463306433653931383166333532336365
35613539343833343534386366386162353934323165356364323338393438313662323434323637
65656139353737393737393839656537616365656465653030306136373563613330373336636230
61303730373064346639326533616465653931336437356434323836616463313962363237353364
65336539336430656336393133636133386436386263383437333636393661366333343331623437
64313037343932313965646132366261376138636236663938653063313232383566313961386232
65613932306530386435623435636463623363353761356562343130376238613633613338626136
63336462323734373237396564616231363862623033383362366530633233383137373035633930
37623639373665666231383466346331666235363732343438643633363034666339356438633835
61343636313632626234353433663263353964363964373535306432346661663265616164653737
66336262306364303930376264366331393564346464393438396137646339326631623334303833
66633562326265386366376162373331316431343333653736316365353631396537626231623334
37353737343161306565653262386134636164366635386164393239313939306631333964626361
63376437353435376461656431323566383034353464363833343930383538363738613262626635
3537653536666539383532366264316338373064616266333061
