$ANSIBLE_VAULT;1.1;AES256
33363936633661633462653635323765376166633536333630623365383433386366313633666265
3161656262613566646331363262356233653062356662320a666363326461396634343934353762
65653966303834613263396661353764356334353230353763306337616136316362363866646134
3865626337396134350a306265653736626130353332653763343539313261376462636535373038
31653132346535656261346139386430623661316263383166373530343839306131343863663265
38303765646335376231663264646563666631313565356539303834383235363737313432376263
39653461366530316462646631316361626633633437333732383664353833656232643337323039
62326566316435643833343539313861356564633866326338313437623135366264383764353537
36356662336537666363393534656163363833653330383032623465636133396263376366366439
36663837303666623434306666303230646639386564343262303338323836343562313035333066
35313237343231373965383335313662633163343838393262316438623636373330376235376636
39376638666663386562633838353637646161613464366463343366366565346437346133383633
61303063316166396665383066396639383065636364333961323137613830653361383163373165
31353433373266633165613262616266313261376564383236323538376231393564346663613030
37666131376630323537333663623931313037316162323336306634343935653762623031336462
61386162666133613136313432653533626266613835663031613239383038663463326132613262
30333638663832313638363861383738323830373631326162633630353832386366346539633333
30393865313265623566663564363935343661643162316164316630326538653937323032663236
35383133383132313837663863313563656432333231323461646631306231666439313736653537
65326339323939636338303431326239616565343937663233386464383564643866316239636533
36643537656330306634316561343635663639623464326239316335323532336130343233366535
32643861346436393135333939303938626231396630393430353934323961396266666435613632
62633133326236656363366237386331353434613364623234323130333236656466376439383139
63366363353638303231353530343864333435363030316138396334343037363365396636356565
65623838333138323733343036306532653866333735623935666132393936326232396663373838
61633964613938653630326536353965643133306161616431356439383735646437306334656366
37653730383939613163663564346666393038343536333461386536656439333737393438343862
36366638363564653632613963646534303938356437323739633432616363363532386266353531
30643539643465356538373233333839386236343763663664633135653331396138373766353036
65353065623164666235616465393932623562346465393130633963373365643438306161303133
31366464666664333033356130663039656534326461396235313934303761363938326366323630
37633065393739653538376633623366316638643966316639643035656230663366346431633637
34636236346166646236626363303836303230626435653730393565633136356137613839363435
35376430353362306563626261373932633537656564356363333434303732326330336138623861
37376165656665636533336631316465396234303133313132316463306361373262326535316533
31313266313432306635326134653538363233663337663136663061353562666337356235306633
61323966333738393137303264383463336130366137616465333938316635623638333338303039
31616233343631333339316336376534303265643135323666663839333635643636343562346635
36623432386435363130646163643930616430626637643763393161613539323130363165393331
34336637626631333138316334313137316138623935396437356561373738373036353836643730
64356537303161353662393838636631623136626537663531616231363663383961366136383566
32353734336237323139636433366264383139636436313538313037303765363936366234323465
32383739316232613739613265303931653636656662626338316136353639383732376530356430
33386363653032303439373134373964396637303633656534343362666231376430623237356635
35343831636266306566623839646464346366326436616432376165383833656565363731323663
65666565363730633036663336616231343635343439326236613561313265323035656438363338
62363739616462653336613135343661633931643432346264333238363833393935343165666530
33376431396132323863653231646264633139323237623030386634383462646237383435666562
33336335623064386230383966373135656435313832623437616364313532313737373939653664
64653434373332653465306139333235396237353432613463353737316366376366313536666636
30303439383761663666616464653936653362343431613536643936666430303063373638633039
62366430363563346464633333343533373233316561353764373632353437656565323462353134
65303762656235653039356165393264343033333630343463343933373065653738326662353239
62623963623466333733313637653666333935386464353336376535333763323366386364633430
66306564643538376565663030303164313534306638393661313761306365346361303131663066
37393061366635653238373938663264633730366661663333386433353661313564613963623261
39356531613764363062316430333830386165373137363633346639346139633762666164393836
64333935373165343166353032653739373139666535363730353061356131313031633262636261
62653039633266313335623639373863366339323764326339626539636132653639393337653139
39653436656336383732393536633631366239623739373865373162393738303563336236326237
32313265316462393165383333356661663865336566623631303339373532656639643066396339
30396138353733613533333837303337383633306561656134613036616466616165363836313938
36316533386435613035386266646163616638343639326565626237666165366531336663383230
33323438653339396562303862393332653632623562383336343662343234623863376432343864
64626231623534386330306537343339383962363663326139356339623437626537316438643037
31366363373330636365353732666634616434383864393563646364363031363236613862323162
31393136373431316230373663326465323535326261653431313732373934313939336662666139
62633834323030613262613563333035653065303333353234356431396536313434316666656365
30623531306435356139623463376337303832333032656464363562663565393637623934393366
62623539316637633531353234303834666439356333313366306461653730353765636564363436
64303930353265373836616138376531353866356230646337656639363333356639636364386430
37383432386466653836613438373861613839343163343035663164643465623334616334333437
38373836633239346332313535366666303532333430663361383930303838373038643330313930
38613865393733353265366535313166666438373932363466313166323638323933336633333739
32373037323439336137373637303032326332333662353066633439386539613935666433626437
39643962306530343033313666333737353464623161363532303662353465616137656438323634
37363062633238633766303834323462666136376632613239376364363932656163393766306332
32346562306531663139323430356561653935656362396534343938633536393063643761343237
34373339323064656230383064356338613837366530663961643861343963383934633532656436
39353363353231303162336366363734323134633033333264376136386634643265366638613566
61366330333236333133316336303030303666363666666366663532656535333066663739666439
39303764663664373162613162376538303865633361373831356631626637396362323664303632
31363837636336353336353236353566386665663531373764636164663935663463666463653564
36616635313334643863616237626239393931316538633163623965616463643465363739333963
39396164323466303732383561396165353165373564663130656433386265336631333433313533
30636333383330613035633035333063363630663365633736643363383531383435376162306234
37356162373332613262373733623833316461353861663437306439323834653334366363643238
62393162363666363963343635613839313364326266326331616232643532636138383631373632
30313732356166663964623036613236363034306163336634363466393165633533343338316266
31623838343631663966323862353266636136323739343639323961656237313836623637626436
35396265336436353438316234326234396236316464643364616666393163623662393733626565
34636664306261623533343236383131623433313464313062653634643665333763353433356164
61373138303434336663616139613337373665326239363737666235383030653963326538383236
63333463313963366364373433646330306662636562343965323131323234323764623730306465
36373736623539393438343139663964663034393266356631626534353365323363393864613433
63663132313463313438613734616233663837336338303464666432653533386333626138616164
65653666363264656266306262623634646330623365323731313262323430393938363464303230
36316634393431616535336662666361653133353039616562613463613462623465623432376563
66353236653331333238663738663838626165393837626432633431343332653536613030396138
39633737383962323733646365613035353435656637333334616330386663613063353239393132
34353564633834666337626536643135666462626339303638666535616265636230616531343166
63393261383365383730333230646339313035383631313335313365323435336161313238313464
37663963613532323462383430663834646435343961396235336164333035643034643139666666
33306430636539363734666438343665373339623336353262356239313564336539313264323162
63636566383434366566383065333335633935653030396262383539346637396166666466663739
35333837656564373735353763343439346130383634643730643733343832653639316635633932
39616665666330326331663033366234383839333232646136663134366635346161626637363464
31633037623435343836613830393632306237396534366366336363613063366466663731313966
37353435663364356138656132356438303265393239313532383436383033623262366435643062
37366165366637656234326432336131633266613363383033353730323333663764366430393931
32353431653731343464333439303463643530383563333533313566303763393561336636326564
31383636393236343830353365333834646461313633393137656662363930626565663934623066
35646132373765363838343937653961663563633432393135383732643338333933323661373364
64633165323239333062393436303266326434313461663338373862616336306534663865333638
34623133373365316233616231623233623264336335613061343132393834653238336263396539
30353163363962313733373937323835616634613439383137323134666130373362333837646433
61353337626338343039636133653833353666653233313161643836633266393833636233326332
37653230393635363862396536333461323737323430663531313461623730323339356463323361
39306630666330393333323865396366636639646334643535363038646232663334373137306231
61613338343237383037353162626230623435656531663165666161306631633461353265366136
34333836336161656333313862323136326634663639613139326166366564396139623564356162
65393432633338633632313033623430616362396664333230653134623265306566303630373535
64663938383561356135643231303036396239396433316339663235623932393034343637626236
65343561303833383361316139326161303639613534653563346635646635306436306530636266
61643662643734306535656533303737656436343562393263396563313639366263303038363433
63363561633162323934626539653638646233333232633633386236363565343334303133623037
30613033353839383261353362376631633165663331346666326335393037653263316365333065
33356138373131643962346261323236303938326566323162616134613637643437626361366131
63613939393737313439336564653361333761323436323533383231393263636530613865396566
64653161663035356337373665373937343863303133613534646131636138376261373765613261
32366463366237393066626630626661643538393435633335346466353735316662326538653865
64643931313265636466333139313262346663383333366439386165343161666433306637366430
62363032346237313763643038633237303265633731306463373936343433363464663638353531
65666164303734666230323239613038613962643862373330343335383238333231653361393435
30363838653966393730666666363963353064316430353933626133343863376539353131386135
33386530316665663339306130386533376462643335653833376562346162343365336363313666
31613830306564366465333039653363333432346330336164656466643233306562323965663364
31383866316161643163353839316538643862356138346663616239353631316566376439363332
35346264633839623339663538323063333937336662383764396638393961633663613334363264
31363137663536313237383361393734623036346562303562346362386566373763653337313631
64623734613231636535393863363733313530303138386639303362303963353537663332323735
33333162626265316330653063646664366563343535393265313264613235313134356637313535
31383935393665643933343664393337363461643232653731386537376436376666363932653935
61363631303038643463616139353061326662373066343534623238623963363734316564663766
39373462383063656334363561306465356131373038386633303930336530636333663535373234
66386663653766373366613634313335323361356435336666633939616337316562656139636661
30353832353831393132333839383132393030623235363664366331623865303635663939626130
32373464313539333733613937333363396263653464623664316330396136666232383236636364
63613539623266626236373936653831653434623936623661303062366263643063643332386362
33616637356161633761633062613961306432346132383161613930343239323031326537383162
32633238643530303661636330616466373361656464366231323263656132346537623633353034
32353537626236333830643262356163376639616132373039613236346539643362373437373232
31366535363932363337333362363234343536306237353934306534306430376465653031633765
65383839326562656539666564343538393162366533313162393138366235626135396232353636
65396438623761356133336265303737383335356536666235363037306566353835613661306331
30303365643631376532633162303338663934613938366139653132663966656165333034343233
37613764643166333762363139306235656134366461376133613239363232666664313961356236
61623238653234313733336636343230346266313661303634393438613533336134343331636635
32613736376530373636393065366534663737323637373661393433323737353734626464353138
34383634663962313634343364653237643338646638333330393337323634623239346664313532
31633265323663373564316532613264396662316364373432613838363031653734303136373537
30343130393538343231396561623264613765343730623264653532623664393861363236323565
66333834366534656265383066373636383737326533386564336166656230356533656162633738
66623937306136313664623662396439303163363066643938646333613230383062653166323039
31613238373865613330303533323765633232643237303834376338366166356437623438326537
35656331636461303738656631623636616664343439336539336563633064376631646364636365
30383330303235306266316139373039393738343039636637326137376264333062663065306636
39633662623662663166356135643832333135363236383330643230313565326431353763633333
37663232663736373739356434363865313636353866303232663763333131663066353266373031
39303133303165386261343662313631616136316434316430386438303263646232396435626538
66643466613232393563623035363037653439633866633862636530646661376438353133323137
64333431306166393563363661656631313139393162386233343665313761316438623062636666
31666632393038653664333864363561616161366130643864613532313937613030
