$ANSIBLE_VAULT;1.1;AES256
36616231326432616462636564383263613933656131303961383536393665373361646134306362
3962386137646161623839313731626166326239313131650a306138343866313565373939306237
62663131386264313263613236613762633532343835386338386364613838663337656363323130
6434353461353836360a343964323463656435326562306565623739356539383666323263323034
39306163313830383466393734636634366238376166303461643530313361353330366534346334
62386130623235623736313864383939623663386335306436356135653064353033636364336336
32326637373531616663633165373834623163356435623939653131626131643838663733363736
61393865343133653564363830376563333063653565646337666631633861373862633832333566
33316532363338323630623463356561326136376262333038613936366634316536316134306234
31346639313061653865383435343563323738353761353436623837323139366437396664653830
37636161303965633231303464346331313231643831313563333934613562303863323138646539
36656663623033396263663835356132336563653833646166613261303066386237393137303461
63656164636261323565306365356432653263636534626239636131356338303031386438343362
62613861373539386562386231336136323534616539303361343863633136386535343437613637
64356635333162643830393064346438343535383039653962303063336565633236643431653632
36366138623131363933613937636231663661623537326338316638373437373061313266303062
39396630323530313264316662343335633939643333333836303763333264383261326334306466
66653938613864336465666132633365646465623062376238623865306266613835356633616636
36356665643231343936323537376438613538643765656331306365373433316261663631643337
65663832613435333931336230393166386338373461653131353066656666316336336333343836
61323532363230656635346235636635666232303033386332653433623733646565646561616430
39343330373533393535386262363733666633623238353464626639373161393637303262303264
31653330626365373735366433656333323837306566653763396662303632373663646539316361
64633935666439653865396132383563656532636634393030396239663766656261366230663465
38316430636635363135333531663934356137306338616266663632303261316563373466373936
37393561626236353834643935356265653361306566303865383965626261313735663930333634
62306562366233313637343763663262633932613631613462326463623935636661306662363061
63356434356339346166663762636266663437303739326666346535633666313336653838353837
35343330623238303831366562396461626638386134663332396462343936393433346134326437
34323137313038656633633363303462633563376564333833343531396131333832323637636135
61313531666235393038306561343030663861633032646262376661623635616561663130666466
35336633653862346364663565313062386564366437636635353763363833313662303035626232
33643130356264613237656338386264363538373062643566613139383837613464316262653834
64353237666264653730383261343764396261646464653139333139646438393762626637303130
33623533323832613135626565393932613839353264623636376165613835646230613436616132
61306263656331393537613935626463343831373565316232656363383131616361663430346137
34653638623737633863383463323337613232346338666638333862303630346261373835613437
64303437653438653461326532393436643130313830336465343364363830636163663766336530
36303937623838333932393532633934373530623435646435346230666462656164376431376431
34656636313764316663353535303736663564353233346565353662633362343865396335636331
31636435623662383265356436333162356130616562363433623063663030626466646439663430
61656137663537616130623961393663376564666630636662633064306666656661633338346162
30326465366632613130653261663864333833323733366462653634393964636431373635626534
39306538616264613563303563323833633964323031376636643034636563356366356662356365
31646630326165356662373638646338343535326634326362393464323666383162666666323337
39336433313766343333363763313736316463363332323930366639666532643139333836383633
30616231383131303339396436623636346165363362636635643861333939303936346163336136
34356464666138656163353831373039306630646461643662376539396262326437326430343339
35666463373739643230363534633435663035336663343161633965313564656331646236643236
63646237633732393934613962326466383363383863373032393438653864383933383639303461
61643836343532396435393933316362303662333033643539303032663438333261616263613337
37626234346262653962373432656465666332346264303235306533636636373234313036393333
62613038366463326663663333663638633634313236663034623137643036613839333137393864
61333039323630393434326532326531313337376339346131376162656630313264636131373765
37303035613365393131393536636435663334313532313463333761643238646433363337326636
30656562646631376134643036373537663332356338623863326462333263666432636463383834
36366139323339616537313835643030646435393866393039393330306136343461616131393330
39666633616161663165303631666162363437393038353037303364333361323533396530616366
32353134363331303535623162633432373836376464333862663532386438323635383035323735
64626534343861653437313063386534376565313531366565316465376334353535613437666432
35633761666635376237376634353266643130616435323838623435303533656163313830383663
35373862333964313965316562373636623465333237303738613239383431656364333038653938
34663162316232643635346336613938306331363962386466363034386534306230306462336138
61303233366532663764313930373061396137653339663066646538386439366536373264386538
34663166393739626434616537633735333733643962333037386663623532633164626239353865
39316564326463303837333137346466323035653263663635643836633832313438343636323261
36346436323135623238663931623733613734336162613234653531663631623236626232333033
33303730323230366366306462646163643963346638623933393630376262356366333962346331
65363633666532633765383032336338653562363433623438383663663739383435666235626534
39383631303661393737323932633435626562613961656539373236396637626662666433313531
35313232623762343538653830376533656661613564626632333762636565336565313233616563
66633439626639346630653638666130366137383762326266393439386338363135636163666138
63396337646463316564646230653765376362383635633761663834383665383339396461303632
33346366376139663637313066306331663264663434356365393833663265353063656235386134
34616635646230376366303736333230626362396166323234303539356432623432616563663362
33343962373639653533353361653564343538663165666231653136636663326532303636366435
33366331323863653339346235633037636239623235303261656335353663326136326466303131
33663633653065333433323336643737386635633035316432373130373535366138353138613762
37666239656665653961653538613063613838366439326435313762393533316530656635386336
66306232343236376637393935303561616636396566363162663933396330663235633665656662
66353232666261653737663933646133363263306666623064623432373432653330646433363733
64373234376266366530336261356133366535383232613635363763613263633633336235333436
61386439393630353534326362356533396333323166393662386162356637643539643433346439
62313964663661653063356636346439383263343335626136386235336464383637666565323866
66356539646432343438616133646531613132393231666665653933306265353065663937393036
38326430366136386630613036313237383963656362646135323464623564373634393361643135
30393738613363666461313635636238623937353337613336303563666261366239663465623361
38363630366631636565653538343635343966643361646565373661366138656334303337393535
32343164353636623637633934626563323239646162356437396330313461656435383962356134
34396436613831336566323337666134313131376331363666373762626363363864366433663935
36636139326164653632343635313532346262336439636339313365663731333532333638386362
31616530303836363735626633653765643636323837316430313134363338356231613732663861
63333864326631646461313361313664663539333431613765633630303861333362633033653030
32616432373538643065393239343838396633373231623536613232666164663833316530646233
36643965613738323334396661316466343637323138653936653238316365346461323664323433
63373631656538343736333334373265376634383238636139393566346261626330316332306634
61623761316538626233353831613137343539343565643265366663396334613330623137626264
31633735343137353137323434646262303363646336643835623435373662623666323838316633
35326433623837363063333633663334333964663332323237313563356433326437306366393232
38326365356263633862616665663662316664666330333238316632306430343639356635623664
34356435363833356162386536396161636462393061303030393961366133626131323538376534
64636464666534643235383765323934656234393030333334396633643361333032376430613261
62666434383633313634333662356135333336653462623232666537326165633235633235343861
64616265356465623130623133353233663161623936333964666664613931336235663964366164
39396162623631373263306535343766346432396461666638393833373763386462636462343431
63663232643965646563373736303761643631393536643463626234653536346365303065383133
64333039343834353030316139303665306665366539333630373834633135386538363265313332
62643336393965643838323666646431626566386462313036663234353865333064393561613631
33316366393134346531643133323865383963353339623437323064336534343066613332383730
36333130303265333334376234616665623163653533373536323338303930393936333038373837
35366466633938306233626234653731666435346434363537666235373732646237643561346137
30646134336138336361373064376239343933613133353133356135346537643264376536633237
38303634653132363061353565303765363738623834356366383732623734353065396239363431
39383766623231323666343765643437613766393339633733303438653333656162326564656539
61636635626131356630653862383739643635323038366430333837333332343938326330383030
65306233306333396139356336306466613066633161623861333962636233383235363633323635
38386462323433363863636134643232383835306139616431316531613963626138643433666534
65306234376466336330363930336465633232396264653565346436313331303736356135356638
30666133646631646266643239636665643930623638353961653064393563636232363863653932
61613463376631333832623536663233636432336339323538653134323566306530623636396233
62366630333261353732316231643831373366323935346431613631616530363839666634633339
35666330646135303363393533373634333461663139376362663238623436303537623735646338
62656336363863663064333665323562393337386666333037646131633932386637326332323232
36393563333761386432613464313831663065333266663066386666656366646339646232653666
35386637303335343863303162393736346235366638653262656634336530383031653330613862
62333730353931346530373034613636373265623635643536623038326236643337396638623161
62376332656263386434663033356430303337393039346438613966656231303332376366323564
37313763646664346138343238653037653861613463323437396331306534323032373033363832
33326263353462343839333136396536356236633463363565363830666166323632353637626562
64323438633930633162373163313734353666326366396563393433663033363233376531633066
62616463323564333838353339646136653033643734333435326363356639366134386238663835
65623832646337613562633334333762396534623961626538613737373039313232393764336261
36316431656235353535336338656232613736376236663339326236386263643133623633653239
62663438633063623166326265643836663964393365313139323432653038313135326238663761
64633562383063343437306564623233613563626239386336336166366163356464316165386462
62666366303062393737366262626537333639363632386636313133383632613135396638323238
33326462333732386531376630616266386665306461326135303630613963383365373439646438
62623634316331363230356330306561623061386531613139633632663632303265643866383465
65383464326262303632303564633938326534633136383464303364393330643264623638636233
64376230656435663336633434303637333938356562396538626463316262633736376538346335
63656131383539613639666361666531353238366238663633373266663866343665376163663566
66666464643936663830363463363634646139343331383034373839326430643131623731653434
35376537333565613532376637313363633334333634613239653431316530653739333737663835
39373032333337613737316666646561396232653137326564626535303835373964323063363262
66343231336433656265396334383134393638643236316264353930326463313661373132366333
66313434336634653538326638383839356662373761323734633735633739333132383438333266
33613530613233633533646164313136383438343866396365383937633163366133336462653332
34343162663561626538316635363164653334323333653162363963313865616162666539386639
37303966313062636365333034396536633333376435613537393864653966636433626665313433
65646538393563376238353037656639303766373065643337333438616438383837623832343266
34336237303439616433396334323036666465643933373633613861656434383463666437303862
31386162373734636564363464363963376532653932373737326534376566613431396564633436
63623537393534633538316435653330373066646163316466616363376566613638633761396439
37353762663061343038393839626666303336623838623763633863306435653736353337356430
66343538303864303830373330366531393466386334353839343361663265343064653362366434
66343561323030666664323862616461646631313764336332663261663064393937343239636266
64623832623130373231616364353561356663373633653366323164393933356465353131616633
39326564336436303861353438626361303232616530616238616335636533333730636233666466
37353333396138333262623061366462326462663539356536303365613865336338353665323365
33643063373861363661633539316366323534333335643366343637336430373232613966396438
39316237313566646532613333316464343565656439316131363762636166613730306130626662
35656637626138646664313738363761646364356131393431643032653564626462376564623930
30373530326338313564373735616461643264373062613430366333653537303739313666373965
38363362333436303864616230393865666131656464306137653264366137346630643237343431
61376138346531343939656239643631613131303931373431633039383636373164373430323439
61316235623466306162633035333731313463336163616333656232643737313239646137373834
62323332633733326164396135636333333630643238316364663033326136363365393038333230
37373131353632613565396134336365613335383966393432323066316333393866633164383165
33626361363838653238616631363662396134303430336563383231616135663532643033396633
31353031366662616534316137393630613062326664636134616435363731336538646466303963
30326235666338353630353735653435313664343733383730353235363830333430363466666530
39653833653663383066656332656265323736613238346134613630316434363631666538383063
64636630333332366235633232343734313365396135346233323865373038303165
