$ANSIBLE_VAULT;1.1;AES256
62646639353264346665623066396534313661363238326239366561653564656466343735366464
3666373362333963353231343862313936343532613438660a373032316231323836326239326164
33316534383662333637396631316439636434363161623364356235633562623562323735356135
6134303963316364390a633936356130336130326664383364353033363235633935323062343561
65346338306135643061616239396637653237326461303736386333333265633865656133333032
30333837373766373637616139643764656161383362313964353538363264643639333235383733
39373865316364633961356166393838383363663632663930366137653331623863663336663866
33336330393537666266353536653339363034363765393963396338633362366563383864326231
38353830333935613266393462393434343164396339323663313463636233363234653531643536
39343637623838306433396132393233646566663235363937306437633639343063363438613064
65653264656464373230363836656539643634383134643937306334646334326466376364663834
64356235633138366565363735646437316564373230643735663134343636356163326131396237
63646130313133303636646639643239373563663731333538343031326536366436363438613237
64613932323433353431376533656231663936366436366432346635313564626439306136373830
65333666663531663065393064356161353464343139306464386135663934303430353763623434
33646531303464373961336230386666313238376563373465386566666461656631623831623466
30616261326362333163363335346165343362363430386665663432343238303262306638383733
36643331633933373332353162303738633736316231616638323834643461376465396563626138
38373430636464323666393837326534633464383964613162366535613064646130396536333263
64313939353439653665663738663932626164623636393832633530313438656634643461343231
63616631383535646262336432643465386362643564396432346430646138393661356561613264
66623038653039613232366232363562623330633131306431663233363062393736313035353630
61396233306538333434323266666339323964656435353066663361376566363335366536623964
37666463366533346261396262633834613339396136323030663932633166663165363833663931
36356463363238323038396331356164616236656530373732626233626565366661656464313066
61666535383737633633663537333764356333363534376463373031646633653438326431376232
33623862613263663164663234633166623662663766323434346531643135356638326264353932
37646330633034633436363632393437633361343431636334336661656466623862373431373263
34396531333039363239643164376632316635373764626434636232616361313337303139616630
32373666613438623533616661363237633635306137386336313339326537373062353039306432
62366162653861653434646666663863633062303762613261643831626366346163343531313235
30366564636338656137666339343064386439333138316336343736613533306536306561616266
61373433393438303265663866313665336635396130326165333764663930363335653261333835
37656531393666373135626161383530333231623762366265343338633037653934383064383162
36313064643832346462643837386438613663646263353061373064373937613166313263383064
61623232376633386430363865653032343162343137656263353633626166633564356432326464
35373235323938316434633333303662343332623639303864366532623566333164313666333233
34356164643363616431333766376335343434363065633366366637643463616234333761633633
63386531666432643637363732626462303066656535386262653464306437363763386639643139
62653034656539643561366466386436393666363238343566363466646632343035383438626634
66356337623333323734616432343261313465373839613030306365666239636536636135366332
35343337343561393832643130666565666231666263623135353832386263643830623763623563
39326437653636363963393665666536656330663530323937326664663031326238613737626337
36366465336431633565633465353738653031623831663237346333643236646366616535346238
35373065396464396435373636336366323966383131393735316436353766613931323238376264
32356530333164396365386632653138363030363235643632653362353738613032666634323435
35653031323634326233373664356535623439313739353130363034633236333134636133393763
66333632656331353762366364666434323762323239303266656334363635343164336465636164
38646462353833373838396564333335343063343763396538396439613731633765616434316366
64303837376134656236643534386363616162626330646639633937643166656263356165303065
38303932643239366439343833313833386337386366616363383166393362663834373064316234
64336564333633656330323231363235386632353564613735313161366535663739343935656237
66323637636438646365306330633563376535323065346338333334353434323862626161336362
65353134303939376263343164393239623430333361646565633032386638343564323631336634
30346334336435383034643866626134336233316262373338333036393434353161666431623866
63356533663631343163623665376564343162383930653632646439353632353662636465393331
32356232613334616461303737613066343931313738646337653466626532373262333566363039
39353236343063663538333536636432366438363236326231653634386566633633626338313337
39366163666130333332386363306366303830626533353538613836313361626135613234393065
63353339373839653137623037663331343031366165323637623763653434633832623235643336
62373564356230643833306635323463363830616565356135653936373534313638386530383636
66386663633137616233376230643935363234333238393839313334383334333865323030326635
33333963616631326436343339393564376532346366656635623938393364313133383061376461
33306431646338613765343139643639303338336436363461623561343761323833633966663565
66366234363861633036616362636334323233303161646265393831666162363130306563646139
31623033383161623833653866616439313139623839643730353562616534376631646163616662
37623832633561333938333934396336336363373930313465663839633461323364663730616164
62393434663066346138376530376138356431626231363737643735633633306138353765643338
35336230623938373438356332303530623535646438656530663737326263623837303663613131
61393132386138366363343938393864653038386235373237363832386564346364343266353766
66376134643338363336646136366531643533323330613635616665356133346231313562313239
34666663623561353965363463656137316363393334663236633063303861323064356438653031
65626133353033326139323034626332336233313533373863333766336366663762353531393436
62636130653230373634313466643732646531336539336631656335343466626134336362613265
32663532663136633961353832633032326538373962623764366664343838303831353862653231
35353137376433633961363934616532383163613863323864623062343665323466356439343866
35313630336666376562353634333661653039306336303166373336336533613537613736336338
38623764346461363733353162643533303231343265393737303432303134353938663566363633
65663235326235343839383962336333363837303538393738316362363932653363613131643164
62333361346238626165633139333137343062616261343265323837393833626664393566393931
65383963336163383763346634336231663835366464363364356362346634643335313761313737
38353432633163326632626664323339653332643565616430333565616335653465356139323066
66333730316136323737373938633961353465643038316131383166366332653131643733303432
38316530306336373236393236663436323761336463343038326365633033613164643938323739
39303166336664643339393363653732306663336537346136393137643035363837393634373733
31343064653630653363656636653434646333353361633361346633653266623839383733333133
61613830666436333334666237626566613162333962383066303164663165346466663865663466
35306566633937623864663930356230643262623463346339653366373733393931353831646134
63326661616262376439333635303138633132333664613634663166643834666239373435386136
38633935646438643337393539363864373433373630643538646332343735353231363436643765
31643038323661316562326163613439333838613262363065353335323039333639363935313064
33373066343436353536633432626230643839643030613564663931306331336137623763636537
30383536656265313562366332313934323831323963623933663162303139653936346438353535
36663235313138623937373634646264383563313461646136316566623632316666303930633732
62633261616331396266373338666161303530323239306532623764393261623138363362653663
65353762363233303538386461633030326639343764366437643932663738383132363166623838
36383637386634383964313236363363656261633661346634666630336635653133613834633365
64333666303134313934353139643461383063656138373539353963623036313130323438333833
38636331393434393733626230306432303663316332633566623666323031363033313737306333
37376436643665353761636261323435663463306139303832656164653763386132346136363432
61666437383334353834343034303930616638636538653734323335303832336632653633313430
62393631666431333331646562376165633066333332653830626165663463643733386665636330
33613164326532643937333739656638376662633666623731373636313830323561663365636431
65373630643135623866353861633932353762646531313833373761366637333037656634323338
35306461373632646639626533356333646135623937333636366464626130333037663038633833
62663161643864323534333561663838303631653333373539373931656630373037323238663638
38323463346239623964306636373732663566303034613539303663613165396265396536663835
64386265363231633431366638353965363537356531353863303331663435633131653637386262
34366334666364343734656637616130613735326365363632643736383363373761393761336234
64313265316435373935393232643962313562623339643961346436336534343365336130333832
32303538313764373230336235396439323064646661366364353933616633333536343264356539
63663038626135373738373230626464396161366464363335653265343635363839333938353633
63653635616336366230633230343463376134663532326533353565313038326131373737353737
64326639396438633664663063366532323061316163313737643339356331663939336466323166
34306439666635366531353134333635643864633230326434633938646639333636396161646339
66343236333563336331616266323137363032366435316534616438393762306336376638303432
38366334303864623530633339346433303231363761343063373030663739616333373135363339
32653234386666303066393864646564616431633839373537333531303230323538613437623966
32303062653238653533616536343039376661303836386662366161343137623134613566306565
39353336383338663338316363663434643730303963613961376436303566316466343536633831
35333164376230346332623538636531313235646466613466356661383837643231363538383037
65303761663365663537613164633036376435316137623861383139383739383339356365613132
64343665383133653366613236653161653330396330653265616634623935666666383539313735
39393364633066396531616661343233623062363033616433626637376235656335396665353662
39363337313439623865643461316434373339633761626232626538346161333032396134333237
35383235616436366666653238373935353036393736643064316364623536383965616264376336
39336164633531353030623366643834626234353933613337303530323262613665336535313737
34323064653531343731353862643835643535623266363462313963373566376565303962616661
64623739326631313266383861356430663765623138613831633130383064323864663936356263
31643431343830303236646332663839633539383766353739346362653633303663313937386132
39336333373530306630336530366366303930643532316532646434353735623061333363363162
32656261656532376264396231303636653161363765666138366430633866643039393865383836
66633634623932376532386563653731643230623336333636613331393231633365346662633862
37643839623534613733313831323735323535626334656664353932363238323338356562376661
62613031346334353362633133393732326635373861343439383966663663613935353363343863
32393530643165633831663838393733356563616233633033626431663763633761343434313163
66643434386536393734663230363837343663353565336130373265333030353734346436376338
39636639653133306330333332353232353939383639386162376436373738363339656138306638
37303065323762613631396638623364346164366130663366333338313536656264623130373465
34303536616166616334636632363830366162366538373637306663353839353764353866343163
35393433653132326465356463343733646238333432343839663761623365346562366431653932
62303937356663373266326461643738306164316664306337643365333964386166633930643232
31343639333136373934376431356439656361376363643032643530626530363433313137643837
65613539633466316334376135316261376434333363666433373037366665356333666666633032
35313662656632303661336165646562356334616364356264386336616333373631306432366261
39363533393531653330303463633932376362313431373538313533636264343835646463613733
37623831613034356632666263363534393634653861633037333332633137356264326566373734
30366131306465623663663761636531636465343964363564316532656530666137666431636561
64653431303731356137373835396265613237323565326161343063663330363665363962353062
39613639663135643137663138656464646330323561633765636430396533313331346266306333
31653061323636373537343335313666323361303436663565623364386531313237646131386131
30663933326237313635343964343461356533306232336164623738363134633232336365316336
35333335303635326439636536396138356633363566616139386565313833366330363133313139
37383136303637663339643564393035363738393733653665343930393231376238356534363766
33636339366330633962383761383936333337393261306264363239373765626533383032323634
30336663343533333737626430663330353033343630383961613463393838393233626562316466
36346334663064373265346662336162356535343461376563373938656338346161313262653665
34613531323961333561313933393962333135353237643565323030346234316439323065373036
38373938396237633136643432626131626261653166646236353837323330316338363463663364
62653533623362346533613761663932363534326637363331616334663564656365326230326135
32376234643131393738373434623263303566646162356137623764303861363231656337346431
66323336626564623837636361333961393262323332346237633762646666663561326337306631
63333930363961306433336265633535613765386363386231313234653135613661646637616437
38393162633835353231353231313132343739343134346232303464646338343666623435333763
33303838383736323633363133373630303432353134623336643166363934376538626565346639
34376561623662663439646431373062646161623636626335303762316434643335303334613737
65333531613833616664323033613236663435366438313361623333393738636663323432316233
66393564396531316533636430346562306665316231343164313037613831653362663266306535
31323732376131656466303936616630366262323135613333396436653562373939636436663933
32653666323064363739643539666231636530653034376435323861663535633131656161363832
38346661656431636433373538343135363161326435383061663266396335383561383062393563
32386636623835386336653135393439623265383030346639346632333463303834366163306164
36613762386534303135363335633330323830313932333631303566336362653865656535366564
3665353235336637383634336265623137656262333634343831
