$ANSIBLE_VAULT;1.1;AES256
65663863353465313333396265363739373138663662386330626566636533636132376562633535
3764633237363561663335313136653661323566353636390a646135313464663861653631663865
32363636383136383163643566393165613938323431396331353838623764363062616430316537
6331303565663433310a653230396130376663386632333536653338373465623062623638396236
66376366353738343434353439306661313431633662653065386138383861386533323961646564
30353662313064326533653664383635303261633931633138356432306337336130373439626138
39633033633561313062653637336263646238656130306533316265343566366438613231376263
30313164306561633066323335613562363464393835366437376532306335313633343234626637
65626235323637366265303462613331616132636261313436343165636666333439343534643535
36313561643362653633313136343330626565316234663534623865343838386533356535373731
31643937383332656163323230313232373339353661303234663564643838626632313062343566
38613230303537363362303462383035316435306436396139363435636665653438613338333334
61613238626438323738393436323130663030643737353565346134343363633566616639336337
34356132616635376539346331616136623737363236613836303737363831323661343138653566
37643831323236646266613161633838623735656637306463346666323465633931326234333532
30663936386565636261306139633936323638383762336639373464343665346165306138393435
36363339396436393332666434393439383161373465393966333636383464633738316233393837
66643063643635373630366534306166393536663333643533383764346233383462366561376233
35383435393366333562306531356438333432363962386265396539633131623536326235306434
36643034356637383536656463646334326533633839356530666537636661616136303165356562
30346465356561336433306133383831633237636436656639623639306235653837633366633632
35643538306666626361653630636438643762363533303362386561623130646239646131663937
66633465616362363463356562313039363562393231663465313066343333353632323137333861
65326261363537643632386237303930333963313966353837323334376264623833366138626638
36376533656131323236333163623533356436346135656536393162373038663038376239663261
36356333356662663466666434393462663639346432626563316333313066383834613461353861
34653364383366353538623139323363343239303963376363643939353738323538343239613435
63346436393762643565316362373063323637646436353261393166393337636331653631663337
35343034663739643932383561363633303530393436346530316236393630363162363937383831
38666539636339303761303362333861666331366236653463373733316336376431343139383765
65363937646164316235363364633736376337363834303338613066666635396336353430623961
65323433383438303932323130313430316132303330643037306437313832373230306262663535
62363965386565346436643363653762616364356165373235663262376235306336333138303735
32303464393334613764346166333363366337636230323762333537356638313835313230626364
34666638646466376631306438353834353237626133396334303162613832306262356437313830
39396266623431393366393164343164313630663364666466363666353631336236346633663537
31363035316238653163363664393166393231613163316337306534393032376363346163316363
65343139613030363333336133313561323262336266326631346430306635376232666163333437
65373933393136613862323564386432353235356436653465343930666637666165643863653939
65306334356534643265386462663461343462613835373237623339623366323135326361386536
31323239376136386431343532303334323165343666626431623665643233333962623038313062
32393630363163663337636366623263636463346630396235333538636363313132343531316337
35333363643137383137313530613031616265353963313362643335393136333333393731336465
61316335366165613737383764326338613239356332313939633633343935393238366636653663
36313063613937663436383664313535303532643661633832393238303766666636376466376462
38333266623436363738303933323034343131633433616264376366623564623861336464306666
32373138303836623639353430313432346134386630323530653061653433633730396431353433
64306238373432623466383138373131393430356131346264633336306165343961313664623234
65636138393534636431633534636661383666653165393232643734303333663965643962366237
38663765366266343836346261663238623163613234613531653438333362616666363162366338
38626539616463323335343331386137376438626235383266386163333438393636383261386632
30333932376432643133333831636231646435386132653531633565396662303938363839663632
36343935643966383561666538653935316131326464663963353535376230653866326338666238
32323530333036396535333864353161363631633837646131393564353434313161623834306632
34653666653064393732663266393433636237646230393665613735336232346435326363643538
62613334613835336437626563393733616330313432323330313738383738356136353461323333
65323662613463383933313535623939316336333033656565306236666531636339326261333463
30346636363166333130653431383266326365646232386233303930333162333465643661653038
66356161626631323636333966353463386135643262313438373761656162303133653965386635
61626161643265626335356231306364636536383063633737303561306530663131633935353234
62383937373561363065356330636163346135663235653262313738333039386430303562326536
66323062303665386630306661396362623564333566656262643136366132353362363862396434
66623132333865663632623638386238366630623931656238313438366263643831396139363465
65613538633833653336613535653464623063653131316130333732666161386533363833613234
63366332383363373462613130643265643635393664313033313038396638616164396133343737
66636236353837316466666137643961336431326339393066623238666139383935633263363039
66333466653237626437376562663632653566653330363436653165306363373935613264613330
64633266633332613065626265393062356262323532623031633636373863393262366235666365
31343032663730366135343034343364323764386364323461633435303665666261303162316638
64636235666436343436626662353738636532653136343965626463613865653637366333613666
62653235343238626232336132633361663363343764636135613134656261386462303735323333
35343638663533356665396463346165373137613064326361316662353365303037376361383034
38613763663462323865633536626639353634343165346566363438313864383863343333366130
37386364336438346537323464376365373866383932376232323464316434623566396563336434
39636166396534343734336336366165356330353739316538326366313237373632363636363062
32633234396564346266616437306365383137626632373031623432333964356333393736633639
38666435373466613561303763643736353333333933393965613939383163326339313230636563
63316237636466373639656134386264646163353337646337363438353337306637623362356331
39333633656331373363373339323031376665663235386564613063333663616539313961393063
30643965333633666232386132363932616337383435326663356533396134653133366664633738
35633162343363306565363731626162383363386261623238386134326361303865616361373735
36653836616533323631666163653531633965656234646565663433613665623339656434356335
34616564323430373632333138663033646331353436363735653633383730383139633064343838
64353831306663346365666433373330626237663862306539636231343431363663376430656230
62346438363531666662363963653131663162623165363161356336366361386663343234393861
37303364656434383333643664316635336436646637393931643437373966663736653564306235
36323033326161373739333436646331346437386135633536376265303764666536333033633264
33303239363335393565303465633066626438303739636263653839323031346638323964643235
61626334666566356530636136316265373637616437646133396462363164326639386534333266
34313838663161623935633061656236633264616232373433636433623062333835313733616136
61653437383039343966633032613263303039366534393037343639653236613462633630383234
65656134333732313432656434326561373966313564353735653733396261313265656330393939
66363137643365383165616436306466376261303536373233303832383830626264343132363136
34343031616634306461356262396466356233343563313236363166373433386630386239633064
63353838623961353434366266383239313864336438366437353063656634336432346631363039
35636431343966613539323630323262336166383434633461663265633039373433323736383237
32323739333564376666303135353865623666626433396534623237313337313930653832636566
35316536393132613566646564343135613864393762336432303564373938303066626566303761
66376462303136643130616233316664366162613732323464613936363165633637326365613866
30653932393164363166663435623735356562346263386164333731366663393562353132653231
61373464313134636165363137396365323836663561633162306433306330303036313836316163
39633830383631333561336464376163366461343865303535626239643732366366356561396437
34346465336430623661643038656336396332393030316331303263333730383332313939383365
62633562333765656361353433356162666164396633356465346634363961313962613933663530
37323431383436643238366666393034326364343165386438363337353964306235613165623763
36303465336630386466666139396165343030336530363662376432616134643863643564306265
63663830646233376265336661363937373731396439653935303233373732353832613438656163
62353164626163366233656563353763306339656339653637613636666537623764316630656665
37653633386166306332393265656466333734353939356332373530333835386366646137356632
39363039626330666461333730383164616637336537643762333965653832633237363764636666
65666535303962323235393733613839336664363835343065393063373738656339333033363235
38303331343062666133313761653663346239353065656639383863363936326337623037643532
30613434613839353735393763323965643239633535316138326264666438303837623037616665
63303164623333353332356632303134613463623263616662343533656562303235343266376639
33636435313963353234333636623732613135383764333933313266613963666365653238626263
66636332326133336436313130623137366336313764643031386438313765663133663538326230
63366465363038363236613838646537363837373936666231336538386461633034666439386564
32613464626563393938386266663132313830623431303930633136326330623838333430626337
61376537313239643230353465306136663564386236373162363333383962623039396364396432
30633937303837643263303433356362643432386335353964366134613735633430323836323436
39323839383536396330306465386266643335643036613863623130316264643834316663333639
30646432353061373730623465353362623132366530323036633633626237663161346335386164
38353532633439616333373635336635363964313964323837656432373632393238393534326330
38613734636364383666343236636331376539653938613863626161326330343133353733356563
64353466336166323766376362666662343666366462386365396264343437663731306136363434
64306461316431666636356563646538386461653962643036333535636538626134333265653564
39386539653339376539393161666538656233643366353834353533623362633365616161633534
30313535646261373261653239623033636339653037323535376364366230386236306335353766
34343961363039323163353333623336343438376132393262353366336536626230366632656139
38376137383263373836383164646265626637313234393464366434383863646538623932353934
36653939633039396637326634363634633762356534666337663863343361626561393736393739
63383666356232653838653962393633316566666139336134303863656662663130373661363830
33643039373934303638393364383565363861326561336564613166633566363738623661323533
34313934656332366231626533633062333138653863636161356536636661386533366637383732
66616535633135373836303236643334376264353863343032336365363030633263323133353865
31666236616333633764356432383662613363653037333061326435653836616439373764616534
31613237613261626661323638363630643732336631386536666331343461626433313430376333
33303838313934396133643430346230623264376637613735326539643361343134623336653938
66383764613033643665643639616238353565623039393434343231313031656230326261326261
33326336333165636134653630323363313538633435616566353839386162313962376438666638
30363538313031356639663436393761366163396464626366643734346532306535386336653730
61366362326232616436633633353435373566306130316634336131643135303866343566373337
34323862633133353536366137653163623664336665373665666230343561613237313736616363
63303662633734643965316135653663386665303137616362626432656339303736343165396539
30373435613262396363626163303164623063323831663239393565633462376632313936623630
66336336316465383364616335333134356136373233333265386565643033663136366337373332
36666365376539356461386632643632306466313766346134306266643162326165666362333732
39306138303737356530653063326262336661366662336639653135373233306166386466643032
64323330356434393236623038356438306165343762353863313930313135373232373334373366
34616339366637393865626363313566613235396262333764613064633663376464363364306336
36376564633438326130373162343566653539373562353865306465373635623435346535663433
32313539353735313462663836373837613861663132663966616563373763326561663466393134
61303638646263336438346139366637386138363935623066613232393365303637616465353234
61323665643238393461366135663262633266666166333838333231633738613333363464393462
63383264643462383939353665636664373464666539396632626235636335336437663533366562
33383561376631343035393734333537646333626265386234386566386234343765343432366265
35313461663934356530323235306139303937373239626438613934316233353061383232386235
64613565366439343964353739663538643462633036353636356561623239643764386136356365
61653135663964646137303137363135343031646666343237353964383834343563393430613531
61643334623935386234643031303036646135646666646162633266393334623032376565306437
65343964353766303964303138646136366138326162313035376436663834373436383439666163
31343262346237353662613662393235346463393137333836326231663266366436623236656339
33626466616238633933633137306535383765323964376261366331333436306564303965396166
66356130396665396234663339313734373462376138646332343234303734386530613735633365
39316262303639373263353331333431626539303134386466333831326433653931663934663735
65313666646563653232626637393030343964363966303533383365396562653463656530353666
66623233313465373961353639663237616439613238613332333235626166363865373763616633
34623431363765363664326135666332303439306365636438363430333566393838643530353738
38336232666266353234663537636233613135313463643061303138343935376566626565333965
65663235396331663330343161336664323231333937646138383736363632633236306531343835
37623830623938636232643766663634653532653439343663623735373062343038376563353664
38373130336330373833323935636138623565626636363066376464363965613030306365663436
33306432346639653730303232643666333033346431303230323264386637613261
