$ANSIBLE_VAULT;1.1;AES256
61643966346166333966386561363731646634313633363231663365643937633030393233366664
3635323636636535306132363863363330626433386365610a653336646665663930633839356134
66366334373735396536633631346164326233356430363665303836303639656461643736626165
3232623136396439650a373263326236363538363537626130393866346366306165333438646333
66363562346138616332356463346639623032346662613663656438346161393665643132623362
38393536633365303935613662306438663437343665663238366263373163393865363135616163
32376664373863313963376137363564626335393263336265343232386336343363643938656639
34663633303566386136373938663434333864303238366432623839656335636139383135653134
32336531373232666537663466306265363665333139633832333561303461663937393463393238
37383836343733656132613337356438326439353334313264393563303239616365366666303364
35323064613638646265613431313937356362336339626439396436303735393765343539626163
31613537613061333333656638396637656331646663643130616135376565303638653266623531
31643663393636616562383531333331333331376530613465366131323837666261303861333362
65646331333432653937653536353666363966356162623034356432623865653162366564316466
39333266646436613033303338616565323562393664393730316535333730323335343530643133
37326165646132336635336231363363306166306530343236626430343765613835313033373531
32656430376633656463653732623561363365646561373463376534373430616366356665623731
61356235393565653830383036643436393966326165373337306563333838613134366130643039
62333732376630663763396363393139376532643738633566313734656436616434383233353037
63346564666261663536656166656365313638666435653134386362313563356332303164363133
35343939303236636635643865313265333032343362396538393231383237363462376134323838
65386366663435356363386331353638616532313966306465636433653432633039343437363966
39656132353738333939303436323439616366383965663931613263623138353465643563626434
32393136366631316634633332336565373639343138353635366461626635396563323364346166
61666537623862353235626232356464316465353433353139313234376565363863353464323737
61383663343430303137313835633337643863333132663662393333663763663537373939363339
66663238623764636238356564623862313931343632623564626661626434313138303636663833
63656331626537613465386636383239613839396461366462636437386463383936663539353234
63663238613338353138643538386538366432313833633836353162666661343665373130383432
39623531663265333232336363616161396632373731303464626131336663363938646364376531
39633333353339633765376138623233333739356434373163396433643861386163373261393063
39396430376437636365386561363637343861363365393239646139663630653732393836356339
34623031653938393839303164313664396632623935396262306465363135623239646164326165
34613263653164353661326463643031353037613261363730346436383335366466613932373866
64313335383935353131363732376536393239303864323639633464613362623530343334646364
64616166343961656631346135326532303036623733333364383664633833313739373066336334
31336639653835666531366136616230313336323331376533653266396664393965343264663665
37363563616363653062383665323164363138636330656439356531653762343535326433303833
61346439333038613062303363353936326532353737376235643434353838343735316461393831
33373630323538643737316136313732313938393739373437666263363938353032353537323666
63636261343063616366333131376639393666303137333836306264393162663265373731663561
66393933643637656665326264353336366237343330626630383538313231313231396538373033
63363834343434663064303231666331646362613535333964646636303333343033336563366135
66653361613338623038393535393932343366636366633036383530383433323363663630343163
36363864313562623233386139313861386533336432386332303630396364653536643363346361
62613463623034353830333965363138303337373931313030306663383963366264653232326363
64393065393261636634613666653939313165356665343830613232623230653263653966313335
36633936373238356334623761393763626532613265633233333137643136383938633937653033
62326635386432346363336131643935376139643862393637323636376164633966356563353933
39333464366664316639383766656666666330306366363964316462643433623136326130336638
32383531616239356238663231383435643739666139313639323733636464663166613862653365
30383734366139363135353563316530353138613166633264666232333435623930376333666464
38323639343433663231356633613564363239656637643231366439343264633833636466663038
35626539393633666636646265643833356462643461323333616136363236626161666137663765
63373566663336646333373137333838323330613133386436653834613032313166626136333034
65653436366630376262393934613030333166643739613436633038333030666363383837333737
38663139313833653237656530303564373736656333636364306261653265366661643765643061
30333135383631636234393136303839393563363134346636336234376132343764346463313033
36353933326333616435373337353530336330613337613063613963363134633266316230376366
32303539386166376336333439336365373630323965336634383336663264663766373431356239
65313965343363646532333230663165323632393831363137396635653262313231323765633238
39663233343961323739373130373934633332623562613437303064666133336432313666633931
62623933663335633066663435393637623134376662306639326236343939373664343233323133
62323939373336366162613132366330336331623632636432366632323833396566623730336264
38633861366639326536383261643765613931626536356239333532386463383136643137643333
39303136663138383663303930623066343634396234316239643735616436633065326431373130
35303831353465633037313330666634333536313038623038356132613266313031373735643734
33356634656538346266616135353938393365656365313163393535353430313763363336333539
30626430316666613065636139336563323634653030303136303231383335346330386232613434
35656537656134653962643738336565306361366136326231636161303035663036373635333663
33376137373764663061393866663230623436303931353437363430346438356437343038373932
31643334613632343765653463353064323536636332653635646664313964386465366236313034
34393934333565623762623063666431363035326232653436393938303761346333623664653539
34336162373437663364393335373935333961326665323761613737373661306164636363366335
66626562636263303262623362646264303166346263616166363566613639633037373064613163
30303139613333396165616534626138623430306164646638386663383539633165623933326566
61383465363130303361356332616261613436653830616366633136333231333034363665623131
33626164343737663464306431393066336365666165373063343662383565373831636130613263
30653837363435636431623537313964386239393735316563383331303438333734393566343338
66383333366164633963343536656138643831646633633039666233346665353433323062326462
36616137323632366236633765356136666261613936643161363064343633636331316131353632
61626635306266646163313834313031396630313238356437616436633036373130656664636530
64633430646235346433343233613165623362376161333630656261386266353733383337373863
38376638616232643537323339636536643835376238343437313839393834613462386332613833
37303964346333353562396530323263343632613837643839333238636565333537633233613836
37346365393763313866343233396535306662316361666638306161383133383236326637643437
33663635373532633732303738383833336366643765373837633733313333373738396539653364
33313934653532383935333337383736643735643536353737313839343333623938303034346461
30303332666166313531636631303561396634323035613664356266313862363638323830623366
31336131396431386237656532303765333265373166323330363634656238333034373164613333
31353038626462373261643230343733373230303339333137366230343764613563373063343564
37333263356330373965623831306238346534626363383261373435323936366436313237353931
32616162646462393362356630346361623931366139633333356236376537653566383563313365
36643161313962313837313165343737376531626131353263646433626136656336303335316332
35646561636139336664373834346266643631666266323764306431656634346638663362626432
66656132366537343866353765353663353032653730653230363431343833643537363435616338
64646134323137393931333863336662636537646463656263653136383431663932343261333338
33353939616263363265636536373535366536656464623535303235633432663738623366376436
37666530383764363339396639613735363237666630616532363165383735383739323639386162
61396337616530653565303765356261616565386163303936383739316165356438336534353261
65643863366634373438663539366333633137303664333132373337306234323962336531346335
39643332656131383763393733623862353338306637306464323466303766663830346162353263
61636161333565653564333735653734663933613433336130376334663339323664616137633137
34376132376561383162623833343735663661383034313965626638346530396637623430663131
36653234653639366564363437656636636339366634656166396137306465663761646364336532
39626564643466393439346366623630313435363162633262346235373431326135333637353164
63396239323137343162363962383639643234316431313231336338663630383365366333303335
39613664663933646234363662656562396566393237346663626631356137386665386237333665
63616463373733626532383065383139393439383263396431376137666666313933363833356162
38303764383964393935613335363330306639383136616535306466303436633464336531656563
66666566633365666331346230346431666264306464323033626538323837336338333864343938
64623232306238336164356235316461363738353533613833376234306465633635303039653339
32303961353039373836343461396531366432333136623230393333386363366439633730643537
35333333633830373537303937653536383833353035326236653238636263373338356535303332
63623064633065316332396661363166643736653033656638636466333961623866306434316562
33633233353862633839356332623130653734343764623139393533623761373865626166663034
64343161386264313133353066373562343839656563656136333361643938353665656662373534
33643431356133333430363562383436623537353734663232306435636433653434313339643662
37656162613539613132373161623631363263303332616634373763353633653938343361303964
34316564666632633235376334333231353565313364343164623939393035623033333661653533
38393737353131656531386634336638353061376239623138343634643562656432306537633037
39373266663364366537343739393761343735663031653136326161336437363766636464396133
36613639646136373862396634383634333366316333363363313263626339613233626461303365
62613733326137343939626632373938343532663837356536366531373461656634383365613534
61373066616335366337373939656437633765386233343133323437663436313734626536643165
34623135356464633733346134656362366137653233663064623334386333306432356332326539
61366235623366326666333038633330616638616434376135373563373833346632613034306166
66366462353031356238376466363136306435636530666630633564383063373733393266643237
34316461653461343636353834636231616462626433346437663665353933646237366233396235
32313135386530666137313733313262366562393630323262653135326536623366383535373638
30396364633563356262616333656234653264396131366666633934323032373939303863373430
33323936363565666239366465636337323564376563306565326463656563653562613130393237
61633431376136633939323530343830373935363164623162666331386236386466636632656230
39393638363466356364323531313233353932366639373666643062663736363735396136363631
37346438646537393862663564646233643865396437653362356666663330623061623339663034
64376566623961393532376263363535333738653036383739646233303035336362343039393964
33623865323962336136326236373664613338376231613430343065336630613161333965646431
62353632393333363362376132316432313331643432353266666431663830313938363463306238
63643435646266393661633032373939333464343733666664363061656339396365663435633738
39383330346537326232633537373765393864613230623665643834393530656435636338653062
63393266353939613365366439636261653535353930336334653837643335306636623538396361
35376330653765366263336561626663643031366332303061666330653837373139646138366364
39633431663061623335376332336336633938643438623531626337323636353534386465386136
63656337366332366133616134613137396664626630656365343137313835336339333231646639
37393165346233646232373230383665363132616462616435646463396238353362353832623236
66656264656637393165613061356538666235303465623762666162643138346663613534353865
31386463326235346230343961393863336331303635343533623935613937393862313064333961
66376361333132663863373536376265333937643033363735626437386237626361616334633566
66396235376638306239653330656665306263663262323136376464393739633736656433613063
62393265396166336462623837323533326139373564346462666262643866303664643861396563
66396536313238316561626137373130653262396166313232666164306166656438656638313933
66393038633365373865383033303833363534383633313438616364613935353037633161316534
64613865366563653633343138633334313739626134386334653739313065616262393235643932
36613165363439396639383336373935646161633732336232633264376661366366633266643866
33633233623433313766613834363564373361633731396538663230333035353239386435303837
62653964376234613134316430326464353962343938363166336331343661366261306234373334
61656136376634353666646662303832366334353931363531306566646666363532643634393164
37333032323432396630333134326261363032646262383365653138313335313664363833383566
66626233316231353235613734613262316430333737633930316538633836383334326566646436
61346530366334376562646337666161666564353365323936643335356439343834333939626232
66616662666666306565623535623332626265386133373065336132663638383937636664393562
36363339623034643732326464373362333233383361666432393430633730306461303231346533
34333238663436613334653039616462313436343837353431623735633637616633333162383764
65366438626538393239393633633666343835383062363839393937333938333438313630623835
37303337616637363863613766663233613938396333313432633636356266336537316463633061
36653530346638653339396232313462316539643136346266356137343532376430623663376666
33303335376435626131323137313435616633636230323662616434376234613439316461653362
39373866363266653235356334376230636239396433323163393261626461366564333434353761
62356438336561336639343534306363303133623965663663356432356261313664633837343566
61643363656239343733306636396134366165313962343531663036663731376661366461613965
65393931613463306166383331326531366230326631663465623066333366313162353438343638
62323934613630346239613732393566633064646564393864666462343839616133653837353266
37323133653862636533646334306230656336326532333663613335373632323664
